4.915435576054775213e-01
4.631791409613964829e-03
4.147692747421643372e-03
1.600885530870402418e+00
4.976940994782981666e-05
9.999898280000001360e-01
9.314131817915699552e-01
2.169999057472735485e-02
4.227422574361417579e-02
5.016842549144383545e-01
0.000000000000000000e+00
5.409662000000000282e-06
1.357939250200315140e+00
1.469543839352001058e-01
8.906494749870223770e-02
4.131518085670040641e-01
0.000000000000000000e+00
2.992640468599999649e-09
6.783102552733182300e-01
0.000000000000000000e+00
2.104894363363734829e-04
1.944969893985090792e+00
0.000000000000000000e+00
3.644940000000001512e-01
1.493154977456799148e+00
0.000000000000000000e+00
6.542354487760384391e-04
5.772480582437905516e-01
0.000000000000000000e+00
1.869199999999999195e-01
3.169724967607971067e+00
0.000000000000000000e+00
1.805961763933125117e-02
4.508260550354434293e-01
0.000000000000000000e+00
4.486080000000003398e-01
