2.792438849997189720e-01
2.171893353725841413e-02
6.611732804017805831e-02
1.315906803275085054e-03
2.590723775728444116e-04
9.338446638101145276e-06
8.309081183064844419e-06
0.000000000000000000e+00
0.000000000000000000e+00
0.000000000000000000e+00
0.000000000000000000e+00
0.000000000000000000e+00
1.412009999999999932e-01
6.616286559999990935e-01
1.185335570000000879e-02
2.333682460000001315e-03
8.409380000000007906e-05
7.517132219999994559e-05
0.000000000000000000e+00
0.000000000000000000e+00
0.000000000000000000e+00
0.000000000000000000e+00
0.000000000000000000e+00
0.000000000000000000e+00
9.340031215678847865e-01
2.347641470743876413e-01
4.547387680793135017e-02
1.638602096822187057e-03
1.440457182958171205e-03
2.253762169495556427e-05
3.019743457171026600e-06
7.720962072572844483e-07
0.000000000000000000e+00
0.000000000000000000e+00
0.000000000000000000e+00
0.000000000000000000e+00
8.280721134560237173e-01
5.896279846572719530e-01
2.089308017589049452e-02
1.836515102296775587e-02
2.816743018611502121e-04
3.830879777012771568e-05
1.939466975244309857e-05
0.000000000000000000e+00
0.000000000000000000e+00
0.000000000000000000e+00
0.000000000000000000e+00
0.000000000000000000e+00
1.015970745906405126e+00
2.428399921388706140e-01
2.079651695953996515e-01
3.189645277185756186e-03
4.338016477387541701e-04
2.188378959401159529e-04
3.134327464038312036e-06
0.000000000000000000e+00
0.000000000000000000e+00
0.000000000000000000e+00
0.000000000000000000e+00
0.000000000000000000e+00
5.159659178769698817e-01
9.388140365383498276e-01
1.404418401508205315e-02
1.910044228716936947e-03
9.596908673191594397e-04
1.843846820704628963e-05
0.000000000000000000e+00
0.000000000000000000e+00
0.000000000000000000e+00
0.000000000000000000e+00
0.000000000000000000e+00
0.000000000000000000e+00
1.245539223320586641e+00
2.648256317765192436e-01
2.091901755390850048e-02
5.813254282183702958e-03
3.444745763205900150e-05
0.000000000000000000e+00
0.000000000000000000e+00
0.000000000000000000e+00
0.000000000000000000e+00
0.000000000000000000e+00
0.000000000000000000e+00
2.427980009827129283e-03
1.829895542986515800e+00
5.066053754530599473e-01
7.992357111598491493e-02
2.025272472170916948e-04
0.000000000000000000e+00
0.000000000000000000e+00
0.000000000000000000e+00
0.000000000000000000e+00
0.000000000000000000e+00
0.000000000000000000e+00
1.146421413749155800e-05
4.773993960927337965e-01
2.421809350927543125e+00
4.215383203937335677e-01
2.791525339705494308e-04
1.000000000000000533e+01
0.000000000000000000e+00
0.000000000000000000e+00
0.000000000000000000e+00
0.000000000000000000e+00
0.000000000000000000e+00
8.109465947953502723e-06
2.068543748359870094e-01
1.246295392047159778e+00
3.172552083073663098e+00
7.563921774546568735e-03
1.000000000000001066e+01
0.000000000000000000e+00
0.000000000000000000e+00
0.000000000000000000e+00
0.000000000000000000e+00
0.000000000000000000e+00
3.708185879700001203e-05
9.186264524300025158e-01
1.415964199999999895e+00
1.375453789999998122e+01
7.940271000000005408e-01
2.768592989793611792e-01
2.194313608389377585e-02
6.757095937386957407e-02
1.345100876065934105e-03
2.648214422732245448e-04
9.545764636863829806e-06
8.493261032745069402e-06
0.000000000000000000e+00
0.000000000000000000e+00
0.000000000000000000e+00
0.000000000000000000e+00
0.000000000000000000e+00
1.374014000000000069e-01
6.730103939999997342e-01
1.217644120000000926e-02
2.397291609999999910e-03
8.638593999999997814e-05
7.722026390000016926e-05
0.000000000000000000e+00
0.000000000000000000e+00
0.000000000000000000e+00
0.000000000000000000e+00
0.000000000000000000e+00
0.000000000000000000e+00
9.430366503004624645e-01
2.396424854768166024e-01
4.651445436938590750e-02
1.676102113115101764e-03
1.473423957213016279e-03
2.305544106435835448e-05
3.086627956410298520e-06
7.880031185340629520e-07
0.000000000000000000e+00
0.000000000000000000e+00
0.000000000000000000e+00
0.000000000000000000e+00
8.325554142373401412e-01
6.038239853635142262e-01
2.144314117972259334e-02
1.884865803423986172e-02
2.890900713502521347e-04
3.931737126889446279e-05
1.990506142448656712e-05
0.000000000000000000e+00
0.000000000000000000e+00
0.000000000000000000e+00
0.000000000000000000e+00
0.000000000000000000e+00
1.024366195559743842e+00
2.477725205791652119e-01
2.129459160635262249e-01
3.266037121414322453e-03
4.441911775672790531e-04
2.240844317509799297e-04
3.203249355326247958e-06
0.000000000000000000e+00
0.000000000000000000e+00
0.000000000000000000e+00
0.000000000000000000e+00
0.000000000000000000e+00
5.129453403815851242e-01
9.607664708177843238e-01
1.442188619855381757e-02
1.961412782651394699e-03
9.855006765331140832e-04
1.893425206931179602e-05
0.000000000000000000e+00
0.000000000000000000e+00
0.000000000000000000e+00
0.000000000000000000e+00
0.000000000000000000e+00
0.000000000000000000e+00
1.263345445390732236e+00
2.648876696721563229e-01
2.106777444528916410e-02
5.879443401706677293e-03
3.543504484773793184e-05
0.000000000000000000e+00
0.000000000000000000e+00
0.000000000000000000e+00
0.000000000000000000e+00
0.000000000000000000e+00
0.000000000000000000e+00
2.606195237631938385e-03
1.862711919011210249e+00
5.110216102563308604e-01
8.136305032641633073e-02
2.062382403669045213e-04
0.000000000000000000e+00
0.000000000000000000e+00
0.000000000000000000e+00
0.000000000000000000e+00
0.000000000000000000e+00
0.000000000000000000e+00
1.178727864799075320e-05
4.884722061362643530e-01
2.471341877574563473e+00
4.296417110908727355e-01
2.859589854719836953e-04
9.999999999999996447e+00
0.000000000000000000e+00
0.000000000000000000e+00
0.000000000000000000e+00
0.000000000000000000e+00
0.000000000000000000e+00
8.330129577951860171e-06
2.123447095088153991e-01
1.274300291425033649e+00
3.242580198104832334e+00
7.726604116534915162e-03
1.000000000000000000e+01
0.000000000000000000e+00
0.000000000000000000e+00
0.000000000000000000e+00
0.000000000000000000e+00
0.000000000000000000e+00
3.809458739900002373e-05
9.436993903399996109e-01
1.451212900000000028e+00
1.407178570000001017e+01
8.107917999999995073e-01
