3.693850870995442071e-01
1.015319061596478122e-03
7.094026256125597315e-04
2.485836847548700046e+00
6.765734316741052232e-07
9.716110000000000024e-01
8.175000000000005596e-01
7.602000000000002635e-04
3.069999999999999812e-04
9.217999999999999527e-01
0.000000000000000000e+00
8.703999999999999931e-03
1.217866772544905496e+00
9.246635075804084157e-04
4.876261117688204458e-04
6.846503486980825004e-01
0.000000000000000000e+00
1.960895999999999820e-02
1.458807008159911600e+00
2.281148801341041903e-03
1.588595548623710852e-03
5.779620361622240798e-01
0.000000000000000000e+00
6.765299999999999753e-05
1.479759438095970880e+00
1.317027232972332700e-02
9.025990980258857821e-03
5.657378466426815633e-01
0.000000000000000000e+00
5.200220000000000332e-06
1.481294476096511437e+00
1.285081108905125440e-02
9.430750924963704485e-03
5.658004164863912333e-01
0.000000000000000000e+00
5.769000000000000241e-08
1.594268994449735244e+00
7.119571573713960599e-02
5.721184476832516519e-02
5.314963596680483127e-01
0.000000000000000000e+00
2.764079800000000094e-08
2.597506420697849538e+00
3.105889456601172993e-01
1.786169312291271960e-01
4.095478278389032001e-01
0.000000000000000000e+00
6.303300000000001384e-11
3.503578836558215670e+00
3.342460346957508155e-01
1.824236743172768516e-01
3.588909414230273542e-01
0.000000000000000000e+00
3.834700000000000210e-12
4.956449536766595720e+00
6.049416468420258930e-01
3.232740047466252098e-01
2.497621429801018811e-01
0.000000000000000000e+00
8.419410000000000169e-13
1.905000000000000426e+01
4.113000000000003986e+00
2.169000000000000927e+00
4.513000000000001039e-02
0.000000000000000000e+00
3.574999999999999913e-16
3.682782045736054388e-01
0.000000000000000000e+00
2.733763733836050468e-04
2.556986086845512318e+00
0.000000000000000000e+00
1.495359999999999467e-01
8.251999999999999336e-01
0.000000000000000000e+00
6.318999999999999978e-06
9.332000000000000295e-01
0.000000000000000000e+00
9.346000000000000141e-03
1.232505973756729434e+00
0.000000000000000000e+00
2.303222921026670545e-05
6.904354474593046298e-01
0.000000000000000000e+00
1.401899999999999535e-01
1.477082736880134473e+00
0.000000000000000000e+00
9.625346905597570251e-05
5.830631641510420904e-01
0.000000000000000000e+00
6.542200000000000792e-02
1.489253342817227876e+00
0.000000000000000000e+00
3.118766888071271065e-04
5.788342292714625525e-01
0.000000000000000000e+00
1.028059999999999807e-01
1.491994484269597798e+00
0.000000000000000000e+00
6.999808746372494566e-04
5.777350556377686130e-01
0.000000000000000000e+00
2.803800000000000042e-02
1.557859445787248776e+00
0.000000000000000000e+00
2.712301780704986631e-03
5.712016671309066984e-01
0.000000000000000000e+00
2.336499999999998856e-01
2.469606660780101492e+00
0.000000000000000000e+00
1.159581314793675828e-02
5.097581489903850738e-01
0.000000000000000000e+00
1.588819999999999399e-01
3.409202628356797771e+00
0.000000000000000000e+00
1.925462030487326906e-02
4.342198413800999468e-01
0.000000000000000000e+00
4.673000000000000070e-02
4.772922001442195139e+00
0.000000000000000000e+00
3.593108237854868853e-02
3.109946080264218149e-01
0.000000000000000000e+00
5.607600000000000084e-02
1.750999999999998735e+01
0.000000000000000000e+00
2.348999999999998589e-01
6.061000000000000415e-02
0.000000000000000000e+00
9.346000000000000141e-03
