11
5
1.000000e+07
1.831560e+05
1.426420e+05
3.354630e+03
5.829470e+02
3.726650e+01
1.760350e+01
3.196100e-01
5.452000e-02
1.846700e-02
3.523800e-04
1.000000e-05
1.010563e-03
7.601713e-04
9.233229e-04
2.280133e-03
1.312499e-02
1.281837e-02
6.536598e-02
3.310660e-01
3.331057e-01
6.010664e-01
4.113005e+00
6.827632e-04
3.070423e-04
4.863091e-04
1.587592e-03
8.990500e-03
9.407944e-03
5.264982e-02
1.911253e-01
1.818675e-01
3.212684e-01
2.168673e+00
9.716131e-01
8.704229e-03
1.960959e-02
6.764602e-05
5.200617e-06
5.769587e-08
2.764067e-08
6.303642e-11
3.834283e-12
8.419747e-13
3.575112e-16
5.964158e-07
0.000000e+00
0.000000e+00
0.000000e+00
0.000000e+00
0.000000e+00
0.000000e+00
0.000000e+00
0.000000e+00
0.000000e+00
0.000000e+00
3.746174e-01
8.174830e-01
1.216486e+00
1.458864e+00
1.479600e+00
1.481118e+00
1.586665e+00
2.577089e+00
3.494344e+00
4.941924e+00
1.905187e+01
3.716116e-01
8.182253e-01
1.217196e+00
1.458914e+00
1.479222e+00
1.480571e+00
1.586260e+00
2.577089e+00
3.494344e+00
4.941924e+00
1.905187e+01
2.435689e+00
9.217533e-01
6.853111e-01
5.779614e-01
5.657718e-01
5.658083e-01
5.340346e-01
4.065414e-01
3.595822e-01
2.506576e-01
4.513000e-02
0.000000e+00
0.000000e+00
0.000000e+00
0.000000e+00
0.000000e+00
0.000000e+00
0.000000e+00
0.000000e+00
0.000000e+00
0.000000e+00
0.000000e+00
0.000000e+00
0.000000e+00
0.000000e+00
0.000000e+00
0.000000e+00
0.000000e+00
0.000000e+00
0.000000e+00
0.000000e+00
0.000000e+00
0.000000e+00
0
6
2.824688e-01
2.220456e-02
6.763274e-02
1.346079e-03
2.650128e-04
9.552103e-06
8.500520e-06
1
6
1.412010e-01
6.616287e-01
1.185336e-02
2.333682e-03
8.409380e-05
7.517132e-05
2
9
9.348459e-01
2.329470e-01
4.512555e-02
1.626051e-03
1.429426e-03
2.236828e-05
2.992741e-06
7.632699e-07
3
9
8.290216e-01
5.887170e-01
2.086188e-02
1.833773e-02
2.812537e-04
3.825160e-05
1.936538e-05
4
10
1.018257e+00
2.415950e-01
2.069312e-01
3.173786e-03
4.316448e-04
2.177578e-04
3.109658e-06
5
10
5.166420e-01
9.381460e-01
1.403541e-02
1.908850e-03
9.590910e-04
1.842680e-05
6
10
1.253703e+00
2.543583e-01
2.025228e-02
5.667201e-03
3.451738e-05
6
10
3.314023e-03
1.831121e+00
4.747766e-01
7.655819e-02
1.937469e-04
6
10
1.153463e-05
4.837030e-01
2.415705e+00
4.127786e-01
2.778170e-04
6
10
8.091390e-06
2.064619e-01
1.254502e+00
3.152376e+00
7.307777e-03
6
10
3.708186e-05
9.186265e-01
1.415964e+00
1.375454e+01
7.940271e-01
0
6
4.555646e-01
3.626604e-02
8.558102e-02
3.147962e-04
3.708223e-05
1.841567e-06
3.311244e-06
1
6
2.861928e-01
1.079214e+00
3.993708e-03
3.730045e-04
1.145518e-05
1.874252e-05
2
9
1.794269e+00
3.462434e-01
2.718903e-02
3.372906e-04
2.185259e-04
8.095843e-06
2.097437e-06
7.905537e-07
3
9
1.728773e+00
9.022187e-01
1.026394e-02
5.167573e-03
4.099620e-05
9.472760e-06
1.106256e-05
4
10
2.051231e+00
4.153958e-01
2.027036e-01
5.568745e-04
5.656414e-05
4.243874e-05
2.771663e-06
5
10
1.103592e+00
1.566219e+00
3.831398e-03
2.841051e-04
1.309382e-04
1.080710e-05
6
10
2.333492e+00
1.679730e-01
-1.203627e-03
-2.792364e-04
7.339900e-06
6
10
5.431568e-03
2.143156e+00
3.220919e-02
-2.047619e-02
-8.736409e-06
6
10
-2.388929e-06
5.798950e-02
1.894033e+00
-7.485491e-02
-5.976563e-05
6
10
-1.724947e-06
-5.909851e-02
-1.967410e-01
1.548653e+00
-3.657512e-05
6
10
-1.357879e-06
-4.237000e-02
-3.182799e-01
7.903440e-02
5.805022e-01
0
6
4.521567e-01
2.100214e-02
-6.095817e-02
-3.298331e-03
-6.581141e-04
-2.354579e-05
-1.953138e-05
1
6
3.436999e-01
5.512815e-01
-2.846509e-02
-5.783307e-03
-2.089233e-04
-1.818336e-04
2
9
1.512357e+00
-5.826906e-02
-9.660044e-02
-4.003139e-03
-3.544281e-03
-5.221173e-05
-5.894411e-06
-1.103880e-06
3
9
1.831882e+00
-9.262848e-02
-4.771330e-02
-4.448548e-02
-6.979600e-04
-9.352615e-05
-4.109052e-05
4
10
1.890363e+00
9.881578e-02
-3.189458e-01
-7.848538e-03
-1.072866e-03
-5.343455e-04
-5.285757e-06
5
10
1.422358e+00
2.822756e-01
-3.417621e-02
-4.736544e-03
-2.382101e-03
-3.953101e-05
6
10
1.554482e+00
-4.746864e-01
-5.018041e-02
-1.407830e-02
-8.361071e-05
6
10
1.703331e-03
-1.456021e+00
-1.035521e+00
-1.853339e-01
-4.839810e-04
6
10
-2.840775e-05
-1.030222e+00
-3.830614e+00
-8.786608e-01
-6.698049e-04
6
10
-1.991143e-05
-4.973431e-01
-2.673095e+00
-6.300452e+00
-1.725119e-02
6
10
-9.266019e-05
-2.294618e+00
-3.405003e+00
-3.248461e+01
-1.542314e+00
0
6
1.864692e-01
-1.243884e-02
-1.563983e-01
-1.087541e-03
-1.292845e-04
-6.376818e-06
-1.023185e-05
1
6
4.291868e-01
-4.136978e-01
-1.364770e-02
-1.298858e-03
-3.996570e-05
-6.169222e-05
2
9
5.283917e-01
-4.410872e-01
-8.502696e-02
-1.169321e-03
-7.607066e-04
-2.503403e-05
-5.772895e-06
-1.858028e-06
3
9
1.174782e+00
-1.122759e+00
-3.404532e-02
-1.772194e-02
-1.430450e-04
-3.275380e-05
-3.220807e-05
4
10
8.604064e-01
-3.526034e-01
-5.054900e-01
-1.936011e-03
-1.973146e-04
-1.441173e-04
-7.202400e-06
5
10
1.385560e+00
-1.370851e+00
-1.319878e-02
-9.901687e-04
-4.563968e-04
-3.331199e-05
6
10
-8.881725e-02
-4.458003e-01
4.174307e-03
9.687979e-04
-2.456376e-05
6
10
-4.577613e-03
-3.571388e+00
-7.272971e-02
6.856013e-02
3.052095e-05
6
10
8.286828e-06
-1.446584e-01
-4.641220e+00
2.195180e-01
1.972533e-04
6
10
5.981680e-06
1.966664e-01
5.748126e-01
-4.389443e+00
1.742157e-04
6
10
4.751178e-06
1.480068e-01
1.049170e+00
-1.546000e-01
-1.725108e+00
0
6
-8.195550e-03
-2.812590e-02
-6.036229e-02
4.245342e-03
8.745982e-04
3.075709e-05
2.246951e-05
1
6
4.663018e-01
-7.685761e-01
3.484055e-02
7.647963e-03
2.779641e-04
2.299750e-04
2
9
-1.900674e-01
-3.126874e-01
8.595098e-02
5.211062e-03
4.693330e-03
6.194753e-05
4.691999e-06
5.986619e-08
3
9
2.879314e-01
-8.927196e-01
5.121883e-02
5.587609e-02
9.260383e-04
1.197732e-04
3.949593e-05
4
10
-8.736221e-02
-4.507878e-01
2.467341e-02
1.032674e-02
1.428811e-03
6.932827e-04
2.058410e-06
5
10
1.025802e+00
-1.580386e+00
4.331302e-02
6.282745e-03
3.166837e-03
3.625527e-05
6
10
-1.009038e+00
3.301935e-01
6.634170e-02
1.872550e-02
1.049686e-04
6
10
-8.017912e-03
-1.573898e+00
1.124928e+00
2.346089e-01
6.522462e-04
6
10
3.701297e-05
1.066079e+00
9.785229e-01
8.517389e-01
8.580509e-04
6
10
2.589132e-05
6.237722e-01
2.600047e+00
5.125758e+00
2.190682e-02
6
10
1.249522e-04
3.092194e+00
4.345838e+00
4.128405e+01
1.086484e+00
0
6
-6.336805e-02
-1.987139e-02
8.342407e-02
2.086532e-03
2.521706e-04
1.229316e-05
1.715421e-05
1
6
4.554105e-01
-4.827244e-01
2.566643e-02
2.527947e-03
7.801770e-05
1.130585e-04
2
9
-2.333733e-01
9.449514e-02
1.356452e-01
2.257693e-03
1.480115e-03
4.333117e-05
8.263824e-06
1.935317e-06
3
9
-2.677049e-01
1.731505e-01
6.057400e-02
3.355089e-02
2.786870e-04
6.274281e-05
4.926359e-05
4
10
-3.469187e-01
-1.725077e-01
5.149283e-01
3.756990e-03
3.853023e-04
2.712901e-04
8.616178e-06
5
10
5.091410e-01
-5.372780e-01
2.519117e-02
1.930181e-03
8.898509e-04
5.231314e-05
6
10
-7.165447e-01
5.358833e-01
-8.065810e-03
-1.873187e-03
4.455400e-05
6
10
-5.570277e-03
1.089271e+00
-4.337708e-02
-1.295309e-01
-5.990272e-05
6
10
-1.601786e-05
4.720019e-02
4.501099e+00
-3.720275e-01
-3.737112e-04
6
10
-1.155466e-05
-3.696712e-01
-9.853823e-01
6.061721e+00
-5.122092e-04
6
10
-9.327715e-06
-2.905002e-01
-1.986256e+00
-6.917600e-02
2.680569e+00
0