11
5
1.000000e+07
1.831560e+05
1.426420e+05
3.354630e+03
5.829470e+02
3.726650e+01
1.760350e+01
3.196100e-01
5.452000e-02
1.846700e-02
3.523800e-04
1.000000e-05
0.000000e+00
0.000000e+00
0.000000e+00
0.000000e+00
0.000000e+00
0.000000e+00
0.000000e+00
0.000000e+00
0.000000e+00
0.000000e+00
0.000000e+00
3.550004e-04
6.319481e-06
2.335312e-05
9.646287e-05
3.140749e-04
7.005218e-04
2.820256e-03
1.198398e-02
1.930630e-02
3.603585e-02
2.348992e-01
1.495327e-01
9.345794e-03
1.401869e-01
6.542056e-02
1.028037e-01
2.803738e-02
2.336448e-01
1.588785e-01
4.672897e-02
5.607476e-02
9.345794e-03
0.000000e+00
0.000000e+00
0.000000e+00
0.000000e+00
0.000000e+00
0.000000e+00
0.000000e+00
0.000000e+00
0.000000e+00
0.000000e+00
0.000000e+00
3.512836e-01
8.251555e-01
1.236498e+00
1.477174e+00
1.489358e+00
1.491804e+00
1.564900e+00
2.514900e+00
3.415173e+00
4.778741e+00
1.751243e+01
3.487732e-01
8.258861e-01
1.237223e+00
1.477230e+00
1.489366e+00
1.491815e+00
1.564904e+00
2.514900e+00
3.415173e+00
4.778741e+00
1.751243e+01
2.732746e+00
9.332368e-01
6.884399e-01
5.830446e-01
5.788246e-01
5.777444e-01
5.707524e-01
5.062876e-01
4.337039e-01
3.105021e-01
6.060972e-02
0.000000e+00
0.000000e+00
0.000000e+00
0.000000e+00
0.000000e+00
0.000000e+00
0.000000e+00
0.000000e+00
0.000000e+00
0.000000e+00
0.000000e+00
0.000000e+00
0.000000e+00
0.000000e+00
0.000000e+00
0.000000e+00
0.000000e+00
0.000000e+00
0.000000e+00
0.000000e+00
0.000000e+00
0.000000e+00
0
6
2.664511e-01
2.036418e-02
6.260505e-02
1.246222e-03
2.453540e-04
8.845834e-06
7.865693e-06
1
6
1.374014e-01
6.730104e-01
1.217644e-02
2.397292e-03
8.638594e-05
7.722026e-05
2
9
9.404277e-01
2.452124e-01
4.758560e-02
1.714700e-03
1.507347e-03
2.357619e-05
3.169642e-06
8.151593e-07
3
9
8.297912e-01
6.064728e-01
2.153440e-02
1.892888e-02
2.903204e-04
3.948471e-05
1.999076e-05
4
10
1.018213e+00
2.511067e-01
2.157350e-01
3.308815e-03
4.500091e-04
2.269980e-04
3.269676e-06
5
10
5.112928e-01
9.623966e-01
1.444374e-02
1.964385e-03
9.869942e-04
1.896330e-05
6
10
1.244655e+00
2.885868e-01
2.259041e-02
6.212629e-03
3.525078e-05
6
10
1.293673e-03
1.862232e+00
5.532314e-01
8.594129e-02
2.181669e-04
6
10
1.173639e-05
4.839285e-01
2.475866e+00
4.357732e-01
2.868663e-04
6
10
8.338162e-06
2.125184e-01
1.270454e+00
3.251885e+00
7.840125e-03
6
10
3.809459e-05
9.436994e-01
1.451213e+00
1.407179e+01
8.107918e-01
0
6
4.427556e-01
3.365479e-02
7.900434e-02
2.909987e-04
3.445199e-05
1.726239e-06
3.092451e-06
1
6
2.865673e-01
1.115035e+00
4.102565e-03
3.831714e-04
1.176741e-05
1.925338e-05
2
9
1.837909e+00
3.675559e-01
2.882526e-02
3.570437e-04
2.305362e-04
8.443280e-06
2.213644e-06
8.440644e-07
3
9
1.766246e+00
9.342621e-01
1.061498e-02
5.343251e-03
4.227086e-05
9.759180e-06
1.139746e-05
4
10
2.091356e+00
4.360127e-01
2.124000e-01
5.823412e-04
5.891832e-05
4.400156e-05
2.909834e-06
5
10
1.124258e+00
1.615934e+00
3.945829e-03
2.925057e-04
1.347261e-04
1.111297e-05
6
10
2.356896e+00
1.992572e-01
-1.648588e-03
-3.889479e-04
7.024245e-06
6
10
2.073531e-03
2.171511e+00
5.180626e-02
-2.377138e-02
-1.000379e-05
6
10
-2.446314e-06
5.256053e-02
1.941222e+00
-7.341604e-02
-6.308370e-05
6
10
-1.767854e-06
-6.023538e-02
-2.078381e-01
1.586647e+00
2.314658e-05
6
10
-1.394963e-06
-4.351544e-02
-3.252901e-01
8.092260e-02
5.942552e-01
0
6
4.291108e-01
1.932741e-02
-5.662245e-02
-3.053732e-03
-6.092581e-04
-2.179058e-05
-1.803394e-05
1
6
3.526798e-01
5.665383e-01
-2.924096e-02
-5.940942e-03
-2.146179e-04
-1.867899e-04
2
9
1.558862e+00
-5.660881e-02
-1.017182e-01
-4.220933e-03
-3.737493e-03
-5.512384e-05
-6.254848e-06
-1.179409e-06
3
9
1.877672e+00
-9.047738e-02
-4.923539e-02
-4.591498e-02
-7.204732e-04
-9.655010e-05
-4.244466e-05
4
10
1.937310e+00
1.093468e-01
-3.307186e-01
-8.181924e-03
-1.118524e-03
-5.571706e-04
-5.565414e-06
5
10
1.456002e+00
2.951782e-01
-3.516910e-02
-4.874311e-03
-2.451412e-03
-4.069238e-05
6
10
1.581238e+00
-5.222460e-01
-5.594841e-02
-1.542423e-02
-8.553993e-05
6
10
4.878464e-04
-1.605686e+00
-1.196375e+00
-2.076471e-01
-5.449723e-04
6
10
-2.889949e-05
-1.039403e+00
-3.966747e+00
-9.322301e-01
-6.921793e-04
6
10
-2.052173e-05
-5.126059e-01
-2.717839e+00
-6.543833e+00
-1.858402e-02
6
10
-9.519080e-05
-2.357287e+00
-3.497928e+00
-3.337014e+01
-1.585946e+00
0
6
1.715667e-01
-1.109309e-02
-1.439255e-01
-1.005304e-03
-1.201084e-04
-5.969954e-06
-9.524998e-06
1
6
4.409813e-01
-4.250837e-01
-1.401969e-02
-1.334261e-03
-4.105504e-05
-6.337377e-05
2
9
5.557971e-01
-4.633088e-01
-9.008598e-02
-1.237738e-03
-8.025399e-04
-2.619560e-05
-6.101880e-06
-1.984167e-06
3
9
1.208792e+00
-1.155001e+00
-3.520415e-02
-1.832335e-02
-1.474900e-04
-3.374586e-05
-3.320049e-05
4
10
8.931701e-01
-3.623804e-01
-5.283736e-01
-2.024476e-03
-2.055287e-04
-1.495126e-04
-7.568481e-06
5
10
1.420153e+00
-1.405006e+00
-1.359266e-02
-1.019442e-03
-4.696014e-04
-3.426156e-05
6
10
-8.496132e-02
-5.124706e-01
5.715945e-03
1.349410e-03
-2.350059e-05
6
10
-1.869639e-03
-3.828397e+00
-1.204336e-01
7.958594e-02
3.495208e-05
6
10
8.485385e-06
-1.252614e-01
-4.782336e+00
2.176606e-01
2.091230e-04
6
10
6.130852e-06
2.013173e-01
6.157672e-01
-4.516594e+00
-1.684034e-05
6
10
4.880937e-06
1.520504e-01
1.077978e+00
-1.595184e-01
-1.773734e+00
0
6
-1.388995e-02
-2.492024e-02
-5.454409e-02
3.930753e-03
8.095572e-04
2.842630e-05
2.067415e-05
1
6
4.789432e-01
-7.894354e-01
3.579020e-02
7.856423e-03
2.855405e-04
2.362434e-04
2
9
-1.848134e-01
-3.354522e-01
9.005243e-02
5.493157e-03
4.949174e-03
6.558414e-05
5.003752e-06
6.513871e-08
3
9
3.025306e-01
-9.243051e-01
5.280263e-02
5.765738e-02
9.559496e-04
1.236735e-04
4.085686e-05
4
10
-7.504507e-02
-4.732320e-01
2.058028e-02
1.076374e-02
1.489658e-03
7.232681e-04
2.183444e-06
5
10
1.053726e+00
-1.623545e+00
4.456695e-02
6.465378e-03
3.259003e-03
3.734710e-05
6
10
-1.041809e+00
3.362190e-01
7.388755e-02
2.048753e-02
1.078542e-04
6
10
-2.918522e-03
-1.663817e+00
1.265926e+00
2.615263e-01
7.344029e-04
6
10
3.763692e-05
1.084187e+00
1.050029e+00
9.063953e-01
8.849548e-04
6
10
2.669449e-05
6.434100e-01
2.641943e+00
5.356930e+00
2.360544e-02
6
10
1.283647e-04
3.176648e+00
4.465430e+00
4.242491e+01
1.115699e+00
0
6
-5.919646e-02
-1.760227e-02
7.661970e-02
1.928674e-03
2.342473e-04
1.148673e-05
1.589779e-05
1
6
4.679020e-01
-4.959360e-01
2.636601e-02
2.596851e-03
8.014422e-05
1.161401e-04
2
9
-2.390023e-01
9.204311e-02
1.435265e-01
2.389569e-03
1.561573e-03
4.548720e-05
8.755266e-06
2.067490e-06
3
9
-2.682544e-01
1.705097e-01
6.261670e-02
3.468573e-02
2.873553e-04
6.464965e-05
5.081909e-05
4
10
-3.485977e-01
-1.908153e-01
5.347146e-01
3.928407e-03
4.013481e-04
2.816594e-04
9.067112e-06
5
10
5.263041e-01
-5.552780e-01
2.594181e-02
1.987231e-03
9.156021e-04
5.382319e-05
6
10
-7.772241e-01
5.862877e-01
-1.103898e-02
-2.608983e-03
4.260186e-05
6
10
-1.906455e-03
1.318925e+00
-7.480284e-03
-1.499516e-01
-6.859756e-05
6
10
-1.639875e-05
1.815954e-02
4.666997e+00
-3.703635e-01
-3.957224e-04
6
10
-1.184417e-05
-3.786352e-01
-1.049657e+00
6.243695e+00
-1.741745e-04
6
10
-9.582462e-06
-2.984313e-01
-2.039986e+00
-7.139300e-02
2.752191e+00
0