3.072089133376701420e-01
4.009864950610883549e-02
5.061613949384293799e-03
2.286240552036663490e-03
6.236906117624486283e-04
3.263217099919877770e-05
1.394349316413658488e-08
0.000000000000000000e+00
0.000000000000000000e+00
5.305527619818116714e-01
1.648788539683972432e-01
7.085557187729937811e-02
1.933589458319544957e-02
1.008844505954920598e-03
1.533012209035162144e-06
2.629098694946741515e-06
0.000000000000000000e+00
0.000000000000000000e+00
4.694351591302484694e-01
3.126710005493878453e-01
8.105846042600882428e-02
4.229297552087496297e-03
5.671527815311977937e-06
1.205436164405008965e-05
0.000000000000000000e+00
0.000000000000000000e+00
0.000000000000000000e+00
5.657788115743033197e-01
3.177334904986868769e-01
1.604238932014347835e-02
2.151281483471187054e-05
4.601494204021841901e-05
0.000000000000000000e+00
0.000000000000000000e+00
0.000000000000000000e+00
0.000000000000000000e+00
6.916785132288859606e-01
1.998652531639898422e-01
2.614859674694788188e-04
5.605077649726258448e-04
0.000000000000000000e+00
0.000000000000000000e+00
0.000000000000000000e+00
0.000000000000000000e+00
0.000000000000000000e+00
8.011157970933725503e-01
5.335900546554844803e-02
7.021805738417724596e-02
0.000000000000000000e+00
0.000000000000000000e+00
0.000000000000000000e+00
0.000000000000000000e+00
0.000000000000000000e+00
1.434222459954966611e-01
5.337498609815610751e-01
5.117250543101962146e-01
0.000000000000000000e+00
0.000000000000000000e+00
0.000000000000000000e+00
0.000000000000000000e+00
0.000000000000000000e+00
3.474039243838225599e-02
1.118396860475127652e-01
1.490125281118524159e+00
3.411261999078689100e-01
7.289941980095208940e-02
9.496653619082662603e-03
4.293798640373311382e-03
1.171867630478961404e-03
6.131686451091440096e-05
2.657006559035030959e-08
0.000000000000000000e+00
0.000000000000000000e+00
7.152744119463870787e-01
3.487418475233809989e-01
1.540215140026263974e-01
4.203587390321416456e-02
2.193268617254195627e-03
3.321852982597198701e-06
5.728005989533550778e-06
0.000000000000000000e+00
0.000000000000000000e+00
5.900509150519849255e-01
6.553052777214761759e-01
1.746630040780378645e-01
9.113210839161747095e-03
1.222087870551265600e-05
2.597499172190998894e-05
0.000000000000000000e+00
0.000000000000000000e+00
0.000000000000000000e+00
7.645342084835144991e-01
6.739625350761638822e-01
3.462494994697370293e-02
4.643197046686546830e-05
9.931732602420758813e-05
0.000000000000000000e+00
0.000000000000000000e+00
0.000000000000000000e+00
0.000000000000000000e+00
1.051911305994690515e+00
4.361868000871383377e-01
5.779531420847883530e-04
1.238878028199370037e-03
0.000000000000000000e+00
0.000000000000000000e+00
0.000000000000000000e+00
0.000000000000000000e+00
0.000000000000000000e+00
1.330611100534669244e+00
1.173633835405751141e-01
1.589325768681400519e-01
0.000000000000000000e+00
0.000000000000000000e+00
0.000000000000000000e+00
0.000000000000000000e+00
0.000000000000000000e+00
8.653496783366186607e-02
9.294855277604283650e-01
1.119189044053416238e+00
0.000000000000000000e+00
0.000000000000000000e+00
0.000000000000000000e+00
0.000000000000000000e+00
0.000000000000000000e+00
2.757344201112213369e-03
3.589963835439367867e-02
3.263808196473827028e+00
