3.580444397661661782e-01
5.176332042752652615e-03
2.817049341581970030e-03
1.928403594656276532e+00
6.817740457374567450e-05
9.933290000000000175e-01
7.907681322519694023e-01
1.583002560174417289e-03
4.127465304163973822e-03
7.760340167098642716e-01
0.000000000000000000e+00
6.179699999999999777e-03
8.742922794126001262e-01
2.525042888064519403e-03
6.884793804884087494e-03
7.184911508422725523e-01
0.000000000000000000e+00
3.778899999999999751e-04
9.103041009137626816e-01
4.507236543239023611e-03
1.065999898922986855e-02
6.857472247633107365e-01
0.000000000000000000e+00
9.718899999999999393e-05
9.177542539175459479e-01
1.476939002966069954e-02
2.537527606661513224e-02
4.742106898028403128e-01
0.000000000000000000e+00
1.133436999999999902e-05
9.737512438391424663e-01
4.853189476618122167e-02
4.902913393692526905e-02
5.601855561506293713e-01
0.000000000000000000e+00
1.272501910000000092e-07
1.270635947446103309e+00
1.333738652724992257e-01
8.165537307756008667e-02
3.703591876981432995e-01
0.000000000000000000e+00
1.511000000000000004e-11
1.781313868489379670e+00
2.429551360046847408e-01
1.444431849490276643e-01
2.560434393050955437e-01
0.000000000000000000e+00
1.933946859999999817e-11
4.293015062764247158e-01
0.000000000000000000e+00
2.664762581042038909e-04
2.414003500215527342e+00
0.000000000000000000e+00
1.869199999999999195e-01
1.262123784432377605e+00
0.000000000000000000e+00
1.904419039312942315e-05
6.677806425259311673e-01
0.000000000000000000e+00
6.542200000000000792e-02
1.429106004703843302e+00
0.000000000000000000e+00
4.062327323736173275e-05
5.996024332580786043e-01
0.000000000000000000e+00
3.738400000000000056e-02
1.473497764713436187e+00
0.000000000000000000e+00
7.909270904197283436e-05
5.842507804836456486e-01
0.000000000000000000e+00
5.607600000000000084e-02
1.490173487894099091e+00
0.000000000000000000e+00
2.642126056905268108e-04
5.784809779182258360e-01
0.000000000000000000e+00
1.121519999999999739e-01
1.610036867104251757e+00
0.000000000000000000e+00
3.091382489468784238e-03
5.680036449452574576e-01
0.000000000000000000e+00
3.271100000000000674e-01
2.143927565449903927e+00
0.000000000000000000e+00
8.814617416144998954e-03
5.348223533516848205e-01
0.000000000000000000e+00
3.738400000000000056e-02
3.321939742305343835e+00
0.000000000000000000e+00
1.944748340299823700e-02
4.390843241585006274e-01
0.000000000000000000e+00
1.775739999999999263e-01
