3.109026715397887886e-01
6.004762295199278510e-03
3.020674794253496841e-03
2.121420755571632455e+00
8.214321563430472648e-05
9.578940000000000232e-01
7.765035502849967353e-01
2.935132481121320754e-03
6.501202520360837081e-03
7.891470117543457619e-01
0.000000000000000000e+00
4.209868499999998986e-02
9.350899900889994010e-01
2.144532686321791795e-02
3.488428893448782681e-02
4.402345216624279911e-01
0.000000000000000000e+00
2.514360000000000182e-06
1.282301848478022421e+00
1.252815047546465832e-01
8.503641513040170741e-02
4.435215414198850903e-01
0.000000000000000000e+00
4.129464046860001193e-08
3.511839277358653200e-01
0.000000000000000000e+00
3.105702743365447221e-04
2.673543154421469836e+00
0.000000000000000000e+00
1.401899999999999535e-01
1.254677317713954521e+00
0.000000000000000000e+00
4.761956895103895026e-05
6.903747524756217446e-01
0.000000000000000000e+00
2.429959999999998788e-01
1.492094185714920362e+00
0.000000000000000000e+00
4.035454453394855573e-04
5.777896783040054052e-01
0.000000000000000000e+00
1.028059999999999807e-01
3.119729900271460021e+00
0.000000000000000000e+00
1.755556903360572241e-02
4.545619745153666735e-01
0.000000000000000000e+00
5.140300000000004310e-01
