2.515418752095661126e-01
5.636454160094950261e-02
7.048339339340157681e-05
4.790667620097002635e-06
0.000000000000000000e+00
6.925113235356038510e-01
7.265136240759396957e-02
4.835970381920754770e-03
0.000000000000000000e+00
0.000000000000000000e+00
6.840794521295833208e-01
2.160936018827777638e-01
0.000000000000000000e+00
0.000000000000000000e+00
0.000000000000000000e+00
1.197189723710377685e+00
2.561324017026633815e-01
9.460295797327791800e-02
1.291243818270930205e-04
8.773477223090840057e-06
0.000000000000000000e+00
1.073878953466343988e+00
1.694025296304438599e-01
1.142827483891311301e-02
0.000000000000000000e+00
0.000000000000000000e+00
1.020747836903545647e+00
4.708079009424047112e-01
0.000000000000000000e+00
0.000000000000000000e+00
0.000000000000000000e+00
3.102153735903874665e+00
