7.244115808835860371e-01
2.074823215542495689e-03
1.330470357251747112e-03
1.789182818802267816e+00
4.200465412567428383e-07
9.999967177399999851e-01
1.549847457538577222e+00
3.718506806422815225e-02
3.473559756927148412e-02
5.447453539989943749e-01
0.000000000000000000e+00
1.807957419999999903e-07
3.287579803127711475e+00
3.650342113055409787e-01
2.026434211210636493e-01
3.662323086066142097e-01
0.000000000000000000e+00
8.276599849999998958e-11
7.231886470158808145e-01
0.000000000000000000e+00
2.067803770984812616e-04
1.847141175170626148e+00
0.000000000000000000e+00
4.486080000000003398e-01
1.535723293109426679e+00
0.000000000000000000e+00
2.130109375636703856e-03
5.731774421934461294e-01
0.000000000000000000e+00
2.616879999999999207e-01
3.149356128524485321e+00
0.000000000000000000e+00
1.787171719433442579e-02
4.533243705728988715e-01
0.000000000000000000e+00
2.897259999999999835e-01
