 1.0000e-02   6.7705e+00
 3.0000e-02   6.7705e+00
 5.0000e-02   6.7705e+00
 7.0000e-02   6.7704e+00
 9.0000e-02   6.7704e+00
 1.1000e-01   6.7704e+00
 1.3000e-01   6.7703e+00
 1.5000e-01   6.7702e+00
 1.7000e-01   6.7702e+00
 1.9000e-01   6.7701e+00
 2.1000e-01   6.7700e+00
 2.3000e-01   6.7699e+00
 2.5000e-01   6.7698e+00
 2.7000e-01   6.7697e+00
 2.9000e-01   6.7696e+00
 3.1000e-01   6.7694e+00
 3.3000e-01   6.7693e+00
 3.5000e-01   6.7692e+00
 3.7000e-01   6.7690e+00
 3.9000e-01   6.7688e+00
 4.1000e-01   6.7687e+00
 4.3000e-01   6.7685e+00
 4.5000e-01   6.7683e+00
 4.7000e-01   6.7681e+00
 4.9000e-01   6.7679e+00
 5.1000e-01   6.7677e+00
 5.3000e-01   6.7674e+00
 5.5000e-01   6.7672e+00
 5.7000e-01   6.7670e+00
 5.9000e-01   6.7667e+00
 6.1000e-01   6.7664e+00
 6.3000e-01   6.7662e+00
 6.5000e-01   6.7659e+00
 6.7000e-01   6.7656e+00
 6.9000e-01   6.7653e+00
 7.1000e-01   6.7650e+00
 7.3000e-01   6.7647e+00
 7.5000e-01   6.7644e+00
 7.7000e-01   6.7640e+00
 7.9000e-01   6.7637e+00
 8.1000e-01   6.7634e+00
 8.3000e-01   6.7630e+00
 8.5000e-01   6.7626e+00
 8.7000e-01   6.7623e+00
 8.9000e-01   6.7619e+00
 9.1000e-01   6.7615e+00
 9.3000e-01   6.7611e+00
 9.5000e-01   6.7607e+00
 9.7000e-01   6.7603e+00
 9.9000e-01   6.7598e+00
 1.0100e+00   6.7594e+00
 1.0300e+00   6.7590e+00
 1.0500e+00   6.7585e+00
 1.0700e+00   6.7580e+00
 1.0900e+00   6.7576e+00
 1.1100e+00   6.7571e+00
 1.1300e+00   6.7566e+00
 1.1500e+00   6.7561e+00
 1.1700e+00   6.7556e+00
 1.1900e+00   6.7551e+00
 1.2100e+00   6.7546e+00
 1.2300e+00   6.7540e+00
 1.2500e+00   6.7535e+00
 1.2700e+00   6.7530e+00
 1.2900e+00   6.7524e+00
 1.3100e+00   6.7518e+00
 1.3300e+00   6.7513e+00
 1.3500e+00   6.7507e+00
 1.3700e+00   6.7501e+00
 1.3900e+00   6.7495e+00
 1.4100e+00   6.7489e+00
 1.4300e+00   6.7483e+00
 1.4500e+00   6.7476e+00
 1.4700e+00   6.7470e+00
 1.4900e+00   6.7464e+00
 1.5100e+00   6.7457e+00
 1.5300e+00   6.7450e+00
 1.5500e+00   6.7444e+00
 1.5700e+00   6.7437e+00
 1.5900e+00   6.7430e+00
 1.6100e+00   6.7423e+00
 1.6300e+00   6.7416e+00
 1.6500e+00   6.7409e+00
 1.6700e+00   6.7402e+00
 1.6900e+00   6.7394e+00
 1.7100e+00   6.7387e+00
 1.7300e+00   6.7380e+00
 1.7500e+00   6.7372e+00
 1.7700e+00   6.7364e+00
 1.7900e+00   6.7357e+00
 1.8100e+00   6.7349e+00
 1.8300e+00   6.7341e+00
 1.8500e+00   6.7333e+00
 1.8700e+00   6.7325e+00
 1.8900e+00   6.7317e+00
 1.9100e+00   6.7309e+00
 1.9300e+00   6.7300e+00
 1.9500e+00   6.7292e+00
 1.9700e+00   6.7283e+00
 1.9900e+00   6.7275e+00
 2.0100e+00   6.7266e+00
 2.0300e+00   6.7257e+00
 2.0500e+00   6.7248e+00
 2.0700e+00   6.7239e+00
 2.0900e+00   6.7230e+00
 2.1100e+00   6.7221e+00
 2.1300e+00   6.7212e+00
 2.1500e+00   6.7203e+00
 2.1700e+00   6.7193e+00
 2.1900e+00   6.7184e+00
 2.2100e+00   6.7174e+00
 2.2300e+00   6.7165e+00
 2.2500e+00   6.7155e+00
 2.2700e+00   6.7145e+00
 2.2900e+00   6.7135e+00
 2.3100e+00   6.7125e+00
 2.3300e+00   6.7115e+00
 2.3500e+00   6.7105e+00
 2.3700e+00   6.7095e+00
 2.3900e+00   6.7085e+00
 2.4100e+00   6.7074e+00
 2.4300e+00   6.7064e+00
 2.4500e+00   6.7053e+00
 2.4700e+00   6.7042e+00
 2.4900e+00   6.7032e+00
 2.5100e+00   6.7021e+00
 2.5300e+00   6.7010e+00
 2.5500e+00   6.6999e+00
 2.5700e+00   6.6988e+00
 2.5900e+00   6.6977e+00
 2.6100e+00   6.6965e+00
 2.6300e+00   6.6954e+00
 2.6500e+00   6.6943e+00
 2.6700e+00   6.6931e+00
 2.6900e+00   6.6919e+00
 2.7100e+00   6.6908e+00
 2.7300e+00   6.6896e+00
 2.7500e+00   6.6884e+00
 2.7700e+00   6.6872e+00
 2.7900e+00   6.6860e+00
 2.8100e+00   6.6848e+00
 2.8300e+00   6.6836e+00
 2.8500e+00   6.6823e+00
 2.8700e+00   6.6811e+00
 2.8900e+00   6.6799e+00
 2.9100e+00   6.6786e+00
 2.9300e+00   6.6773e+00
 2.9500e+00   6.6761e+00
 2.9700e+00   6.6748e+00
 2.9900e+00   6.6735e+00
 3.0100e+00   6.6722e+00
 3.0300e+00   6.6709e+00
 3.0500e+00   6.6696e+00
 3.0700e+00   6.6682e+00
 3.0900e+00   6.6669e+00
 3.1100e+00   6.6656e+00
 3.1300e+00   6.6642e+00
 3.1500e+00   6.6629e+00
 3.1700e+00   6.6615e+00
 3.1900e+00   6.6601e+00
 3.2100e+00   6.6587e+00
 3.2300e+00   6.6573e+00
 3.2500e+00   6.6559e+00
 3.2700e+00   6.6545e+00
 3.2900e+00   6.6531e+00
 3.3100e+00   6.6517e+00
 3.3300e+00   6.6502e+00
 3.3500e+00   6.6488e+00
 3.3700e+00   6.6474e+00
 3.3900e+00   6.6459e+00
 3.4100e+00   6.6444e+00
 3.4300e+00   6.6429e+00
 3.4500e+00   6.6415e+00
 3.4700e+00   6.6400e+00
 3.4900e+00   6.6385e+00
 3.5100e+00   6.6369e+00
 3.5300e+00   6.6354e+00
 3.5500e+00   6.6339e+00
 3.5700e+00   6.6324e+00
 3.5900e+00   6.6308e+00
 3.6100e+00   6.6293e+00
 3.6300e+00   6.6277e+00
 3.6500e+00   6.6261e+00
 3.6700e+00   6.6245e+00
 3.6900e+00   6.6229e+00
 3.7100e+00   6.6213e+00
 3.7300e+00   6.6197e+00
 3.7500e+00   6.6181e+00
 3.7700e+00   6.6165e+00
 3.7900e+00   6.6149e+00
 3.8100e+00   6.6132e+00
 3.8300e+00   6.6116e+00
 3.8500e+00   6.6099e+00
 3.8700e+00   6.6083e+00
 3.8900e+00   6.6066e+00
 3.9100e+00   6.6049e+00
 3.9300e+00   6.6032e+00
 3.9500e+00   6.6015e+00
 3.9700e+00   6.5998e+00
 3.9900e+00   6.5981e+00
 4.0100e+00   6.5964e+00
 4.0300e+00   6.5946e+00
 4.0500e+00   6.5929e+00
 4.0700e+00   6.5911e+00
 4.0900e+00   6.5894e+00
 4.1100e+00   6.5876e+00
 4.1300e+00   6.5858e+00
 4.1500e+00   6.5840e+00
 4.1700e+00   6.5823e+00
 4.1900e+00   6.5805e+00
 4.2100e+00   6.5786e+00
 4.2300e+00   6.5768e+00
 4.2500e+00   6.5750e+00
 4.2700e+00   6.5732e+00
 4.2900e+00   6.5713e+00
 4.3100e+00   6.5695e+00
 4.3300e+00   6.5676e+00
 4.3500e+00   6.5657e+00
 4.3700e+00   6.5639e+00
 4.3900e+00   6.5620e+00
 4.4100e+00   6.5601e+00
 4.4300e+00   6.5582e+00
 4.4500e+00   6.5563e+00
 4.4700e+00   6.5543e+00
 4.4900e+00   6.5524e+00
 4.5100e+00   6.5505e+00
 4.5300e+00   6.5485e+00
 4.5500e+00   6.5466e+00
 4.5700e+00   6.5446e+00
 4.5900e+00   6.5427e+00
 4.6100e+00   6.5407e+00
 4.6300e+00   6.5387e+00
 4.6500e+00   6.5367e+00
 4.6700e+00   6.5347e+00
 4.6900e+00   6.5327e+00
 4.7100e+00   6.5307e+00
 4.7300e+00   6.5286e+00
 4.7500e+00   6.5266e+00
 4.7700e+00   6.5245e+00
 4.7900e+00   6.5225e+00
 4.8100e+00   6.5204e+00
 4.8300e+00   6.5184e+00
 4.8500e+00   6.5163e+00
 4.8700e+00   6.5142e+00
 4.8900e+00   6.5121e+00
 4.9100e+00   6.5100e+00
 4.9300e+00   6.5079e+00
 4.9500e+00   6.5058e+00
 4.9700e+00   6.5036e+00
 4.9900e+00   6.5015e+00
 5.0100e+00   6.4993e+00
 5.0300e+00   6.4972e+00
 5.0500e+00   6.4950e+00
 5.0700e+00   6.4929e+00
 5.0900e+00   6.4907e+00
 5.1100e+00   6.4885e+00
 5.1300e+00   6.4863e+00
 5.1500e+00   6.4841e+00
 5.1700e+00   6.4819e+00
 5.1900e+00   6.4797e+00
 5.2100e+00   6.4774e+00
 5.2300e+00   6.4752e+00
 5.2500e+00   6.4729e+00
 5.2700e+00   6.4707e+00
 5.2900e+00   6.4684e+00
 5.3100e+00   6.4662e+00
 5.3300e+00   6.4639e+00
 5.3500e+00   6.4616e+00
 5.3700e+00   6.4593e+00
 5.3900e+00   6.4570e+00
 5.4100e+00   6.4547e+00
 5.4300e+00   6.4524e+00
 5.4500e+00   6.4500e+00
 5.4700e+00   6.4477e+00
 5.4900e+00   6.4453e+00
 5.5100e+00   6.4430e+00
 5.5300e+00   6.4406e+00
 5.5500e+00   6.4383e+00
 5.5700e+00   6.4359e+00
 5.5900e+00   6.4335e+00
 5.6100e+00   6.4311e+00
 5.6300e+00   6.4287e+00
 5.6500e+00   6.4263e+00
 5.6700e+00   6.4239e+00
 5.6900e+00   6.4214e+00
 5.7100e+00   6.4190e+00
 5.7300e+00   6.4165e+00
 5.7500e+00   6.4141e+00
 5.7700e+00   6.4116e+00
 5.7900e+00   6.4092e+00
 5.8100e+00   6.4067e+00
 5.8300e+00   6.4042e+00
 5.8500e+00   6.4017e+00
 5.8700e+00   6.3992e+00
 5.8900e+00   6.3967e+00
 5.9100e+00   6.3942e+00
 5.9300e+00   6.3916e+00
 5.9500e+00   6.3891e+00
 5.9700e+00   6.3866e+00
 5.9900e+00   6.3840e+00
 6.0100e+00   6.3814e+00
 6.0300e+00   6.3789e+00
 6.0500e+00   6.3763e+00
 6.0700e+00   6.3737e+00
 6.0900e+00   6.3711e+00
 6.1100e+00   6.3685e+00
 6.1300e+00   6.3659e+00
 6.1500e+00   6.3633e+00
 6.1700e+00   6.3607e+00
 6.1900e+00   6.3580e+00
 6.2100e+00   6.3554e+00
 6.2300e+00   6.3527e+00
 6.2500e+00   6.3501e+00
 6.2700e+00   6.3474e+00
 6.2900e+00   6.3447e+00
 6.3100e+00   6.3421e+00
 6.3300e+00   6.3394e+00
 6.3500e+00   6.3367e+00
 6.3700e+00   6.3340e+00
 6.3900e+00   6.3312e+00
 6.4100e+00   6.3285e+00
 6.4300e+00   6.3258e+00
 6.4500e+00   6.3231e+00
 6.4700e+00   6.3203e+00
 6.4900e+00   6.3175e+00
 6.5100e+00   6.3148e+00
 6.5300e+00   6.3120e+00
 6.5500e+00   6.3092e+00
 6.5700e+00   6.3064e+00
 6.5900e+00   6.3036e+00
 6.6100e+00   6.3008e+00
 6.6300e+00   6.2980e+00
 6.6500e+00   6.2952e+00
 6.6700e+00   6.2924e+00
 6.6900e+00   6.2895e+00
 6.7100e+00   6.2867e+00
 6.7300e+00   6.2838e+00
 6.7500e+00   6.2810e+00
 6.7700e+00   6.2781e+00
 6.7900e+00   6.2752e+00
 6.8100e+00   6.2723e+00
 6.8300e+00   6.2694e+00
 6.8500e+00   6.2665e+00
 6.8700e+00   6.2636e+00
 6.8900e+00   6.2607e+00
 6.9100e+00   6.2578e+00
 6.9300e+00   6.2549e+00
 6.9500e+00   6.2519e+00
 6.9700e+00   6.2490e+00
 6.9900e+00   6.2460e+00
 7.0100e+00   6.2430e+00
 7.0300e+00   6.2401e+00
 7.0500e+00   6.2371e+00
 7.0700e+00   6.2341e+00
 7.0900e+00   6.2311e+00
 7.1100e+00   6.2281e+00
 7.1300e+00   6.2251e+00
 7.1500e+00   6.2220e+00
 7.1700e+00   6.2190e+00
 7.1900e+00   6.2160e+00
 7.2100e+00   6.2129e+00
 7.2300e+00   6.2099e+00
 7.2500e+00   6.2068e+00
 7.2700e+00   6.2037e+00
 7.2900e+00   6.2006e+00
 7.3100e+00   6.1976e+00
 7.3300e+00   6.1945e+00
 7.3500e+00   6.1914e+00
 7.3700e+00   6.1882e+00
 7.3900e+00   6.1851e+00
 7.4100e+00   6.1820e+00
 7.4300e+00   6.1789e+00
 7.4500e+00   6.1757e+00
 7.4700e+00   6.1726e+00
 7.4900e+00   6.1694e+00
 7.5100e+00   6.1662e+00
 7.5300e+00   6.1631e+00
 7.5500e+00   6.1599e+00
 7.5700e+00   6.1567e+00
 7.5900e+00   6.1535e+00
 7.6100e+00   6.1503e+00
 7.6300e+00   6.1470e+00
 7.6500e+00   6.1438e+00
 7.6700e+00   6.1406e+00
 7.6900e+00   6.1373e+00
 7.7100e+00   6.1341e+00
 7.7300e+00   6.1308e+00
 7.7500e+00   6.1276e+00
 7.7700e+00   6.1243e+00
 7.7900e+00   6.1210e+00
 7.8100e+00   6.1177e+00
 7.8300e+00   6.1144e+00
 7.8500e+00   6.1111e+00
 7.8700e+00   6.1078e+00
 7.8900e+00   6.1045e+00
 7.9100e+00   6.1012e+00
 7.9300e+00   6.0978e+00
 7.9500e+00   6.0945e+00
 7.9700e+00   6.0911e+00
 7.9900e+00   6.0878e+00
 8.0100e+00   6.0844e+00
 8.0300e+00   6.0810e+00
 8.0500e+00   6.0776e+00
 8.0700e+00   6.0742e+00
 8.0900e+00   6.0708e+00
 8.1100e+00   6.0674e+00
 8.1300e+00   6.0640e+00
 8.1500e+00   6.0606e+00
 8.1700e+00   6.0571e+00
 8.1900e+00   6.0537e+00
 8.2100e+00   6.0502e+00
 8.2300e+00   6.0468e+00
 8.2500e+00   6.0433e+00
 8.2700e+00   6.0398e+00
 8.2900e+00   6.0363e+00
 8.3100e+00   6.0328e+00
 8.3300e+00   6.0293e+00
 8.3500e+00   6.0258e+00
 8.3700e+00   6.0223e+00
 8.3900e+00   6.0188e+00
 8.4100e+00   6.0152e+00
 8.4300e+00   6.0117e+00
 8.4500e+00   6.0081e+00
 8.4700e+00   6.0046e+00
 8.4900e+00   6.0010e+00
 8.5100e+00   5.9974e+00
 8.5300e+00   5.9938e+00
 8.5500e+00   5.9902e+00
 8.5700e+00   5.9866e+00
 8.5900e+00   5.9830e+00
 8.6100e+00   5.9794e+00
 8.6300e+00   5.9758e+00
 8.6500e+00   5.9721e+00
 8.6700e+00   5.9685e+00
 8.6900e+00   5.9648e+00
 8.7100e+00   5.9612e+00
 8.7300e+00   5.9575e+00
 8.7500e+00   5.9538e+00
 8.7700e+00   5.9501e+00
 8.7900e+00   5.9464e+00
 8.8100e+00   5.9427e+00
 8.8300e+00   5.9390e+00
 8.8500e+00   5.9353e+00
 8.8700e+00   5.9315e+00
 8.8900e+00   5.9278e+00
 8.9100e+00   5.9240e+00
 8.9300e+00   5.9203e+00
 8.9500e+00   5.9165e+00
 8.9700e+00   5.9127e+00
 8.9900e+00   5.9089e+00
 9.0100e+00   5.9051e+00
 9.0300e+00   5.9013e+00
 9.0500e+00   5.8975e+00
 9.0700e+00   5.8937e+00
 9.0900e+00   5.8898e+00
 9.1100e+00   5.8860e+00
 9.1300e+00   5.8821e+00
 9.1500e+00   5.8782e+00
 9.1700e+00   5.8744e+00
 9.1900e+00   5.8705e+00
 9.2100e+00   5.8666e+00
 9.2300e+00   5.8627e+00
 9.2500e+00   5.8587e+00
 9.2700e+00   5.8548e+00
 9.2900e+00   5.8509e+00
 9.3100e+00   5.8469e+00
 9.3300e+00   5.8430e+00
 9.3500e+00   5.8390e+00
 9.3700e+00   5.8350e+00
 9.3900e+00   5.8310e+00
 9.4100e+00   5.8270e+00
 9.4300e+00   5.8230e+00
 9.4500e+00   5.8190e+00
 9.4700e+00   5.8149e+00
 9.4900e+00   5.8109e+00
 9.5100e+00   5.8068e+00
 9.5300e+00   5.8027e+00
 9.5500e+00   5.7986e+00
 9.5700e+00   5.7945e+00
 9.5900e+00   5.7904e+00
 9.6100e+00   5.7863e+00
 9.6300e+00   5.7822e+00
 9.6500e+00   5.7780e+00
 9.6700e+00   5.7738e+00
 9.6900e+00   5.7697e+00
 9.7100e+00   5.7655e+00
 9.7300e+00   5.7613e+00
 9.7500e+00   5.7571e+00
 9.7700e+00   5.7528e+00
 9.7900e+00   5.7486e+00
 9.8100e+00   5.7443e+00
 9.8300e+00   5.7400e+00
 9.8500e+00   5.7357e+00
 9.8700e+00   5.7314e+00
 9.8900e+00   5.7271e+00
 9.9100e+00   5.7228e+00
 9.9300e+00   5.7184e+00
 9.9500e+00   5.7141e+00
 9.9700e+00   5.7097e+00
 9.9900e+00   5.7053e+00
 1.0030e+01   5.6966e+00
 1.0090e+01   5.6838e+00
 1.0150e+01   5.6711e+00
 1.0210e+01   5.6585e+00
 1.0270e+01   5.6459e+00
 1.0330e+01   5.6334e+00
 1.0390e+01   5.6209e+00
 1.0450e+01   5.6085e+00
 1.0510e+01   5.5961e+00
 1.0570e+01   5.5838e+00
 1.0630e+01   5.5715e+00
 1.0690e+01   5.5593e+00
 1.0750e+01   5.5471e+00
 1.0810e+01   5.5349e+00
 1.0870e+01   5.5228e+00
 1.0930e+01   5.5107e+00
 1.0990e+01   5.4986e+00
 1.1050e+01   5.4865e+00
 1.1110e+01   5.4745e+00
 1.1170e+01   5.4625e+00
 1.1230e+01   5.4506e+00
 1.1290e+01   5.4386e+00
 1.1350e+01   5.4267e+00
 1.1410e+01   5.4148e+00
 1.1470e+01   5.4029e+00
 1.1530e+01   5.3911e+00
 1.1590e+01   5.3792e+00
 1.1650e+01   5.3674e+00
 1.1710e+01   5.3556e+00
 1.1770e+01   5.3438e+00
 1.1830e+01   5.3320e+00
 1.1890e+01   5.3203e+00
 1.1950e+01   5.3085e+00
 1.2010e+01   5.2968e+00
 1.2070e+01   5.2851e+00
 1.2130e+01   5.2734e+00
 1.2190e+01   5.2617e+00
 1.2250e+01   5.2500e+00
 1.2310e+01   5.2384e+00
 1.2370e+01   5.2267e+00
 1.2430e+01   5.2151e+00
 1.2490e+01   5.2035e+00
 1.2550e+01   5.1919e+00
 1.2610e+01   5.1803e+00
 1.2670e+01   5.1687e+00
 1.2730e+01   5.1571e+00
 1.2790e+01   5.1456e+00
 1.2850e+01   5.1340e+00
 1.2910e+01   5.1225e+00
 1.2970e+01   5.1109e+00
 1.3030e+01   5.0994e+00
 1.3090e+01   5.0879e+00
 1.3150e+01   5.0764e+00
 1.3210e+01   5.0649e+00
 1.3270e+01   5.0535e+00
 1.3330e+01   5.0420e+00
 1.3390e+01   5.0305e+00
 1.3450e+01   5.0191e+00
 1.3510e+01   5.0076e+00
 1.3570e+01   4.9962e+00
 1.3630e+01   4.9848e+00
 1.3690e+01   4.9734e+00
 1.3750e+01   4.9620e+00
 1.3810e+01   4.9506e+00
 1.3870e+01   4.9392e+00
 1.3930e+01   4.9279e+00
 1.3990e+01   4.9165e+00
 1.4050e+01   4.9052e+00
 1.4110e+01   4.8938e+00
 1.4170e+01   4.8825e+00
 1.4230e+01   4.8712e+00
 1.4290e+01   4.8599e+00
 1.4350e+01   4.8486e+00
 1.4410e+01   4.8373e+00
 1.4470e+01   4.8260e+00
 1.4530e+01   4.8147e+00
 1.4590e+01   4.8035e+00
 1.4650e+01   4.7922e+00
 1.4710e+01   4.7810e+00
 1.4770e+01   4.7697e+00
 1.4830e+01   4.7585e+00
 1.4890e+01   4.7473e+00
 1.4950e+01   4.7361e+00
 1.5010e+01   4.7249e+00
 1.5070e+01   4.7137e+00
 1.5130e+01   4.7025e+00
 1.5190e+01   4.6913e+00
 1.5250e+01   4.6802e+00
 1.5310e+01   4.6690e+00
 1.5370e+01   4.6579e+00
 1.5430e+01   4.6467e+00
 1.5490e+01   4.6356e+00
 1.5550e+01   4.6245e+00
 1.5610e+01   4.6134e+00
 1.5670e+01   4.6023e+00
 1.5730e+01   4.5912e+00
 1.5790e+01   4.5801e+00
 1.5850e+01   4.5690e+00
 1.5910e+01   4.5580e+00
 1.5970e+01   4.5469e+00
 1.6030e+01   4.5359e+00
 1.6090e+01   4.5248e+00
 1.6150e+01   4.5138e+00
 1.6210e+01   4.5028e+00
 1.6270e+01   4.4918e+00
 1.6330e+01   4.4808e+00
 1.6390e+01   4.4698e+00
 1.6450e+01   4.4588e+00
 1.6510e+01   4.4478e+00
 1.6570e+01   4.4368e+00
 1.6630e+01   4.4259e+00
 1.6690e+01   4.4149e+00
 1.6750e+01   4.4040e+00
 1.6810e+01   4.3930e+00
 1.6870e+01   4.3821e+00
 1.6930e+01   4.3712e+00
 1.6990e+01   4.3603e+00
 1.7050e+01   4.3493e+00
 1.7110e+01   4.3385e+00
 1.7170e+01   4.3276e+00
 1.7230e+01   4.3167e+00
 1.7290e+01   4.3058e+00
 1.7350e+01   4.2949e+00
 1.7410e+01   4.2841e+00
 1.7470e+01   4.2732e+00
 1.7530e+01   4.2624e+00
 1.7590e+01   4.2516e+00
 1.7650e+01   4.2408e+00
 1.7710e+01   4.2299e+00
 1.7770e+01   4.2191e+00
 1.7830e+01   4.2083e+00
 1.7890e+01   4.1975e+00
 1.7950e+01   4.1868e+00
 1.8010e+01   4.1760e+00
 1.8070e+01   4.1652e+00
 1.8130e+01   4.1545e+00
 1.8190e+01   4.1437e+00
 1.8250e+01   4.1330e+00
 1.8310e+01   4.1222e+00
 1.8370e+01   4.1115e+00
 1.8430e+01   4.1008e+00
 1.8490e+01   4.0901e+00
 1.8550e+01   4.0794e+00
 1.8610e+01   4.0687e+00
 1.8670e+01   4.0580e+00
 1.8730e+01   4.0473e+00
 1.8790e+01   4.0366e+00
 1.8850e+01   4.0260e+00
 1.8910e+01   4.0153e+00
 1.8970e+01   4.0047e+00
 1.9030e+01   3.9940e+00
 1.9090e+01   3.9834e+00
 1.9150e+01   3.9728e+00
 1.9210e+01   3.9621e+00
 1.9270e+01   3.9515e+00
 1.9330e+01   3.9409e+00
 1.9390e+01   3.9303e+00
 1.9450e+01   3.9197e+00
 1.9510e+01   3.9091e+00
 1.9570e+01   3.8986e+00
 1.9630e+01   3.8880e+00
 1.9690e+01   3.8774e+00
 1.9750e+01   3.8669e+00
 1.9810e+01   3.8563e+00
 1.9870e+01   3.8458e+00
 1.9930e+01   3.8353e+00
 1.9990e+01   3.8248e+00
 2.0050e+01   3.8142e+00
 2.0110e+01   3.8037e+00
 2.0170e+01   3.7932e+00
 2.0230e+01   3.7827e+00
 2.0290e+01   3.7722e+00
 2.0350e+01   3.7618e+00
 2.0410e+01   3.7513e+00
 2.0470e+01   3.7408e+00
 2.0530e+01   3.7304e+00
 2.0590e+01   3.7199e+00
 2.0650e+01   3.7095e+00
 2.0710e+01   3.6990e+00
 2.0770e+01   3.6886e+00
 2.0830e+01   3.6782e+00
 2.0890e+01   3.6678e+00
 2.0950e+01   3.6574e+00
 2.1010e+01   3.6470e+00
 2.1070e+01   3.6366e+00
 2.1130e+01   3.6262e+00
 2.1190e+01   3.6158e+00
 2.1250e+01   3.6054e+00
 2.1310e+01   3.5950e+00
 2.1370e+01   3.5847e+00
 2.1430e+01   3.5743e+00
 2.1490e+01   3.5640e+00
 2.1550e+01   3.5536e+00
 2.1610e+01   3.5433e+00
 2.1670e+01   3.5330e+00
 2.1730e+01   3.5227e+00
 2.1790e+01   3.5123e+00
 2.1850e+01   3.5020e+00
 2.1910e+01   3.4917e+00
 2.1970e+01   3.4814e+00
 2.2030e+01   3.4712e+00
 2.2090e+01   3.4609e+00
 2.2150e+01   3.4506e+00
 2.2210e+01   3.4403e+00
 2.2270e+01   3.4301e+00
 2.2330e+01   3.4198e+00
 2.2390e+01   3.4096e+00
 2.2450e+01   3.3993e+00
 2.2510e+01   3.3891e+00
 2.2570e+01   3.3789e+00
 2.2630e+01   3.3686e+00
 2.2690e+01   3.3584e+00
 2.2750e+01   3.3482e+00
 2.2810e+01   3.3380e+00
 2.2870e+01   3.3278e+00
 2.2930e+01   3.3176e+00
 2.2990e+01   3.3074e+00
 2.3050e+01   3.2973e+00
 2.3110e+01   3.2871e+00
 2.3170e+01   3.2769e+00
 2.3230e+01   3.2668e+00
 2.3290e+01   3.2566e+00
 2.3350e+01   3.2465e+00
 2.3410e+01   3.2363e+00
 2.3470e+01   3.2262e+00
 2.3530e+01   3.2161e+00
 2.3590e+01   3.2060e+00
 2.3650e+01   3.1958e+00
 2.3710e+01   3.1857e+00
 2.3770e+01   3.1756e+00
 2.3830e+01   3.1655e+00
 2.3890e+01   3.1554e+00
 2.3950e+01   3.1453e+00
 2.4010e+01   3.1353e+00
 2.4070e+01   3.1252e+00
 2.4130e+01   3.1151e+00
 2.4190e+01   3.1051e+00
 2.4250e+01   3.0950e+00
 2.4310e+01   3.0850e+00
 2.4370e+01   3.0749e+00
 2.4430e+01   3.0649e+00
 2.4490e+01   3.0548e+00
 2.4550e+01   3.0448e+00
 2.4610e+01   3.0348e+00
 2.4670e+01   3.0248e+00
 2.4730e+01   3.0148e+00
 2.4790e+01   3.0048e+00
 2.4850e+01   2.9948e+00
 2.4910e+01   2.9848e+00
 2.4970e+01   2.9748e+00
 2.5030e+01   2.9648e+00
 2.5090e+01   2.9548e+00
 2.5150e+01   2.9449e+00
 2.5210e+01   2.9349e+00
 2.5270e+01   2.9249e+00
 2.5330e+01   2.9150e+00
 2.5390e+01   2.9050e+00
 2.5450e+01   2.8951e+00
 2.5510e+01   2.8852e+00
 2.5570e+01   2.8752e+00
 2.5630e+01   2.8653e+00
 2.5690e+01   2.8554e+00
 2.5750e+01   2.8455e+00
 2.5810e+01   2.8356e+00
 2.5870e+01   2.8257e+00
 2.5930e+01   2.8158e+00
 2.5990e+01   2.8059e+00
 2.6050e+01   2.7960e+00
 2.6110e+01   2.7861e+00
 2.6170e+01   2.7762e+00
 2.6230e+01   2.7664e+00
 2.6290e+01   2.7565e+00
 2.6350e+01   2.7466e+00
 2.6410e+01   2.7368e+00
 2.6470e+01   2.7269e+00
 2.6530e+01   2.7171e+00
 2.6590e+01   2.7072e+00
 2.6650e+01   2.6974e+00
 2.6710e+01   2.6876e+00
 2.6770e+01   2.6777e+00
 2.6830e+01   2.6679e+00
 2.6890e+01   2.6581e+00
 2.6950e+01   2.6483e+00
 2.7010e+01   2.6385e+00
 2.7070e+01   2.6287e+00
 2.7130e+01   2.6189e+00
 2.7190e+01   2.6091e+00
 2.7250e+01   2.5993e+00
 2.7310e+01   2.5895e+00
 2.7370e+01   2.5798e+00
 2.7430e+01   2.5700e+00
 2.7490e+01   2.5602e+00
 2.7550e+01   2.5505e+00
 2.7610e+01   2.5407e+00
 2.7670e+01   2.5310e+00
 2.7730e+01   2.5212e+00
 2.7790e+01   2.5115e+00
 2.7850e+01   2.5017e+00
 2.7910e+01   2.4920e+00
 2.7970e+01   2.4823e+00
 2.8030e+01   2.4726e+00
 2.8090e+01   2.4628e+00
 2.8150e+01   2.4531e+00
 2.8210e+01   2.4434e+00
 2.8270e+01   2.4337e+00
 2.8330e+01   2.4240e+00
 2.8390e+01   2.4143e+00
 2.8450e+01   2.4046e+00
 2.8510e+01   2.3950e+00
 2.8570e+01   2.3853e+00
 2.8630e+01   2.3756e+00
 2.8690e+01   2.3659e+00
 2.8750e+01   2.3563e+00
 2.8810e+01   2.3466e+00
 2.8870e+01   2.3369e+00
 2.8930e+01   2.3273e+00
 2.8990e+01   2.3176e+00
 2.9050e+01   2.3080e+00
 2.9110e+01   2.2984e+00
 2.9170e+01   2.2887e+00
 2.9230e+01   2.2791e+00
 2.9290e+01   2.2695e+00
 2.9350e+01   2.2598e+00
 2.9410e+01   2.2502e+00
 2.9470e+01   2.2406e+00
 2.9530e+01   2.2310e+00
 2.9590e+01   2.2214e+00
 2.9650e+01   2.2118e+00
 2.9710e+01   2.2022e+00
 2.9770e+01   2.1926e+00
 2.9830e+01   2.1830e+00
 2.9890e+01   2.1734e+00
 2.9950e+01   2.1638e+00
 3.0010e+01   2.1543e+00
 3.0070e+01   2.1447e+00
 3.0130e+01   2.1351e+00
 3.0190e+01   2.1256e+00
 3.0250e+01   2.1160e+00
 3.0310e+01   2.1064e+00
 3.0370e+01   2.0969e+00
 3.0430e+01   2.0873e+00
 3.0490e+01   2.0778e+00
 3.0550e+01   2.0683e+00
 3.0610e+01   2.0587e+00
 3.0670e+01   2.0492e+00
 3.0730e+01   2.0397e+00
 3.0790e+01   2.0301e+00
 3.0850e+01   2.0206e+00
 3.0910e+01   2.0111e+00
 3.0970e+01   2.0016e+00
 3.1030e+01   1.9921e+00
 3.1090e+01   1.9826e+00
 3.1150e+01   1.9731e+00
 3.1210e+01   1.9636e+00
 3.1270e+01   1.9541e+00
 3.1330e+01   1.9446e+00
 3.1390e+01   1.9351e+00
 3.1450e+01   1.9256e+00
 3.1510e+01   1.9161e+00
 3.1570e+01   1.9067e+00
 3.1630e+01   1.8972e+00
 3.1690e+01   1.8877e+00
 3.1750e+01   1.8783e+00
 3.1810e+01   1.8688e+00
 3.1870e+01   1.8593e+00
 3.1930e+01   1.8499e+00
 3.1990e+01   1.8404e+00
 3.2050e+01   1.8310e+00
 3.2110e+01   1.8215e+00
 3.2170e+01   1.8121e+00
 3.2230e+01   1.8027e+00
 3.2290e+01   1.7932e+00
 3.2350e+01   1.7838e+00
 3.2410e+01   1.7744e+00
 3.2470e+01   1.7649e+00
 3.2530e+01   1.7555e+00
 3.2590e+01   1.7461e+00
 3.2650e+01   1.7367e+00
 3.2710e+01   1.7273e+00
 3.2770e+01   1.7179e+00
 3.2830e+01   1.7085e+00
 3.2890e+01   1.6991e+00
 3.2950e+01   1.6897e+00
 3.3010e+01   1.6803e+00
 3.3070e+01   1.6709e+00
 3.3130e+01   1.6615e+00
 3.3190e+01   1.6521e+00
 3.3250e+01   1.6427e+00
 3.3310e+01   1.6334e+00
 3.3370e+01   1.6240e+00
 3.3430e+01   1.6146e+00
 3.3490e+01   1.6053e+00
 3.3550e+01   1.5959e+00
 3.3610e+01   1.5865e+00
 3.3670e+01   1.5772e+00
 3.3730e+01   1.5678e+00
 3.3790e+01   1.5585e+00
 3.3850e+01   1.5491e+00
 3.3910e+01   1.5398e+00
 3.3970e+01   1.5304e+00
 3.4030e+01   1.5211e+00
 3.4090e+01   1.5117e+00
 3.4150e+01   1.5024e+00
 3.4210e+01   1.4931e+00
 3.4270e+01   1.4837e+00
 3.4330e+01   1.4744e+00
 3.4390e+01   1.4651e+00
 3.4450e+01   1.4558e+00
 3.4510e+01   1.4464e+00
 3.4570e+01   1.4371e+00
 3.4630e+01   1.4278e+00
 3.4690e+01   1.4185e+00
 3.4750e+01   1.4092e+00
 3.4810e+01   1.3999e+00
 3.4870e+01   1.3906e+00
 3.4930e+01   1.3813e+00
 3.4990e+01   1.3720e+00
 3.5050e+01   1.3627e+00
 3.5110e+01   1.3534e+00
 3.5170e+01   1.3441e+00
 3.5230e+01   1.3348e+00
 3.5290e+01   1.3255e+00
 3.5350e+01   1.3163e+00
 3.5410e+01   1.3070e+00
 3.5470e+01   1.2977e+00
 3.5530e+01   1.2884e+00
 3.5590e+01   1.2792e+00
 3.5650e+01   1.2699e+00
 3.5710e+01   1.2606e+00
 3.5770e+01   1.2514e+00
 3.5830e+01   1.2421e+00
 3.5890e+01   1.2329e+00
 3.5950e+01   1.2236e+00
 3.6010e+01   1.2144e+00
 3.6070e+01   1.2051e+00
 3.6130e+01   1.1959e+00
 3.6190e+01   1.1866e+00
 3.6250e+01   1.1774e+00
 3.6310e+01   1.1681e+00
 3.6370e+01   1.1589e+00
 3.6430e+01   1.1497e+00
 3.6490e+01   1.1404e+00
 3.6550e+01   1.1312e+00
 3.6610e+01   1.1220e+00
 3.6670e+01   1.1128e+00
 3.6730e+01   1.1035e+00
 3.6790e+01   1.0943e+00
 3.6850e+01   1.0851e+00
 3.6910e+01   1.0759e+00
 3.6970e+01   1.0667e+00
 3.7030e+01   1.0575e+00
 3.7090e+01   1.0483e+00
 3.7150e+01   1.0391e+00
 3.7210e+01   1.0299e+00
 3.7270e+01   1.0207e+00
 3.7330e+01   1.0115e+00
 3.7390e+01   1.0023e+00
 3.7450e+01   9.9312e-01
 3.7510e+01   9.8394e-01
 3.7570e+01   9.7477e-01
 3.7630e+01   9.6559e-01
 3.7690e+01   9.5642e-01
 3.7750e+01   9.4726e-01
 3.7810e+01   9.3809e-01
 3.7870e+01   9.2894e-01
 3.7930e+01   9.1978e-01
 3.7990e+01   9.1063e-01
 3.8050e+01   9.0149e-01
 3.8110e+01   8.9235e-01
 3.8170e+01   8.8321e-01
 3.8230e+01   8.7408e-01
 3.8290e+01   8.6496e-01
 3.8350e+01   8.5584e-01
 3.8410e+01   8.4673e-01
 3.8470e+01   8.3762e-01
 3.8530e+01   8.2852e-01
 3.8590e+01   8.1942e-01
 3.8650e+01   8.1034e-01
 3.8710e+01   8.0126e-01
 3.8770e+01   7.9218e-01
 3.8830e+01   7.8312e-01
 3.8890e+01   7.7407e-01
 3.8950e+01   7.6502e-01
 3.9010e+01   7.5598e-01
 3.9070e+01   7.4695e-01
 3.9130e+01   7.3794e-01
 3.9190e+01   7.2893e-01
 3.9250e+01   7.1994e-01
 3.9310e+01   7.1096e-01
 3.9370e+01   7.0199e-01
 3.9430e+01   6.9304e-01
 3.9490e+01   6.8410e-01
 3.9550e+01   6.7517e-01
 3.9610e+01   6.6627e-01
 3.9670e+01   6.5738e-01
 3.9730e+01   6.4851e-01
 3.9790e+01   6.3966e-01
 3.9850e+01   6.3082e-01
 3.9910e+01   6.2202e-01
 3.9970e+01   6.1323e-01
 1.0000e-02   3.0337e-01
 3.0000e-02   3.0337e-01
 5.0000e-02   3.0336e-01
 7.0000e-02   3.0336e-01
 9.0000e-02   3.0336e-01
 1.1000e-01   3.0336e-01
 1.3000e-01   3.0336e-01
 1.5000e-01   3.0335e-01
 1.7000e-01   3.0335e-01
 1.9000e-01   3.0335e-01
 2.1000e-01   3.0334e-01
 2.3000e-01   3.0334e-01
 2.5000e-01   3.0334e-01
 2.7000e-01   3.0333e-01
 2.9000e-01   3.0332e-01
 3.1000e-01   3.0332e-01
 3.3000e-01   3.0331e-01
 3.5000e-01   3.0331e-01
 3.7000e-01   3.0330e-01
 3.9000e-01   3.0329e-01
 4.1000e-01   3.0328e-01
 4.3000e-01   3.0328e-01
 4.5000e-01   3.0327e-01
 4.7000e-01   3.0326e-01
 4.9000e-01   3.0325e-01
 5.1000e-01   3.0324e-01
 5.3000e-01   3.0323e-01
 5.5000e-01   3.0322e-01
 5.7000e-01   3.0321e-01
 5.9000e-01   3.0320e-01
 6.1000e-01   3.0318e-01
 6.3000e-01   3.0317e-01
 6.5000e-01   3.0316e-01
 6.7000e-01   3.0315e-01
 6.9000e-01   3.0313e-01
 7.1000e-01   3.0312e-01
 7.3000e-01   3.0311e-01
 7.5000e-01   3.0309e-01
 7.7000e-01   3.0308e-01
 7.9000e-01   3.0306e-01
 8.1000e-01   3.0305e-01
 8.3000e-01   3.0303e-01
 8.5000e-01   3.0301e-01
 8.7000e-01   3.0300e-01
 8.9000e-01   3.0298e-01
 9.1000e-01   3.0296e-01
 9.3000e-01   3.0294e-01
 9.5000e-01   3.0293e-01
 9.7000e-01   3.0291e-01
 9.9000e-01   3.0289e-01
 1.0100e+00   3.0287e-01
 1.0300e+00   3.0285e-01
 1.0500e+00   3.0283e-01
 1.0700e+00   3.0281e-01
 1.0900e+00   3.0279e-01
 1.1100e+00   3.0277e-01
 1.1300e+00   3.0274e-01
 1.1500e+00   3.0272e-01
 1.1700e+00   3.0270e-01
 1.1900e+00   3.0268e-01
 1.2100e+00   3.0265e-01
 1.2300e+00   3.0263e-01
 1.2500e+00   3.0260e-01
 1.2700e+00   3.0258e-01
 1.2900e+00   3.0256e-01
 1.3100e+00   3.0253e-01
 1.3300e+00   3.0250e-01
 1.3500e+00   3.0248e-01
 1.3700e+00   3.0245e-01
 1.3900e+00   3.0242e-01
 1.4100e+00   3.0240e-01
 1.4300e+00   3.0237e-01
 1.4500e+00   3.0234e-01
 1.4700e+00   3.0231e-01
 1.4900e+00   3.0228e-01
 1.5100e+00   3.0226e-01
 1.5300e+00   3.0223e-01
 1.5500e+00   3.0220e-01
 1.5700e+00   3.0217e-01
 1.5900e+00   3.0213e-01
 1.6100e+00   3.0210e-01
 1.6300e+00   3.0207e-01
 1.6500e+00   3.0204e-01
 1.6700e+00   3.0201e-01
 1.6900e+00   3.0198e-01
 1.7100e+00   3.0194e-01
 1.7300e+00   3.0191e-01
 1.7500e+00   3.0187e-01
 1.7700e+00   3.0184e-01
 1.7900e+00   3.0181e-01
 1.8100e+00   3.0177e-01
 1.8300e+00   3.0174e-01
 1.8500e+00   3.0170e-01
 1.8700e+00   3.0166e-01
 1.8900e+00   3.0163e-01
 1.9100e+00   3.0159e-01
 1.9300e+00   3.0155e-01
 1.9500e+00   3.0151e-01
 1.9700e+00   3.0148e-01
 1.9900e+00   3.0144e-01
 2.0100e+00   3.0140e-01
 2.0300e+00   3.0136e-01
 2.0500e+00   3.0132e-01
 2.0700e+00   3.0128e-01
 2.0900e+00   3.0124e-01
 2.1100e+00   3.0120e-01
 2.1300e+00   3.0116e-01
 2.1500e+00   3.0112e-01
 2.1700e+00   3.0107e-01
 2.1900e+00   3.0103e-01
 2.2100e+00   3.0099e-01
 2.2300e+00   3.0095e-01
 2.2500e+00   3.0090e-01
 2.2700e+00   3.0086e-01
 2.2900e+00   3.0081e-01
 2.3100e+00   3.0077e-01
 2.3300e+00   3.0072e-01
 2.3500e+00   3.0068e-01
 2.3700e+00   3.0063e-01
 2.3900e+00   3.0059e-01
 2.4100e+00   3.0054e-01
 2.4300e+00   3.0049e-01
 2.4500e+00   3.0045e-01
 2.4700e+00   3.0040e-01
 2.4900e+00   3.0035e-01
 2.5100e+00   3.0030e-01
 2.5300e+00   3.0025e-01
 2.5500e+00   3.0020e-01
 2.5700e+00   3.0015e-01
 2.5900e+00   3.0010e-01
 2.6100e+00   3.0005e-01
 2.6300e+00   3.0000e-01
 2.6500e+00   2.9995e-01
 2.6700e+00   2.9990e-01
 2.6900e+00   2.9985e-01
 2.7100e+00   2.9979e-01
 2.7300e+00   2.9974e-01
 2.7500e+00   2.9969e-01
 2.7700e+00   2.9963e-01
 2.7900e+00   2.9958e-01
 2.8100e+00   2.9953e-01
 2.8300e+00   2.9947e-01
 2.8500e+00   2.9942e-01
 2.8700e+00   2.9936e-01
 2.8900e+00   2.9930e-01
 2.9100e+00   2.9925e-01
 2.9300e+00   2.9919e-01
 2.9500e+00   2.9913e-01
 2.9700e+00   2.9908e-01
 2.9900e+00   2.9902e-01
 3.0100e+00   2.9896e-01
 3.0300e+00   2.9890e-01
 3.0500e+00   2.9884e-01
 3.0700e+00   2.9878e-01
 3.0900e+00   2.9872e-01
 3.1100e+00   2.9866e-01
 3.1300e+00   2.9860e-01
 3.1500e+00   2.9854e-01
 3.1700e+00   2.9848e-01
 3.1900e+00   2.9842e-01
 3.2100e+00   2.9836e-01
 3.2300e+00   2.9830e-01
 3.2500e+00   2.9823e-01
 3.2700e+00   2.9817e-01
 3.2900e+00   2.9811e-01
 3.3100e+00   2.9804e-01
 3.3300e+00   2.9798e-01
 3.3500e+00   2.9791e-01
 3.3700e+00   2.9785e-01
 3.3900e+00   2.9778e-01
 3.4100e+00   2.9772e-01
 3.4300e+00   2.9765e-01
 3.4500e+00   2.9758e-01
 3.4700e+00   2.9752e-01
 3.4900e+00   2.9745e-01
 3.5100e+00   2.9738e-01
 3.5300e+00   2.9731e-01
 3.5500e+00   2.9724e-01
 3.5700e+00   2.9718e-01
 3.5900e+00   2.9711e-01
 3.6100e+00   2.9704e-01
 3.6300e+00   2.9697e-01
 3.6500e+00   2.9690e-01
 3.6700e+00   2.9683e-01
 3.6900e+00   2.9675e-01
 3.7100e+00   2.9668e-01
 3.7300e+00   2.9661e-01
 3.7500e+00   2.9654e-01
 3.7700e+00   2.9647e-01
 3.7900e+00   2.9639e-01
 3.8100e+00   2.9632e-01
 3.8300e+00   2.9624e-01
 3.8500e+00   2.9617e-01
 3.8700e+00   2.9610e-01
 3.8900e+00   2.9602e-01
 3.9100e+00   2.9595e-01
 3.9300e+00   2.9587e-01
 3.9500e+00   2.9579e-01
 3.9700e+00   2.9572e-01
 3.9900e+00   2.9564e-01
 4.0100e+00   2.9556e-01
 4.0300e+00   2.9548e-01
 4.0500e+00   2.9541e-01
 4.0700e+00   2.9533e-01
 4.0900e+00   2.9525e-01
 4.1100e+00   2.9517e-01
 4.1300e+00   2.9509e-01
 4.1500e+00   2.9501e-01
 4.1700e+00   2.9493e-01
 4.1900e+00   2.9485e-01
 4.2100e+00   2.9477e-01
 4.2300e+00   2.9469e-01
 4.2500e+00   2.9460e-01
 4.2700e+00   2.9452e-01
 4.2900e+00   2.9444e-01
 4.3100e+00   2.9436e-01
 4.3300e+00   2.9427e-01
 4.3500e+00   2.9419e-01
 4.3700e+00   2.9411e-01
 4.3900e+00   2.9402e-01
 4.4100e+00   2.9394e-01
 4.4300e+00   2.9385e-01
 4.4500e+00   2.9376e-01
 4.4700e+00   2.9368e-01
 4.4900e+00   2.9359e-01
 4.5100e+00   2.9351e-01
 4.5300e+00   2.9342e-01
 4.5500e+00   2.9333e-01
 4.5700e+00   2.9324e-01
 4.5900e+00   2.9315e-01
 4.6100e+00   2.9307e-01
 4.6300e+00   2.9298e-01
 4.6500e+00   2.9289e-01
 4.6700e+00   2.9280e-01
 4.6900e+00   2.9271e-01
 4.7100e+00   2.9262e-01
 4.7300e+00   2.9253e-01
 4.7500e+00   2.9243e-01
 4.7700e+00   2.9234e-01
 4.7900e+00   2.9225e-01
 4.8100e+00   2.9216e-01
 4.8300e+00   2.9206e-01
 4.8500e+00   2.9197e-01
 4.8700e+00   2.9188e-01
 4.8900e+00   2.9178e-01
 4.9100e+00   2.9169e-01
 4.9300e+00   2.9159e-01
 4.9500e+00   2.9150e-01
 4.9700e+00   2.9140e-01
 4.9900e+00   2.9131e-01
 5.0100e+00   2.9121e-01
 5.0300e+00   2.9111e-01
 5.0500e+00   2.9102e-01
 5.0700e+00   2.9092e-01
 5.0900e+00   2.9082e-01
 5.1100e+00   2.9072e-01
 5.1300e+00   2.9063e-01
 5.1500e+00   2.9053e-01
 5.1700e+00   2.9043e-01
 5.1900e+00   2.9033e-01
 5.2100e+00   2.9023e-01
 5.2300e+00   2.9013e-01
 5.2500e+00   2.9003e-01
 5.2700e+00   2.8993e-01
 5.2900e+00   2.8982e-01
 5.3100e+00   2.8972e-01
 5.3300e+00   2.8962e-01
 5.3500e+00   2.8952e-01
 5.3700e+00   2.8941e-01
 5.3900e+00   2.8931e-01
 5.4100e+00   2.8921e-01
 5.4300e+00   2.8910e-01
 5.4500e+00   2.8900e-01
 5.4700e+00   2.8889e-01
 5.4900e+00   2.8879e-01
 5.5100e+00   2.8868e-01
 5.5300e+00   2.8858e-01
 5.5500e+00   2.8847e-01
 5.5700e+00   2.8836e-01
 5.5900e+00   2.8825e-01
 5.6100e+00   2.8815e-01
 5.6300e+00   2.8804e-01
 5.6500e+00   2.8793e-01
 5.6700e+00   2.8782e-01
 5.6900e+00   2.8771e-01
 5.7100e+00   2.8760e-01
 5.7300e+00   2.8749e-01
 5.7500e+00   2.8738e-01
 5.7700e+00   2.8727e-01
 5.7900e+00   2.8716e-01
 5.8100e+00   2.8705e-01
 5.8300e+00   2.8694e-01
 5.8500e+00   2.8683e-01
 5.8700e+00   2.8671e-01
 5.8900e+00   2.8660e-01
 5.9100e+00   2.8649e-01
 5.9300e+00   2.8637e-01
 5.9500e+00   2.8626e-01
 5.9700e+00   2.8615e-01
 5.9900e+00   2.8603e-01
 6.0100e+00   2.8592e-01
 6.0300e+00   2.8580e-01
 6.0500e+00   2.8568e-01
 6.0700e+00   2.8557e-01
 6.0900e+00   2.8545e-01
 6.1100e+00   2.8533e-01
 6.1300e+00   2.8522e-01
 6.1500e+00   2.8510e-01
 6.1700e+00   2.8498e-01
 6.1900e+00   2.8486e-01
 6.2100e+00   2.8474e-01
 6.2300e+00   2.8462e-01
 6.2500e+00   2.8450e-01
 6.2700e+00   2.8438e-01
 6.2900e+00   2.8426e-01
 6.3100e+00   2.8414e-01
 6.3300e+00   2.8402e-01
 6.3500e+00   2.8390e-01
 6.3700e+00   2.8378e-01
 6.3900e+00   2.8366e-01
 6.4100e+00   2.8353e-01
 6.4300e+00   2.8341e-01
 6.4500e+00   2.8329e-01
 6.4700e+00   2.8316e-01
 6.4900e+00   2.8304e-01
 6.5100e+00   2.8291e-01
 6.5300e+00   2.8279e-01
 6.5500e+00   2.8266e-01
 6.5700e+00   2.8254e-01
 6.5900e+00   2.8241e-01
 6.6100e+00   2.8228e-01
 6.6300e+00   2.8216e-01
 6.6500e+00   2.8203e-01
 6.6700e+00   2.8190e-01
 6.6900e+00   2.8177e-01
 6.7100e+00   2.8165e-01
 6.7300e+00   2.8152e-01
 6.7500e+00   2.8139e-01
 6.7700e+00   2.8126e-01
 6.7900e+00   2.8113e-01
 6.8100e+00   2.8100e-01
 6.8300e+00   2.8087e-01
 6.8500e+00   2.8073e-01
 6.8700e+00   2.8060e-01
 6.8900e+00   2.8047e-01
 6.9100e+00   2.8034e-01
 6.9300e+00   2.8021e-01
 6.9500e+00   2.8007e-01
 6.9700e+00   2.7994e-01
 6.9900e+00   2.7981e-01
 7.0100e+00   2.7967e-01
 7.0300e+00   2.7954e-01
 7.0500e+00   2.7940e-01
 7.0700e+00   2.7927e-01
 7.0900e+00   2.7913e-01
 7.1100e+00   2.7899e-01
 7.1300e+00   2.7886e-01
 7.1500e+00   2.7872e-01
 7.1700e+00   2.7858e-01
 7.1900e+00   2.7844e-01
 7.2100e+00   2.7830e-01
 7.2300e+00   2.7817e-01
 7.2500e+00   2.7803e-01
 7.2700e+00   2.7789e-01
 7.2900e+00   2.7775e-01
 7.3100e+00   2.7761e-01
 7.3300e+00   2.7747e-01
 7.3500e+00   2.7732e-01
 7.3700e+00   2.7718e-01
 7.3900e+00   2.7704e-01
 7.4100e+00   2.7690e-01
 7.4300e+00   2.7676e-01
 7.4500e+00   2.7661e-01
 7.4700e+00   2.7647e-01
 7.4900e+00   2.7632e-01
 7.5100e+00   2.7618e-01
 7.5300e+00   2.7603e-01
 7.5500e+00   2.7589e-01
 7.5700e+00   2.7574e-01
 7.5900e+00   2.7560e-01
 7.6100e+00   2.7545e-01
 7.6300e+00   2.7530e-01
 7.6500e+00   2.7516e-01
 7.6700e+00   2.7501e-01
 7.6900e+00   2.7486e-01
 7.7100e+00   2.7471e-01
 7.7300e+00   2.7456e-01
 7.7500e+00   2.7441e-01
 7.7700e+00   2.7426e-01
 7.7900e+00   2.7411e-01
 7.8100e+00   2.7396e-01
 7.8300e+00   2.7381e-01
 7.8500e+00   2.7366e-01
 7.8700e+00   2.7350e-01
 7.8900e+00   2.7335e-01
 7.9100e+00   2.7320e-01
 7.9300e+00   2.7304e-01
 7.9500e+00   2.7289e-01
 7.9700e+00   2.7273e-01
 7.9900e+00   2.7258e-01
 8.0100e+00   2.7242e-01
 8.0300e+00   2.7227e-01
 8.0500e+00   2.7211e-01
 8.0700e+00   2.7195e-01
 8.0900e+00   2.7180e-01
 8.1100e+00   2.7164e-01
 8.1300e+00   2.7148e-01
 8.1500e+00   2.7132e-01
 8.1700e+00   2.7116e-01
 8.1900e+00   2.7100e-01
 8.2100e+00   2.7084e-01
 8.2300e+00   2.7068e-01
 8.2500e+00   2.7052e-01
 8.2700e+00   2.7036e-01
 8.2900e+00   2.7019e-01
 8.3100e+00   2.7003e-01
 8.3300e+00   2.6987e-01
 8.3500e+00   2.6970e-01
 8.3700e+00   2.6954e-01
 8.3900e+00   2.6937e-01
 8.4100e+00   2.6921e-01
 8.4300e+00   2.6904e-01
 8.4500e+00   2.6887e-01
 8.4700e+00   2.6871e-01
 8.4900e+00   2.6854e-01
 8.5100e+00   2.6837e-01
 8.5300e+00   2.6820e-01
 8.5500e+00   2.6803e-01
 8.5700e+00   2.6786e-01
 8.5900e+00   2.6769e-01
 8.6100e+00   2.6752e-01
 8.6300e+00   2.6735e-01
 8.6500e+00   2.6718e-01
 8.6700e+00   2.6700e-01
 8.6900e+00   2.6683e-01
 8.7100e+00   2.6666e-01
 8.7300e+00   2.6648e-01
 8.7500e+00   2.6630e-01
 8.7700e+00   2.6613e-01
 8.7900e+00   2.6595e-01
 8.8100e+00   2.6577e-01
 8.8300e+00   2.6560e-01
 8.8500e+00   2.6542e-01
 8.8700e+00   2.6524e-01
 8.8900e+00   2.6506e-01
 8.9100e+00   2.6488e-01
 8.9300e+00   2.6470e-01
 8.9500e+00   2.6451e-01
 8.9700e+00   2.6433e-01
 8.9900e+00   2.6415e-01
 9.0100e+00   2.6396e-01
 9.0300e+00   2.6378e-01
 9.0500e+00   2.6359e-01
 9.0700e+00   2.6341e-01
 9.0900e+00   2.6322e-01
 9.1100e+00   2.6303e-01
 9.1300e+00   2.6284e-01
 9.1500e+00   2.6266e-01
 9.1700e+00   2.6247e-01
 9.1900e+00   2.6227e-01
 9.2100e+00   2.6208e-01
 9.2300e+00   2.6189e-01
 9.2500e+00   2.6170e-01
 9.2700e+00   2.6150e-01
 9.2900e+00   2.6131e-01
 9.3100e+00   2.6111e-01
 9.3300e+00   2.6092e-01
 9.3500e+00   2.6072e-01
 9.3700e+00   2.6052e-01
 9.3900e+00   2.6032e-01
 9.4100e+00   2.6012e-01
 9.4300e+00   2.5992e-01
 9.4500e+00   2.5972e-01
 9.4700e+00   2.5951e-01
 9.4900e+00   2.5931e-01
 9.5100e+00   2.5910e-01
 9.5300e+00   2.5890e-01
 9.5500e+00   2.5869e-01
 9.5700e+00   2.5848e-01
 9.5900e+00   2.5827e-01
 9.6100e+00   2.5806e-01
 9.6300e+00   2.5785e-01
 9.6500e+00   2.5764e-01
 9.6700e+00   2.5743e-01
 9.6900e+00   2.5721e-01
 9.7100e+00   2.5700e-01
 9.7300e+00   2.5678e-01
 9.7500e+00   2.5656e-01
 9.7700e+00   2.5635e-01
 9.7900e+00   2.5612e-01
 9.8100e+00   2.5590e-01
 9.8300e+00   2.5568e-01
 9.8500e+00   2.5546e-01
 9.8700e+00   2.5523e-01
 9.8900e+00   2.5501e-01
 9.9100e+00   2.5478e-01
 9.9300e+00   2.5455e-01
 9.9500e+00   2.5432e-01
 9.9700e+00   2.5409e-01
 9.9900e+00   2.5385e-01
 1.0030e+01   2.5339e-01
 1.0090e+01   2.5271e-01
 1.0150e+01   2.5204e-01
 1.0210e+01   2.5138e-01
 1.0270e+01   2.5072e-01
 1.0330e+01   2.5008e-01
 1.0390e+01   2.4944e-01
 1.0450e+01   2.4881e-01
 1.0510e+01   2.4819e-01
 1.0570e+01   2.4757e-01
 1.0630e+01   2.4696e-01
 1.0690e+01   2.4636e-01
 1.0750e+01   2.4576e-01
 1.0810e+01   2.4517e-01
 1.0870e+01   2.4458e-01
 1.0930e+01   2.4400e-01
 1.0990e+01   2.4342e-01
 1.1050e+01   2.4285e-01
 1.1110e+01   2.4228e-01
 1.1170e+01   2.4171e-01
 1.1230e+01   2.4114e-01
 1.1290e+01   2.4058e-01
 1.1350e+01   2.4003e-01
 1.1410e+01   2.3947e-01
 1.1470e+01   2.3892e-01
 1.1530e+01   2.3837e-01
 1.1590e+01   2.3782e-01
 1.1650e+01   2.3728e-01
 1.1710e+01   2.3674e-01
 1.1770e+01   2.3620e-01
 1.1830e+01   2.3566e-01
 1.1890e+01   2.3512e-01
 1.1950e+01   2.3459e-01
 1.2010e+01   2.3406e-01
 1.2070e+01   2.3352e-01
 1.2130e+01   2.3300e-01
 1.2190e+01   2.3247e-01
 1.2250e+01   2.3194e-01
 1.2310e+01   2.3141e-01
 1.2370e+01   2.3089e-01
 1.2430e+01   2.3037e-01
 1.2490e+01   2.2985e-01
 1.2550e+01   2.2932e-01
 1.2610e+01   2.2881e-01
 1.2670e+01   2.2829e-01
 1.2730e+01   2.2777e-01
 1.2790e+01   2.2725e-01
 1.2850e+01   2.2674e-01
 1.2910e+01   2.2622e-01
 1.2970e+01   2.2571e-01
 1.3030e+01   2.2519e-01
 1.3090e+01   2.2468e-01
 1.3150e+01   2.2417e-01
 1.3210e+01   2.2366e-01
 1.3270e+01   2.2315e-01
 1.3330e+01   2.2264e-01
 1.3390e+01   2.2213e-01
 1.3450e+01   2.2162e-01
 1.3510e+01   2.2111e-01
 1.3570e+01   2.2061e-01
 1.3630e+01   2.2010e-01
 1.3690e+01   2.1959e-01
 1.3750e+01   2.1909e-01
 1.3810e+01   2.1858e-01
 1.3870e+01   2.1808e-01
 1.3930e+01   2.1758e-01
 1.3990e+01   2.1707e-01
 1.4050e+01   2.1657e-01
 1.4110e+01   2.1607e-01
 1.4170e+01   2.1557e-01
 1.4230e+01   2.1507e-01
 1.4290e+01   2.1457e-01
 1.4350e+01   2.1407e-01
 1.4410e+01   2.1357e-01
 1.4470e+01   2.1307e-01
 1.4530e+01   2.1257e-01
 1.4590e+01   2.1207e-01
 1.4650e+01   2.1157e-01
 1.4710e+01   2.1108e-01
 1.4770e+01   2.1058e-01
 1.4830e+01   2.1009e-01
 1.4890e+01   2.0959e-01
 1.4950e+01   2.0909e-01
 1.5010e+01   2.0860e-01
 1.5070e+01   2.0810e-01
 1.5130e+01   2.0761e-01
 1.5190e+01   2.0712e-01
 1.5250e+01   2.0662e-01
 1.5310e+01   2.0613e-01
 1.5370e+01   2.0564e-01
 1.5430e+01   2.0515e-01
 1.5490e+01   2.0466e-01
 1.5550e+01   2.0416e-01
 1.5610e+01   2.0367e-01
 1.5670e+01   2.0318e-01
 1.5730e+01   2.0269e-01
 1.5790e+01   2.0220e-01
 1.5850e+01   2.0171e-01
 1.5910e+01   2.0123e-01
 1.5970e+01   2.0074e-01
 1.6030e+01   2.0025e-01
 1.6090e+01   1.9976e-01
 1.6150e+01   1.9928e-01
 1.6210e+01   1.9879e-01
 1.6270e+01   1.9830e-01
 1.6330e+01   1.9782e-01
 1.6390e+01   1.9733e-01
 1.6450e+01   1.9685e-01
 1.6510e+01   1.9636e-01
 1.6570e+01   1.9588e-01
 1.6630e+01   1.9539e-01
 1.6690e+01   1.9491e-01
 1.6750e+01   1.9443e-01
 1.6810e+01   1.9394e-01
 1.6870e+01   1.9346e-01
 1.6930e+01   1.9298e-01
 1.6990e+01   1.9250e-01
 1.7050e+01   1.9201e-01
 1.7110e+01   1.9153e-01
 1.7170e+01   1.9105e-01
 1.7230e+01   1.9057e-01
 1.7290e+01   1.9009e-01
 1.7350e+01   1.8961e-01
 1.7410e+01   1.8913e-01
 1.7470e+01   1.8865e-01
 1.7530e+01   1.8818e-01
 1.7590e+01   1.8770e-01
 1.7650e+01   1.8722e-01
 1.7710e+01   1.8674e-01
 1.7770e+01   1.8627e-01
 1.7830e+01   1.8579e-01
 1.7890e+01   1.8531e-01
 1.7950e+01   1.8484e-01
 1.8010e+01   1.8436e-01
 1.8070e+01   1.8388e-01
 1.8130e+01   1.8341e-01
 1.8190e+01   1.8294e-01
 1.8250e+01   1.8246e-01
 1.8310e+01   1.8199e-01
 1.8370e+01   1.8151e-01
 1.8430e+01   1.8104e-01
 1.8490e+01   1.8057e-01
 1.8550e+01   1.8009e-01
 1.8610e+01   1.7962e-01
 1.8670e+01   1.7915e-01
 1.8730e+01   1.7868e-01
 1.8790e+01   1.7821e-01
 1.8850e+01   1.7774e-01
 1.8910e+01   1.7727e-01
 1.8970e+01   1.7680e-01
 1.9030e+01   1.7633e-01
 1.9090e+01   1.7586e-01
 1.9150e+01   1.7539e-01
 1.9210e+01   1.7492e-01
 1.9270e+01   1.7445e-01
 1.9330e+01   1.7398e-01
 1.9390e+01   1.7351e-01
 1.9450e+01   1.7305e-01
 1.9510e+01   1.7258e-01
 1.9570e+01   1.7211e-01
 1.9630e+01   1.7165e-01
 1.9690e+01   1.7118e-01
 1.9750e+01   1.7071e-01
 1.9810e+01   1.7025e-01
 1.9870e+01   1.6978e-01
 1.9930e+01   1.6932e-01
 1.9990e+01   1.6885e-01
 2.0050e+01   1.6839e-01
 2.0110e+01   1.6793e-01
 2.0170e+01   1.6746e-01
 2.0230e+01   1.6700e-01
 2.0290e+01   1.6654e-01
 2.0350e+01   1.6607e-01
 2.0410e+01   1.6561e-01
 2.0470e+01   1.6515e-01
 2.0530e+01   1.6469e-01
 2.0590e+01   1.6423e-01
 2.0650e+01   1.6376e-01
 2.0710e+01   1.6330e-01
 2.0770e+01   1.6284e-01
 2.0830e+01   1.6238e-01
 2.0890e+01   1.6192e-01
 2.0950e+01   1.6146e-01
 2.1010e+01   1.6100e-01
 2.1070e+01   1.6055e-01
 2.1130e+01   1.6009e-01
 2.1190e+01   1.5963e-01
 2.1250e+01   1.5917e-01
 2.1310e+01   1.5871e-01
 2.1370e+01   1.5826e-01
 2.1430e+01   1.5780e-01
 2.1490e+01   1.5734e-01
 2.1550e+01   1.5689e-01
 2.1610e+01   1.5643e-01
 2.1670e+01   1.5597e-01
 2.1730e+01   1.5552e-01
 2.1790e+01   1.5506e-01
 2.1850e+01   1.5461e-01
 2.1910e+01   1.5415e-01
 2.1970e+01   1.5370e-01
 2.2030e+01   1.5324e-01
 2.2090e+01   1.5279e-01
 2.2150e+01   1.5234e-01
 2.2210e+01   1.5188e-01
 2.2270e+01   1.5143e-01
 2.2330e+01   1.5098e-01
 2.2390e+01   1.5052e-01
 2.2450e+01   1.5007e-01
 2.2510e+01   1.4962e-01
 2.2570e+01   1.4917e-01
 2.2630e+01   1.4872e-01
 2.2690e+01   1.4827e-01
 2.2750e+01   1.4782e-01
 2.2810e+01   1.4737e-01
 2.2870e+01   1.4692e-01
 2.2930e+01   1.4647e-01
 2.2990e+01   1.4602e-01
 2.3050e+01   1.4557e-01
 2.3110e+01   1.4512e-01
 2.3170e+01   1.4467e-01
 2.3230e+01   1.4422e-01
 2.3290e+01   1.4377e-01
 2.3350e+01   1.4332e-01
 2.3410e+01   1.4288e-01
 2.3470e+01   1.4243e-01
 2.3530e+01   1.4198e-01
 2.3590e+01   1.4154e-01
 2.3650e+01   1.4109e-01
 2.3710e+01   1.4064e-01
 2.3770e+01   1.4020e-01
 2.3830e+01   1.3975e-01
 2.3890e+01   1.3931e-01
 2.3950e+01   1.3886e-01
 2.4010e+01   1.3841e-01
 2.4070e+01   1.3797e-01
 2.4130e+01   1.3753e-01
 2.4190e+01   1.3708e-01
 2.4250e+01   1.3664e-01
 2.4310e+01   1.3619e-01
 2.4370e+01   1.3575e-01
 2.4430e+01   1.3531e-01
 2.4490e+01   1.3486e-01
 2.4550e+01   1.3442e-01
 2.4610e+01   1.3398e-01
 2.4670e+01   1.3354e-01
 2.4730e+01   1.3310e-01
 2.4790e+01   1.3265e-01
 2.4850e+01   1.3221e-01
 2.4910e+01   1.3177e-01
 2.4970e+01   1.3133e-01
 2.5030e+01   1.3089e-01
 2.5090e+01   1.3045e-01
 2.5150e+01   1.3001e-01
 2.5210e+01   1.2957e-01
 2.5270e+01   1.2913e-01
 2.5330e+01   1.2869e-01
 2.5390e+01   1.2825e-01
 2.5450e+01   1.2781e-01
 2.5510e+01   1.2737e-01
 2.5570e+01   1.2693e-01
 2.5630e+01   1.2650e-01
 2.5690e+01   1.2606e-01
 2.5750e+01   1.2562e-01
 2.5810e+01   1.2518e-01
 2.5870e+01   1.2475e-01
 2.5930e+01   1.2431e-01
 2.5990e+01   1.2387e-01
 2.6050e+01   1.2344e-01
 2.6110e+01   1.2300e-01
 2.6170e+01   1.2256e-01
 2.6230e+01   1.2213e-01
 2.6290e+01   1.2169e-01
 2.6350e+01   1.2126e-01
 2.6410e+01   1.2082e-01
 2.6470e+01   1.2039e-01
 2.6530e+01   1.1995e-01
 2.6590e+01   1.1952e-01
 2.6650e+01   1.1908e-01
 2.6710e+01   1.1865e-01
 2.6770e+01   1.1822e-01
 2.6830e+01   1.1778e-01
 2.6890e+01   1.1735e-01
 2.6950e+01   1.1692e-01
 2.7010e+01   1.1648e-01
 2.7070e+01   1.1605e-01
 2.7130e+01   1.1562e-01
 2.7190e+01   1.1519e-01
 2.7250e+01   1.1475e-01
 2.7310e+01   1.1432e-01
 2.7370e+01   1.1389e-01
 2.7430e+01   1.1346e-01
 2.7490e+01   1.1303e-01
 2.7550e+01   1.1260e-01
 2.7610e+01   1.1217e-01
 2.7670e+01   1.1174e-01
 2.7730e+01   1.1131e-01
 2.7790e+01   1.1088e-01
 2.7850e+01   1.1045e-01
 2.7910e+01   1.1002e-01
 2.7970e+01   1.0959e-01
 2.8030e+01   1.0916e-01
 2.8090e+01   1.0873e-01
 2.8150e+01   1.0830e-01
 2.8210e+01   1.0787e-01
 2.8270e+01   1.0744e-01
 2.8330e+01   1.0702e-01
 2.8390e+01   1.0659e-01
 2.8450e+01   1.0616e-01
 2.8510e+01   1.0573e-01
 2.8570e+01   1.0530e-01
 2.8630e+01   1.0488e-01
 2.8690e+01   1.0445e-01
 2.8750e+01   1.0402e-01
 2.8810e+01   1.0360e-01
 2.8870e+01   1.0317e-01
 2.8930e+01   1.0274e-01
 2.8990e+01   1.0232e-01
 2.9050e+01   1.0189e-01
 2.9110e+01   1.0147e-01
 2.9170e+01   1.0104e-01
 2.9230e+01   1.0062e-01
 2.9290e+01   1.0019e-01
 2.9350e+01   9.9767e-02
 2.9410e+01   9.9342e-02
 2.9470e+01   9.8918e-02
 2.9530e+01   9.8493e-02
 2.9590e+01   9.8069e-02
 2.9650e+01   9.7645e-02
 2.9710e+01   9.7222e-02
 2.9770e+01   9.6798e-02
 2.9830e+01   9.6375e-02
 2.9890e+01   9.5952e-02
 2.9950e+01   9.5529e-02
 3.0010e+01   9.5106e-02
 3.0070e+01   9.4683e-02
 3.0130e+01   9.4261e-02
 3.0190e+01   9.3839e-02
 3.0250e+01   9.3417e-02
 3.0310e+01   9.2995e-02
 3.0370e+01   9.2573e-02
 3.0430e+01   9.2151e-02
 3.0490e+01   9.1730e-02
 3.0550e+01   9.1309e-02
 3.0610e+01   9.0888e-02
 3.0670e+01   9.0467e-02
 3.0730e+01   9.0046e-02
 3.0790e+01   8.9626e-02
 3.0850e+01   8.9205e-02
 3.0910e+01   8.8785e-02
 3.0970e+01   8.8365e-02
 3.1030e+01   8.7946e-02
 3.1090e+01   8.7526e-02
 3.1150e+01   8.7106e-02
 3.1210e+01   8.6687e-02
 3.1270e+01   8.6268e-02
 3.1330e+01   8.5849e-02
 3.1390e+01   8.5430e-02
 3.1450e+01   8.5011e-02
 3.1510e+01   8.4593e-02
 3.1570e+01   8.4175e-02
 3.1630e+01   8.3756e-02
 3.1690e+01   8.3338e-02
 3.1750e+01   8.2920e-02
 3.1810e+01   8.2503e-02
 3.1870e+01   8.2085e-02
 3.1930e+01   8.1668e-02
 3.1990e+01   8.1250e-02
 3.2050e+01   8.0833e-02
 3.2110e+01   8.0416e-02
 3.2170e+01   8.0000e-02
 3.2230e+01   7.9583e-02
 3.2290e+01   7.9166e-02
 3.2350e+01   7.8750e-02
 3.2410e+01   7.8334e-02
 3.2470e+01   7.7918e-02
 3.2530e+01   7.7502e-02
 3.2590e+01   7.7086e-02
 3.2650e+01   7.6670e-02
 3.2710e+01   7.6255e-02
 3.2770e+01   7.5840e-02
 3.2830e+01   7.5424e-02
 3.2890e+01   7.5009e-02
 3.2950e+01   7.4594e-02
 3.3010e+01   7.4180e-02
 3.3070e+01   7.3765e-02
 3.3130e+01   7.3350e-02
 3.3190e+01   7.2936e-02
 3.3250e+01   7.2522e-02
 3.3310e+01   7.2108e-02
 3.3370e+01   7.1694e-02
 3.3430e+01   7.1280e-02
 3.3490e+01   7.0866e-02
 3.3550e+01   7.0452e-02
 3.3610e+01   7.0039e-02
 3.3670e+01   6.9625e-02
 3.3730e+01   6.9212e-02
 3.3790e+01   6.8799e-02
 3.3850e+01   6.8386e-02
 3.3910e+01   6.7973e-02
 3.3970e+01   6.7560e-02
 3.4030e+01   6.7148e-02
 3.4090e+01   6.6735e-02
 3.4150e+01   6.6322e-02
 3.4210e+01   6.5910e-02
 3.4270e+01   6.5498e-02
 3.4330e+01   6.5086e-02
 3.4390e+01   6.4673e-02
 3.4450e+01   6.4261e-02
 3.4510e+01   6.3849e-02
 3.4570e+01   6.3438e-02
 3.4630e+01   6.3026e-02
 3.4690e+01   6.2614e-02
 3.4750e+01   6.2202e-02
 3.4810e+01   6.1791e-02
 3.4870e+01   6.1379e-02
 3.4930e+01   6.0968e-02
 3.4990e+01   6.0556e-02
 3.5050e+01   6.0145e-02
 3.5110e+01   5.9734e-02
 3.5170e+01   5.9322e-02
 3.5230e+01   5.8911e-02
 3.5290e+01   5.8500e-02
 3.5350e+01   5.8088e-02
 3.5410e+01   5.7677e-02
 3.5470e+01   5.7266e-02
 3.5530e+01   5.6854e-02
 3.5590e+01   5.6443e-02
 3.5650e+01   5.6031e-02
 3.5710e+01   5.5620e-02
 3.5770e+01   5.5208e-02
 3.5830e+01   5.4796e-02
 3.5890e+01   5.4385e-02
 3.5950e+01   5.3973e-02
 3.6010e+01   5.3561e-02
 3.6070e+01   5.3148e-02
 3.6130e+01   5.2736e-02
 3.6190e+01   5.2323e-02
 3.6250e+01   5.1910e-02
 3.6310e+01   5.1497e-02
 3.6370e+01   5.1083e-02
 3.6430e+01   5.0670e-02
 3.6490e+01   5.0255e-02
 3.6550e+01   4.9841e-02
 3.6610e+01   4.9426e-02
 3.6670e+01   4.9010e-02
 3.6730e+01   4.8594e-02
 3.6790e+01   4.8177e-02
 3.6850e+01   4.7760e-02
 3.6910e+01   4.7342e-02
 3.6970e+01   4.6923e-02
 3.7030e+01   4.6504e-02
 3.7090e+01   4.6083e-02
 3.7150e+01   4.5662e-02
 3.7210e+01   4.5239e-02
 3.7270e+01   4.4816e-02
 3.7330e+01   4.4391e-02
 3.7390e+01   4.3965e-02
 3.7450e+01   4.3537e-02
 3.7510e+01   4.3107e-02
 3.7570e+01   4.2676e-02
 3.7630e+01   4.2244e-02
 3.7690e+01   4.1809e-02
 3.7750e+01   4.1372e-02
 3.7810e+01   4.0932e-02
 3.7870e+01   4.0490e-02
 3.7930e+01   4.0045e-02
 3.7990e+01   3.9598e-02
 3.8050e+01   3.9147e-02
 3.8110e+01   3.8692e-02
 3.8170e+01   3.8234e-02
 3.8230e+01   3.7772e-02
 3.8290e+01   3.7306e-02
 3.8350e+01   3.6834e-02
 3.8410e+01   3.6358e-02
 3.8470e+01   3.5876e-02
 3.8530e+01   3.5388e-02
 3.8590e+01   3.4894e-02
 3.8650e+01   3.4393e-02
 3.8710e+01   3.3885e-02
 3.8770e+01   3.3368e-02
 3.8830e+01   3.2843e-02
 3.8890e+01   3.2309e-02
 3.8950e+01   3.1764e-02
 3.9010e+01   3.1208e-02
 3.9070e+01   3.0641e-02
 3.9130e+01   3.0061e-02
 3.9190e+01   2.9468e-02
 3.9250e+01   2.8860e-02
 3.9310e+01   2.8236e-02
 3.9370e+01   2.7595e-02
 3.9430e+01   2.6936e-02
 3.9490e+01   2.6256e-02
 3.9550e+01   2.5556e-02
 3.9610e+01   2.4832e-02
 3.9670e+01   2.4083e-02
 3.9730e+01   2.3308e-02
 3.9790e+01   2.2504e-02
 3.9850e+01   2.1668e-02
 3.9910e+01   2.0799e-02
 3.9970e+01   1.9894e-02
 1.0000e-02   3.6293e-01
 3.0000e-02   3.6293e-01
 5.0000e-02   3.6293e-01
 7.0000e-02   3.6293e-01
 9.0000e-02   3.6293e-01
 1.1000e-01   3.6292e-01
 1.3000e-01   3.6292e-01
 1.5000e-01   3.6292e-01
 1.7000e-01   3.6291e-01
 1.9000e-01   3.6291e-01
 2.1000e-01   3.6290e-01
 2.3000e-01   3.6290e-01
 2.5000e-01   3.6289e-01
 2.7000e-01   3.6289e-01
 2.9000e-01   3.6288e-01
 3.1000e-01   3.6287e-01
 3.3000e-01   3.6287e-01
 3.5000e-01   3.6286e-01
 3.7000e-01   3.6285e-01
 3.9000e-01   3.6284e-01
 4.1000e-01   3.6283e-01
 4.3000e-01   3.6282e-01
 4.5000e-01   3.6281e-01
 4.7000e-01   3.6280e-01
 4.9000e-01   3.6279e-01
 5.1000e-01   3.6278e-01
 5.3000e-01   3.6277e-01
 5.5000e-01   3.6275e-01
 5.7000e-01   3.6274e-01
 5.9000e-01   3.6273e-01
 6.1000e-01   3.6271e-01
 6.3000e-01   3.6270e-01
 6.5000e-01   3.6268e-01
 6.7000e-01   3.6267e-01
 6.9000e-01   3.6265e-01
 7.1000e-01   3.6264e-01
 7.3000e-01   3.6262e-01
 7.5000e-01   3.6260e-01
 7.7000e-01   3.6258e-01
 7.9000e-01   3.6257e-01
 8.1000e-01   3.6255e-01
 8.3000e-01   3.6253e-01
 8.5000e-01   3.6251e-01
 8.7000e-01   3.6249e-01
 8.9000e-01   3.6247e-01
 9.1000e-01   3.6245e-01
 9.3000e-01   3.6243e-01
 9.5000e-01   3.6240e-01
 9.7000e-01   3.6238e-01
 9.9000e-01   3.6236e-01
 1.0100e+00   3.6234e-01
 1.0300e+00   3.6231e-01
 1.0500e+00   3.6229e-01
 1.0700e+00   3.6226e-01
 1.0900e+00   3.6224e-01
 1.1100e+00   3.6221e-01
 1.1300e+00   3.6219e-01
 1.1500e+00   3.6216e-01
 1.1700e+00   3.6213e-01
 1.1900e+00   3.6210e-01
 1.2100e+00   3.6208e-01
 1.2300e+00   3.6205e-01
 1.2500e+00   3.6202e-01
 1.2700e+00   3.6199e-01
 1.2900e+00   3.6196e-01
 1.3100e+00   3.6193e-01
 1.3300e+00   3.6190e-01
 1.3500e+00   3.6187e-01
 1.3700e+00   3.6184e-01
 1.3900e+00   3.6180e-01
 1.4100e+00   3.6177e-01
 1.4300e+00   3.6174e-01
 1.4500e+00   3.6170e-01
 1.4700e+00   3.6167e-01
 1.4900e+00   3.6164e-01
 1.5100e+00   3.6160e-01
 1.5300e+00   3.6157e-01
 1.5500e+00   3.6153e-01
 1.5700e+00   3.6149e-01
 1.5900e+00   3.6146e-01
 1.6100e+00   3.6142e-01
 1.6300e+00   3.6138e-01
 1.6500e+00   3.6134e-01
 1.6700e+00   3.6131e-01
 1.6900e+00   3.6127e-01
 1.7100e+00   3.6123e-01
 1.7300e+00   3.6119e-01
 1.7500e+00   3.6115e-01
 1.7700e+00   3.6110e-01
 1.7900e+00   3.6106e-01
 1.8100e+00   3.6102e-01
 1.8300e+00   3.6098e-01
 1.8500e+00   3.6094e-01
 1.8700e+00   3.6089e-01
 1.8900e+00   3.6085e-01
 1.9100e+00   3.6080e-01
 1.9300e+00   3.6076e-01
 1.9500e+00   3.6072e-01
 1.9700e+00   3.6067e-01
 1.9900e+00   3.6062e-01
 2.0100e+00   3.6058e-01
 2.0300e+00   3.6053e-01
 2.0500e+00   3.6048e-01
 2.0700e+00   3.6043e-01
 2.0900e+00   3.6039e-01
 2.1100e+00   3.6034e-01
 2.1300e+00   3.6029e-01
 2.1500e+00   3.6024e-01
 2.1700e+00   3.6019e-01
 2.1900e+00   3.6014e-01
 2.2100e+00   3.6009e-01
 2.2300e+00   3.6003e-01
 2.2500e+00   3.5998e-01
 2.2700e+00   3.5993e-01
 2.2900e+00   3.5988e-01
 2.3100e+00   3.5982e-01
 2.3300e+00   3.5977e-01
 2.3500e+00   3.5971e-01
 2.3700e+00   3.5966e-01
 2.3900e+00   3.5960e-01
 2.4100e+00   3.5955e-01
 2.4300e+00   3.5949e-01
 2.4500e+00   3.5944e-01
 2.4700e+00   3.5938e-01
 2.4900e+00   3.5932e-01
 2.5100e+00   3.5926e-01
 2.5300e+00   3.5920e-01
 2.5500e+00   3.5915e-01
 2.5700e+00   3.5909e-01
 2.5900e+00   3.5903e-01
 2.6100e+00   3.5897e-01
 2.6300e+00   3.5890e-01
 2.6500e+00   3.5884e-01
 2.6700e+00   3.5878e-01
 2.6900e+00   3.5872e-01
 2.7100e+00   3.5866e-01
 2.7300e+00   3.5859e-01
 2.7500e+00   3.5853e-01
 2.7700e+00   3.5847e-01
 2.7900e+00   3.5840e-01
 2.8100e+00   3.5834e-01
 2.8300e+00   3.5827e-01
 2.8500e+00   3.5820e-01
 2.8700e+00   3.5814e-01
 2.8900e+00   3.5807e-01
 2.9100e+00   3.5800e-01
 2.9300e+00   3.5794e-01
 2.9500e+00   3.5787e-01
 2.9700e+00   3.5780e-01
 2.9900e+00   3.5773e-01
 3.0100e+00   3.5766e-01
 3.0300e+00   3.5759e-01
 3.0500e+00   3.5752e-01
 3.0700e+00   3.5745e-01
 3.0900e+00   3.5738e-01
 3.1100e+00   3.5731e-01
 3.1300e+00   3.5723e-01
 3.1500e+00   3.5716e-01
 3.1700e+00   3.5709e-01
 3.1900e+00   3.5701e-01
 3.2100e+00   3.5694e-01
 3.2300e+00   3.5686e-01
 3.2500e+00   3.5679e-01
 3.2700e+00   3.5671e-01
 3.2900e+00   3.5664e-01
 3.3100e+00   3.5656e-01
 3.3300e+00   3.5648e-01
 3.3500e+00   3.5641e-01
 3.3700e+00   3.5633e-01
 3.3900e+00   3.5625e-01
 3.4100e+00   3.5617e-01
 3.4300e+00   3.5609e-01
 3.4500e+00   3.5601e-01
 3.4700e+00   3.5593e-01
 3.4900e+00   3.5585e-01
 3.5100e+00   3.5577e-01
 3.5300e+00   3.5569e-01
 3.5500e+00   3.5561e-01
 3.5700e+00   3.5552e-01
 3.5900e+00   3.5544e-01
 3.6100e+00   3.5536e-01
 3.6300e+00   3.5527e-01
 3.6500e+00   3.5519e-01
 3.6700e+00   3.5511e-01
 3.6900e+00   3.5502e-01
 3.7100e+00   3.5493e-01
 3.7300e+00   3.5485e-01
 3.7500e+00   3.5476e-01
 3.7700e+00   3.5468e-01
 3.7900e+00   3.5459e-01
 3.8100e+00   3.5450e-01
 3.8300e+00   3.5441e-01
 3.8500e+00   3.5432e-01
 3.8700e+00   3.5423e-01
 3.8900e+00   3.5414e-01
 3.9100e+00   3.5405e-01
 3.9300e+00   3.5396e-01
 3.9500e+00   3.5387e-01
 3.9700e+00   3.5378e-01
 3.9900e+00   3.5369e-01
 4.0100e+00   3.5360e-01
 4.0300e+00   3.5350e-01
 4.0500e+00   3.5341e-01
 4.0700e+00   3.5332e-01
 4.0900e+00   3.5322e-01
 4.1100e+00   3.5313e-01
 4.1300e+00   3.5303e-01
 4.1500e+00   3.5294e-01
 4.1700e+00   3.5284e-01
 4.1900e+00   3.5274e-01
 4.2100e+00   3.5265e-01
 4.2300e+00   3.5255e-01
 4.2500e+00   3.5245e-01
 4.2700e+00   3.5235e-01
 4.2900e+00   3.5225e-01
 4.3100e+00   3.5215e-01
 4.3300e+00   3.5205e-01
 4.3500e+00   3.5195e-01
 4.3700e+00   3.5185e-01
 4.3900e+00   3.5175e-01
 4.4100e+00   3.5165e-01
 4.4300e+00   3.5155e-01
 4.4500e+00   3.5145e-01
 4.4700e+00   3.5134e-01
 4.4900e+00   3.5124e-01
 4.5100e+00   3.5114e-01
 4.5300e+00   3.5103e-01
 4.5500e+00   3.5093e-01
 4.5700e+00   3.5082e-01
 4.5900e+00   3.5072e-01
 4.6100e+00   3.5061e-01
 4.6300e+00   3.5050e-01
 4.6500e+00   3.5040e-01
 4.6700e+00   3.5029e-01
 4.6900e+00   3.5018e-01
 4.7100e+00   3.5007e-01
 4.7300e+00   3.4997e-01
 4.7500e+00   3.4986e-01
 4.7700e+00   3.4975e-01
 4.7900e+00   3.4964e-01
 4.8100e+00   3.4953e-01
 4.8300e+00   3.4942e-01
 4.8500e+00   3.4930e-01
 4.8700e+00   3.4919e-01
 4.8900e+00   3.4908e-01
 4.9100e+00   3.4897e-01
 4.9300e+00   3.4885e-01
 4.9500e+00   3.4874e-01
 4.9700e+00   3.4863e-01
 4.9900e+00   3.4851e-01
 5.0100e+00   3.4840e-01
 5.0300e+00   3.4828e-01
 5.0500e+00   3.4817e-01
 5.0700e+00   3.4805e-01
 5.0900e+00   3.4793e-01
 5.1100e+00   3.4782e-01
 5.1300e+00   3.4770e-01
 5.1500e+00   3.4758e-01
 5.1700e+00   3.4746e-01
 5.1900e+00   3.4734e-01
 5.2100e+00   3.4723e-01
 5.2300e+00   3.4711e-01
 5.2500e+00   3.4699e-01
 5.2700e+00   3.4686e-01
 5.2900e+00   3.4674e-01
 5.3100e+00   3.4662e-01
 5.3300e+00   3.4650e-01
 5.3500e+00   3.4638e-01
 5.3700e+00   3.4626e-01
 5.3900e+00   3.4613e-01
 5.4100e+00   3.4601e-01
 5.4300e+00   3.4588e-01
 5.4500e+00   3.4576e-01
 5.4700e+00   3.4564e-01
 5.4900e+00   3.4551e-01
 5.5100e+00   3.4538e-01
 5.5300e+00   3.4526e-01
 5.5500e+00   3.4513e-01
 5.5700e+00   3.4500e-01
 5.5900e+00   3.4488e-01
 5.6100e+00   3.4475e-01
 5.6300e+00   3.4462e-01
 5.6500e+00   3.4449e-01
 5.6700e+00   3.4436e-01
 5.6900e+00   3.4423e-01
 5.7100e+00   3.4410e-01
 5.7300e+00   3.4397e-01
 5.7500e+00   3.4384e-01
 5.7700e+00   3.4371e-01
 5.7900e+00   3.4358e-01
 5.8100e+00   3.4345e-01
 5.8300e+00   3.4332e-01
 5.8500e+00   3.4318e-01
 5.8700e+00   3.4305e-01
 5.8900e+00   3.4292e-01
 5.9100e+00   3.4278e-01
 5.9300e+00   3.4265e-01
 5.9500e+00   3.4251e-01
 5.9700e+00   3.4238e-01
 5.9900e+00   3.4224e-01
 6.0100e+00   3.4211e-01
 6.0300e+00   3.4197e-01
 6.0500e+00   3.4183e-01
 6.0700e+00   3.4170e-01
 6.0900e+00   3.4156e-01
 6.1100e+00   3.4142e-01
 6.1300e+00   3.4128e-01
 6.1500e+00   3.4114e-01
 6.1700e+00   3.4100e-01
 6.1900e+00   3.4086e-01
 6.2100e+00   3.4072e-01
 6.2300e+00   3.4058e-01
 6.2500e+00   3.4044e-01
 6.2700e+00   3.4030e-01
 6.2900e+00   3.4016e-01
 6.3100e+00   3.4002e-01
 6.3300e+00   3.3988e-01
 6.3500e+00   3.3974e-01
 6.3700e+00   3.3959e-01
 6.3900e+00   3.3945e-01
 6.4100e+00   3.3931e-01
 6.4300e+00   3.3916e-01
 6.4500e+00   3.3902e-01
 6.4700e+00   3.3887e-01
 6.4900e+00   3.3873e-01
 6.5100e+00   3.3858e-01
 6.5300e+00   3.3844e-01
 6.5500e+00   3.3829e-01
 6.5700e+00   3.3815e-01
 6.5900e+00   3.3800e-01
 6.6100e+00   3.3786e-01
 6.6300e+00   3.3771e-01
 6.6500e+00   3.3756e-01
 6.6700e+00   3.3741e-01
 6.6900e+00   3.3727e-01
 6.7100e+00   3.3712e-01
 6.7300e+00   3.3697e-01
 6.7500e+00   3.3682e-01
 6.7700e+00   3.3667e-01
 6.7900e+00   3.3652e-01
 6.8100e+00   3.3637e-01
 6.8300e+00   3.3622e-01
 6.8500e+00   3.3607e-01
 6.8700e+00   3.3592e-01
 6.8900e+00   3.3577e-01
 6.9100e+00   3.3562e-01
 6.9300e+00   3.3547e-01
 6.9500e+00   3.3532e-01
 6.9700e+00   3.3517e-01
 6.9900e+00   3.3502e-01
 7.0100e+00   3.3487e-01
 7.0300e+00   3.3472e-01
 7.0500e+00   3.3457e-01
 7.0700e+00   3.3442e-01
 7.0900e+00   3.3426e-01
 7.1100e+00   3.3411e-01
 7.1300e+00   3.3396e-01
 7.1500e+00   3.3381e-01
 7.1700e+00   3.3366e-01
 7.1900e+00   3.3350e-01
 7.2100e+00   3.3335e-01
 7.2300e+00   3.3320e-01
 7.2500e+00   3.3305e-01
 7.2700e+00   3.3289e-01
 7.2900e+00   3.3274e-01
 7.3100e+00   3.3259e-01
 7.3300e+00   3.3244e-01
 7.3500e+00   3.3229e-01
 7.3700e+00   3.3213e-01
 7.3900e+00   3.3198e-01
 7.4100e+00   3.3183e-01
 7.4300e+00   3.3168e-01
 7.4500e+00   3.3153e-01
 7.4700e+00   3.3137e-01
 7.4900e+00   3.3122e-01
 7.5100e+00   3.3107e-01
 7.5300e+00   3.3092e-01
 7.5500e+00   3.3077e-01
 7.5700e+00   3.3062e-01
 7.5900e+00   3.3047e-01
 7.6100e+00   3.3032e-01
 7.6300e+00   3.3017e-01
 7.6500e+00   3.3002e-01
 7.6700e+00   3.2988e-01
 7.6900e+00   3.2973e-01
 7.7100e+00   3.2958e-01
 7.7300e+00   3.2943e-01
 7.7500e+00   3.2929e-01
 7.7700e+00   3.2914e-01
 7.7900e+00   3.2900e-01
 7.8100e+00   3.2885e-01
 7.8300e+00   3.2871e-01
 7.8500e+00   3.2856e-01
 7.8700e+00   3.2842e-01
 7.8900e+00   3.2828e-01
 7.9100e+00   3.2814e-01
 7.9300e+00   3.2800e-01
 7.9500e+00   3.2786e-01
 7.9700e+00   3.2772e-01
 7.9900e+00   3.2759e-01
 8.0100e+00   3.2745e-01
 8.0300e+00   3.2732e-01
 8.0500e+00   3.2718e-01
 8.0700e+00   3.2705e-01
 8.0900e+00   3.2692e-01
 8.1100e+00   3.2679e-01
 8.1300e+00   3.2666e-01
 8.1500e+00   3.2654e-01
 8.1700e+00   3.2641e-01
 8.1900e+00   3.2629e-01
 8.2100e+00   3.2617e-01
 8.2300e+00   3.2605e-01
 8.2500e+00   3.2593e-01
 8.2700e+00   3.2581e-01
 8.2900e+00   3.2570e-01
 8.3100e+00   3.2559e-01
 8.3300e+00   3.2548e-01
 8.3500e+00   3.2537e-01
 8.3700e+00   3.2526e-01
 8.3900e+00   3.2516e-01
 8.4100e+00   3.2506e-01
 8.4300e+00   3.2496e-01
 8.4500e+00   3.2487e-01
 8.4700e+00   3.2478e-01
 8.4900e+00   3.2469e-01
 8.5100e+00   3.2460e-01
 8.5300e+00   3.2452e-01
 8.5500e+00   3.2444e-01
 8.5700e+00   3.2437e-01
 8.5900e+00   3.2429e-01
 8.6100e+00   3.2423e-01
 8.6300e+00   3.2416e-01
 8.6500e+00   3.2410e-01
 8.6700e+00   3.2405e-01
 8.6900e+00   3.2399e-01
 8.7100e+00   3.2395e-01
 8.7300e+00   3.2390e-01
 8.7500e+00   3.2387e-01
 8.7700e+00   3.2383e-01
 8.7900e+00   3.2381e-01
 8.8100e+00   3.2378e-01
 8.8300e+00   3.2377e-01
 8.8500e+00   3.2376e-01
 8.8700e+00   3.2375e-01
 8.8900e+00   3.2376e-01
 8.9100e+00   3.2376e-01
 8.9300e+00   3.2378e-01
 8.9500e+00   3.2380e-01
 8.9700e+00   3.2383e-01
 8.9900e+00   3.2387e-01
 9.0100e+00   3.2391e-01
 9.0300e+00   3.2396e-01
 9.0500e+00   3.2402e-01
 9.0700e+00   3.2409e-01
 9.0900e+00   3.2417e-01
 9.1100e+00   3.2426e-01
 9.1300e+00   3.2436e-01
 9.1500e+00   3.2446e-01
 9.1700e+00   3.2458e-01
 9.1900e+00   3.2471e-01
 9.2100e+00   3.2485e-01
 9.2300e+00   3.2500e-01
 9.2500e+00   3.2516e-01
 9.2700e+00   3.2534e-01
 9.2900e+00   3.2552e-01
 9.3100e+00   3.2572e-01
 9.3300e+00   3.2594e-01
 9.3500e+00   3.2617e-01
 9.3700e+00   3.2641e-01
 9.3900e+00   3.2667e-01
 9.4100e+00   3.2694e-01
 9.4300e+00   3.2723e-01
 9.4500e+00   3.2753e-01
 9.4700e+00   3.2786e-01
 9.4900e+00   3.2820e-01
 9.5100e+00   3.2856e-01
 9.5300e+00   3.2893e-01
 9.5500e+00   3.2933e-01
 9.5700e+00   3.2975e-01
 9.5900e+00   3.3019e-01
 9.6100e+00   3.3065e-01
 9.6300e+00   3.3114e-01
 9.6500e+00   3.3164e-01
 9.6700e+00   3.3217e-01
 9.6900e+00   3.3273e-01
 9.7100e+00   3.3331e-01
 9.7300e+00   3.3392e-01
 9.7500e+00   3.3456e-01
 9.7700e+00   3.3523e-01
 9.7900e+00   3.3592e-01
 9.8100e+00   3.3665e-01
 9.8300e+00   3.3741e-01
 9.8500e+00   3.3820e-01
 9.8700e+00   3.3902e-01
 9.8900e+00   3.3988e-01
 9.9100e+00   3.4078e-01
 9.9300e+00   3.4171e-01
 9.9500e+00   3.4268e-01
 9.9700e+00   3.4370e-01
 9.9900e+00   3.4475e-01
 1.0030e+01   3.4669e-01
 1.0090e+01   3.4919e-01
 1.0150e+01   3.5142e-01
 1.0210e+01   3.5341e-01
 1.0270e+01   3.5518e-01
 1.0330e+01   3.5675e-01
 1.0390e+01   3.5812e-01
 1.0450e+01   3.5933e-01
 1.0510e+01   3.6037e-01
 1.0570e+01   3.6126e-01
 1.0630e+01   3.6202e-01
 1.0690e+01   3.6266e-01
 1.0750e+01   3.6318e-01
 1.0810e+01   3.6360e-01
 1.0870e+01   3.6391e-01
 1.0930e+01   3.6414e-01
 1.0990e+01   3.6429e-01
 1.1050e+01   3.6436e-01
 1.1110e+01   3.6436e-01
 1.1170e+01   3.6430e-01
 1.1230e+01   3.6418e-01
 1.1290e+01   3.6400e-01
 1.1350e+01   3.6378e-01
 1.1410e+01   3.6351e-01
 1.1470e+01   3.6319e-01
 1.1530e+01   3.6284e-01
 1.1590e+01   3.6245e-01
 1.1650e+01   3.6203e-01
 1.1710e+01   3.6159e-01
 1.1770e+01   3.6111e-01
 1.1830e+01   3.6061e-01
 1.1890e+01   3.6008e-01
 1.1950e+01   3.5953e-01
 1.2010e+01   3.5897e-01
 1.2070e+01   3.5838e-01
 1.2130e+01   3.5778e-01
 1.2190e+01   3.5717e-01
 1.2250e+01   3.5654e-01
 1.2310e+01   3.5590e-01
 1.2370e+01   3.5524e-01
 1.2430e+01   3.5458e-01
 1.2490e+01   3.5390e-01
 1.2550e+01   3.5322e-01
 1.2610e+01   3.5253e-01
 1.2670e+01   3.5183e-01
 1.2730e+01   3.5113e-01
 1.2790e+01   3.5042e-01
 1.2850e+01   3.4970e-01
 1.2910e+01   3.4898e-01
 1.2970e+01   3.4825e-01
 1.3030e+01   3.4752e-01
 1.3090e+01   3.4679e-01
 1.3150e+01   3.4605e-01
 1.3210e+01   3.4531e-01
 1.3270e+01   3.4457e-01
 1.3330e+01   3.4382e-01
 1.3390e+01   3.4307e-01
 1.3450e+01   3.4232e-01
 1.3510e+01   3.4157e-01
 1.3570e+01   3.4081e-01
 1.3630e+01   3.4006e-01
 1.3690e+01   3.3930e-01
 1.3750e+01   3.3854e-01
 1.3810e+01   3.3778e-01
 1.3870e+01   3.3702e-01
 1.3930e+01   3.3626e-01
 1.3990e+01   3.3550e-01
 1.4050e+01   3.3474e-01
 1.4110e+01   3.3398e-01
 1.4170e+01   3.3322e-01
 1.4230e+01   3.3245e-01
 1.4290e+01   3.3169e-01
 1.4350e+01   3.3093e-01
 1.4410e+01   3.3017e-01
 1.4470e+01   3.2940e-01
 1.4530e+01   3.2864e-01
 1.4590e+01   3.2788e-01
 1.4650e+01   3.2711e-01
 1.4710e+01   3.2635e-01
 1.4770e+01   3.2559e-01
 1.4830e+01   3.2483e-01
 1.4890e+01   3.2406e-01
 1.4950e+01   3.2330e-01
 1.5010e+01   3.2254e-01
 1.5070e+01   3.2178e-01
 1.5130e+01   3.2102e-01
 1.5190e+01   3.2026e-01
 1.5250e+01   3.1950e-01
 1.5310e+01   3.1874e-01
 1.5370e+01   3.1798e-01
 1.5430e+01   3.1722e-01
 1.5490e+01   3.1647e-01
 1.5550e+01   3.1571e-01
 1.5610e+01   3.1495e-01
 1.5670e+01   3.1419e-01
 1.5730e+01   3.1344e-01
 1.5790e+01   3.1268e-01
 1.5850e+01   3.1193e-01
 1.5910e+01   3.1117e-01
 1.5970e+01   3.1042e-01
 1.6030e+01   3.0966e-01
 1.6090e+01   3.0891e-01
 1.6150e+01   3.0816e-01
 1.6210e+01   3.0741e-01
 1.6270e+01   3.0666e-01
 1.6330e+01   3.0591e-01
 1.6390e+01   3.0515e-01
 1.6450e+01   3.0440e-01
 1.6510e+01   3.0366e-01
 1.6570e+01   3.0291e-01
 1.6630e+01   3.0216e-01
 1.6690e+01   3.0141e-01
 1.6750e+01   3.0066e-01
 1.6810e+01   2.9992e-01
 1.6870e+01   2.9917e-01
 1.6930e+01   2.9843e-01
 1.6990e+01   2.9768e-01
 1.7050e+01   2.9694e-01
 1.7110e+01   2.9619e-01
 1.7170e+01   2.9545e-01
 1.7230e+01   2.9471e-01
 1.7290e+01   2.9397e-01
 1.7350e+01   2.9322e-01
 1.7410e+01   2.9248e-01
 1.7470e+01   2.9174e-01
 1.7530e+01   2.9100e-01
 1.7590e+01   2.9026e-01
 1.7650e+01   2.8952e-01
 1.7710e+01   2.8879e-01
 1.7770e+01   2.8805e-01
 1.7830e+01   2.8731e-01
 1.7890e+01   2.8657e-01
 1.7950e+01   2.8584e-01
 1.8010e+01   2.8510e-01
 1.8070e+01   2.8437e-01
 1.8130e+01   2.8363e-01
 1.8190e+01   2.8290e-01
 1.8250e+01   2.8217e-01
 1.8310e+01   2.8143e-01
 1.8370e+01   2.8070e-01
 1.8430e+01   2.7997e-01
 1.8490e+01   2.7924e-01
 1.8550e+01   2.7851e-01
 1.8610e+01   2.7778e-01
 1.8670e+01   2.7705e-01
 1.8730e+01   2.7632e-01
 1.8790e+01   2.7559e-01
 1.8850e+01   2.7486e-01
 1.8910e+01   2.7413e-01
 1.8970e+01   2.7341e-01
 1.9030e+01   2.7268e-01
 1.9090e+01   2.7195e-01
 1.9150e+01   2.7123e-01
 1.9210e+01   2.7050e-01
 1.9270e+01   2.6978e-01
 1.9330e+01   2.6905e-01
 1.9390e+01   2.6833e-01
 1.9450e+01   2.6761e-01
 1.9510e+01   2.6689e-01
 1.9570e+01   2.6616e-01
 1.9630e+01   2.6544e-01
 1.9690e+01   2.6472e-01
 1.9750e+01   2.6400e-01
 1.9810e+01   2.6328e-01
 1.9870e+01   2.6256e-01
 1.9930e+01   2.6184e-01
 1.9990e+01   2.6112e-01
 2.0050e+01   2.6041e-01
 2.0110e+01   2.5969e-01
 2.0170e+01   2.5897e-01
 2.0230e+01   2.5825e-01
 2.0290e+01   2.5754e-01
 2.0350e+01   2.5682e-01
 2.0410e+01   2.5611e-01
 2.0470e+01   2.5539e-01
 2.0530e+01   2.5468e-01
 2.0590e+01   2.5397e-01
 2.0650e+01   2.5325e-01
 2.0710e+01   2.5254e-01
 2.0770e+01   2.5183e-01
 2.0830e+01   2.5112e-01
 2.0890e+01   2.5041e-01
 2.0950e+01   2.4970e-01
 2.1010e+01   2.4898e-01
 2.1070e+01   2.4828e-01
 2.1130e+01   2.4757e-01
 2.1190e+01   2.4686e-01
 2.1250e+01   2.4615e-01
 2.1310e+01   2.4544e-01
 2.1370e+01   2.4473e-01
 2.1430e+01   2.4403e-01
 2.1490e+01   2.4332e-01
 2.1550e+01   2.4261e-01
 2.1610e+01   2.4191e-01
 2.1670e+01   2.4120e-01
 2.1730e+01   2.4050e-01
 2.1790e+01   2.3979e-01
 2.1850e+01   2.3909e-01
 2.1910e+01   2.3839e-01
 2.1970e+01   2.3769e-01
 2.2030e+01   2.3698e-01
 2.2090e+01   2.3628e-01
 2.2150e+01   2.3558e-01
 2.2210e+01   2.3488e-01
 2.2270e+01   2.3418e-01
 2.2330e+01   2.3348e-01
 2.2390e+01   2.3278e-01
 2.2450e+01   2.3208e-01
 2.2510e+01   2.3138e-01
 2.2570e+01   2.3068e-01
 2.2630e+01   2.2998e-01
 2.2690e+01   2.2929e-01
 2.2750e+01   2.2859e-01
 2.2810e+01   2.2789e-01
 2.2870e+01   2.2720e-01
 2.2930e+01   2.2650e-01
 2.2990e+01   2.2581e-01
 2.3050e+01   2.2511e-01
 2.3110e+01   2.2442e-01
 2.3170e+01   2.2372e-01
 2.3230e+01   2.2303e-01
 2.3290e+01   2.2234e-01
 2.3350e+01   2.2164e-01
 2.3410e+01   2.2095e-01
 2.3470e+01   2.2026e-01
 2.3530e+01   2.1957e-01
 2.3590e+01   2.1888e-01
 2.3650e+01   2.1819e-01
 2.3710e+01   2.1750e-01
 2.3770e+01   2.1681e-01
 2.3830e+01   2.1612e-01
 2.3890e+01   2.1543e-01
 2.3950e+01   2.1474e-01
 2.4010e+01   2.1405e-01
 2.4070e+01   2.1336e-01
 2.4130e+01   2.1268e-01
 2.4190e+01   2.1199e-01
 2.4250e+01   2.1130e-01
 2.4310e+01   2.1062e-01
 2.4370e+01   2.0993e-01
 2.4430e+01   2.0925e-01
 2.4490e+01   2.0856e-01
 2.4550e+01   2.0788e-01
 2.4610e+01   2.0719e-01
 2.4670e+01   2.0651e-01
 2.4730e+01   2.0582e-01
 2.4790e+01   2.0514e-01
 2.4850e+01   2.0446e-01
 2.4910e+01   2.0378e-01
 2.4970e+01   2.0309e-01
 2.5030e+01   2.0241e-01
 2.5090e+01   2.0173e-01
 2.5150e+01   2.0105e-01
 2.5210e+01   2.0037e-01
 2.5270e+01   1.9969e-01
 2.5330e+01   1.9901e-01
 2.5390e+01   1.9833e-01
 2.5450e+01   1.9765e-01
 2.5510e+01   1.9698e-01
 2.5570e+01   1.9630e-01
 2.5630e+01   1.9562e-01
 2.5690e+01   1.9494e-01
 2.5750e+01   1.9427e-01
 2.5810e+01   1.9359e-01
 2.5870e+01   1.9291e-01
 2.5930e+01   1.9224e-01
 2.5990e+01   1.9156e-01
 2.6050e+01   1.9089e-01
 2.6110e+01   1.9021e-01
 2.6170e+01   1.8954e-01
 2.6230e+01   1.8886e-01
 2.6290e+01   1.8819e-01
 2.6350e+01   1.8752e-01
 2.6410e+01   1.8684e-01
 2.6470e+01   1.8617e-01
 2.6530e+01   1.8550e-01
 2.6590e+01   1.8483e-01
 2.6650e+01   1.8416e-01
 2.6710e+01   1.8349e-01
 2.6770e+01   1.8281e-01
 2.6830e+01   1.8214e-01
 2.6890e+01   1.8147e-01
 2.6950e+01   1.8080e-01
 2.7010e+01   1.8014e-01
 2.7070e+01   1.7947e-01
 2.7130e+01   1.7880e-01
 2.7190e+01   1.7813e-01
 2.7250e+01   1.7746e-01
 2.7310e+01   1.7679e-01
 2.7370e+01   1.7613e-01
 2.7430e+01   1.7546e-01
 2.7490e+01   1.7479e-01
 2.7550e+01   1.7413e-01
 2.7610e+01   1.7346e-01
 2.7670e+01   1.7279e-01
 2.7730e+01   1.7213e-01
 2.7790e+01   1.7146e-01
 2.7850e+01   1.7080e-01
 2.7910e+01   1.7013e-01
 2.7970e+01   1.6947e-01
 2.8030e+01   1.6881e-01
 2.8090e+01   1.6814e-01
 2.8150e+01   1.6748e-01
 2.8210e+01   1.6682e-01
 2.8270e+01   1.6616e-01
 2.8330e+01   1.6549e-01
 2.8390e+01   1.6483e-01
 2.8450e+01   1.6417e-01
 2.8510e+01   1.6351e-01
 2.8570e+01   1.6285e-01
 2.8630e+01   1.6219e-01
 2.8690e+01   1.6153e-01
 2.8750e+01   1.6087e-01
 2.8810e+01   1.6021e-01
 2.8870e+01   1.5955e-01
 2.8930e+01   1.5889e-01
 2.8990e+01   1.5823e-01
 2.9050e+01   1.5757e-01
 2.9110e+01   1.5691e-01
 2.9170e+01   1.5626e-01
 2.9230e+01   1.5560e-01
 2.9290e+01   1.5494e-01
 2.9350e+01   1.5428e-01
 2.9410e+01   1.5363e-01
 2.9470e+01   1.5297e-01
 2.9530e+01   1.5231e-01
 2.9590e+01   1.5166e-01
 2.9650e+01   1.5100e-01
 2.9710e+01   1.5035e-01
 2.9770e+01   1.4969e-01
 2.9830e+01   1.4904e-01
 2.9890e+01   1.4838e-01
 2.9950e+01   1.4773e-01
 3.0010e+01   1.4708e-01
 3.0070e+01   1.4642e-01
 3.0130e+01   1.4577e-01
 3.0190e+01   1.4512e-01
 3.0250e+01   1.4446e-01
 3.0310e+01   1.4381e-01
 3.0370e+01   1.4316e-01
 3.0430e+01   1.4251e-01
 3.0490e+01   1.4186e-01
 3.0550e+01   1.4120e-01
 3.0610e+01   1.4055e-01
 3.0670e+01   1.3990e-01
 3.0730e+01   1.3925e-01
 3.0790e+01   1.3860e-01
 3.0850e+01   1.3795e-01
 3.0910e+01   1.3730e-01
 3.0970e+01   1.3665e-01
 3.1030e+01   1.3600e-01
 3.1090e+01   1.3535e-01
 3.1150e+01   1.3470e-01
 3.1210e+01   1.3406e-01
 3.1270e+01   1.3341e-01
 3.1330e+01   1.3276e-01
 3.1390e+01   1.3211e-01
 3.1450e+01   1.3146e-01
 3.1510e+01   1.3082e-01
 3.1570e+01   1.3017e-01
 3.1630e+01   1.2952e-01
 3.1690e+01   1.2888e-01
 3.1750e+01   1.2823e-01
 3.1810e+01   1.2759e-01
 3.1870e+01   1.2694e-01
 3.1930e+01   1.2629e-01
 3.1990e+01   1.2565e-01
 3.2050e+01   1.2500e-01
 3.2110e+01   1.2436e-01
 3.2170e+01   1.2371e-01
 3.2230e+01   1.2307e-01
 3.2290e+01   1.2243e-01
 3.2350e+01   1.2178e-01
 3.2410e+01   1.2114e-01
 3.2470e+01   1.2049e-01
 3.2530e+01   1.1985e-01
 3.2590e+01   1.1921e-01
 3.2650e+01   1.1856e-01
 3.2710e+01   1.1792e-01
 3.2770e+01   1.1728e-01
 3.2830e+01   1.1664e-01
 3.2890e+01   1.1599e-01
 3.2950e+01   1.1535e-01
 3.3010e+01   1.1471e-01
 3.3070e+01   1.1407e-01
 3.3130e+01   1.1343e-01
 3.3190e+01   1.1279e-01
 3.3250e+01   1.1215e-01
 3.3310e+01   1.1151e-01
 3.3370e+01   1.1087e-01
 3.3430e+01   1.1022e-01
 3.3490e+01   1.0958e-01
 3.3550e+01   1.0894e-01
 3.3610e+01   1.0830e-01
 3.3670e+01   1.0766e-01
 3.3730e+01   1.0703e-01
 3.3790e+01   1.0639e-01
 3.3850e+01   1.0575e-01
 3.3910e+01   1.0511e-01
 3.3970e+01   1.0447e-01
 3.4030e+01   1.0383e-01
 3.4090e+01   1.0319e-01
 3.4150e+01   1.0255e-01
 3.4210e+01   1.0191e-01
 3.4270e+01   1.0127e-01
 3.4330e+01   1.0064e-01
 3.4390e+01   9.9997e-02
 3.4450e+01   9.9359e-02
 3.4510e+01   9.8720e-02
 3.4570e+01   9.8082e-02
 3.4630e+01   9.7444e-02
 3.4690e+01   9.6806e-02
 3.4750e+01   9.6167e-02
 3.4810e+01   9.5529e-02
 3.4870e+01   9.4891e-02
 3.4930e+01   9.4252e-02
 3.4990e+01   9.3614e-02
 3.5050e+01   9.2975e-02
 3.5110e+01   9.2337e-02
 3.5170e+01   9.1698e-02
 3.5230e+01   9.1059e-02
 3.5290e+01   9.0420e-02
 3.5350e+01   8.9781e-02
 3.5410e+01   8.9141e-02
 3.5470e+01   8.8501e-02
 3.5530e+01   8.7861e-02
 3.5590e+01   8.7221e-02
 3.5650e+01   8.6580e-02
 3.5710e+01   8.5939e-02
 3.5770e+01   8.5297e-02
 3.5830e+01   8.4655e-02
 3.5890e+01   8.4013e-02
 3.5950e+01   8.3369e-02
 3.6010e+01   8.2726e-02
 3.6070e+01   8.2081e-02
 3.6130e+01   8.1436e-02
 3.6190e+01   8.0790e-02
 3.6250e+01   8.0143e-02
 3.6310e+01   7.9495e-02
 3.6370e+01   7.8846e-02
 3.6430e+01   7.8196e-02
 3.6490e+01   7.7544e-02
 3.6550e+01   7.6892e-02
 3.6610e+01   7.6238e-02
 3.6670e+01   7.5582e-02
 3.6730e+01   7.4925e-02
 3.6790e+01   7.4266e-02
 3.6850e+01   7.3605e-02
 3.6910e+01   7.2942e-02
 3.6970e+01   7.2277e-02
 3.7030e+01   7.1610e-02
 3.7090e+01   7.0940e-02
 3.7150e+01   7.0267e-02
 3.7210e+01   6.9592e-02
 3.7270e+01   6.8913e-02
 3.7330e+01   6.8231e-02
 3.7390e+01   6.7546e-02
 3.7450e+01   6.6856e-02
 3.7510e+01   6.6163e-02
 3.7570e+01   6.5466e-02
 3.7630e+01   6.4763e-02
 3.7690e+01   6.4056e-02
 3.7750e+01   6.3344e-02
 3.7810e+01   6.2626e-02
 3.7870e+01   6.1902e-02
 3.7930e+01   6.1171e-02
 3.7990e+01   6.0434e-02
 3.8050e+01   5.9690e-02
 3.8110e+01   5.8937e-02
 3.8170e+01   5.8177e-02
 3.8230e+01   5.7407e-02
 3.8290e+01   5.6628e-02
 3.8350e+01   5.5840e-02
 3.8410e+01   5.5040e-02
 3.8470e+01   5.4229e-02
 3.8530e+01   5.3407e-02
 3.8590e+01   5.2571e-02
 3.8650e+01   5.1722e-02
 3.8710e+01   5.0858e-02
 3.8770e+01   4.9979e-02
 3.8830e+01   4.9084e-02
 3.8890e+01   4.8172e-02
 3.8950e+01   4.7241e-02
 3.9010e+01   4.6291e-02
 3.9070e+01   4.5320e-02
 3.9130e+01   4.4327e-02
 3.9190e+01   4.3312e-02
 3.9250e+01   4.2271e-02
 3.9310e+01   4.1205e-02
 3.9370e+01   4.0112e-02
 3.9430e+01   3.8990e-02
 3.9490e+01   3.7837e-02
 3.9550e+01   3.6652e-02
 3.9610e+01   3.5433e-02
 3.9670e+01   3.4178e-02
 3.9730e+01   3.2885e-02
 3.9790e+01   3.1552e-02
 3.9850e+01   3.0178e-02
 3.9910e+01   2.8759e-02
 3.9970e+01   2.7294e-02
