3
5
1.000000e+07
6.144210e+01
3.652800e-01
1.000000e-05
2.055156e-03
3.601884e-02
3.738078e-01
1.309555e-03
3.301783e-02
2.092374e-01
9.999997e-01
1.807987e-07
8.276963e-11
3.908327e-07
0.000000e+00
0.000000e+00
7.249673e-01
1.546531e+00
3.178273e+00
7.232531e-01
1.546040e+00
3.178273e+00
1.772890e+00
5.458769e-01
3.695034e-01
0.000000e+00
0.000000e+00
0.000000e+00
0.000000e+00
0.000000e+00
0.000000e+00
0
2
6.696849e-01
5.365670e-02
3.165571e-04
1
2
1.282481e+00
2.310322e-01
1
2
1.572456e-03
2.967463e+00
0
2
1.171319e+00
7.028595e-02
5.226495e-05
1
2
2.394930e+00
1.519960e-01
1
2
2.821935e-03
1.957348e+00
0
2
8.366069e-01
-3.302093e-02
-7.823807e-04
1
2
1.625302e+00
-4.220905e-01
1
2
1.583926e-03
-4.534556e+00
0
2
1.105109e-01
-9.998271e-02
-1.798431e-04
1
2
9.386424e-03
-3.846505e-01
1
2
-1.284002e-03
-3.910955e+00
0
2
-1.859612e-01
-3.750741e-02
1.030238e-03
1
2
-8.569672e-01
2.867605e-01
1
2
-3.803529e-03
1.898030e+00
0
2
-4.435386e-02
4.574787e-02
3.456720e-04
1
2
-5.688595e-01
4.271410e-01
1
2
-3.931498e-03
2.524826e+00
0