3
5
1.000000e+07
6.144210e+01
3.652800e-01
1.000000e-05
2.038713e-03
3.600733e-02
3.708726e-01
1.293224e-03
3.301879e-02
2.072910e-01
9.999997e-01
1.807987e-07
8.276963e-11
3.717364e-07
0.000000e+00
0.000000e+00
7.242410e-01
1.546447e+00
3.194519e+00
7.225023e-01
1.545955e+00
3.194519e+00
1.762960e+00
5.458858e-01
3.693037e-01
0.000000e+00
0.000000e+00
0.000000e+00
0.000000e+00
0.000000e+00
0.000000e+00
0
2
6.697275e-01
5.290848e-02
3.121467e-04
1
2
1.282821e+00
2.306070e-01
1
2
1.425586e-03
2.985803e+00
0
2
1.170237e+00
6.925265e-02
5.155225e-05
1
2
2.395497e+00
1.517135e-01
1
2
2.556564e-03
1.952037e+00
0
2
8.353014e-01
-3.267831e-02
-7.714644e-04
1
2
1.625526e+00
-4.213038e-01
1
2
1.431466e-03
-4.594776e+00
0
2
1.090759e-01
-9.860108e-02
-1.773735e-04
1
2
9.458786e-03
-3.839073e-01
1
2
-1.166937e-03
-3.932436e+00
0
2
-1.863028e-01
-3.681313e-02
1.015832e-03
1
2
-8.563281e-01
2.862596e-01
1
2
-3.445226e-03
1.950665e+00
0
2
-4.388235e-02
4.525381e-02
3.408947e-04
1
2
-5.677137e-01
4.263060e-01
1
2
-3.557772e-03
2.574530e+00
0