3
5
1.000000e+07
6.144210e+01
3.652800e-01
1.000000e-05
0.000000e+00
0.000000e+00
0.000000e+00
2.582073e-04
2.214775e-03
1.879145e-02
4.485981e-01
2.616822e-01
2.897196e-01
0.000000e+00
0.000000e+00
0.000000e+00
7.214001e-01
1.539686e+00
3.247644e+00
7.199976e-01
1.539691e+00
3.247644e+00
1.943763e+00
5.728741e-01
4.452771e-01
0.000000e+00
0.000000e+00
0.000000e+00
0.000000e+00
0.000000e+00
0.000000e+00
0
2
6.619360e-01
5.885818e-02
3.477883e-04
1
2
1.280655e+00
2.568163e-01
1
2
3.502505e-04
3.228502e+00
0
2
1.183357e+00
7.784320e-02
5.732985e-05
1
2
2.431231e+00
1.733806e-01
1
2
6.201139e-04
1.945811e+00
0
2
8.476627e-01
-3.506784e-02
-8.596828e-04
1
2
1.659987e+00
-4.616620e-01
1
2
3.113778e-04
-5.305391e+00
0
2
1.194057e-01
-1.095672e-01
-1.973991e-04
1
2
1.389832e-02
-4.305627e-01
1
2
-3.320609e-04
-4.198434e+00
0
2
-1.854954e-01
-4.273975e-02
1.132248e-03
1
2
-8.881820e-01
3.004616e-01
1
2
-8.438538e-04
2.577197e+00
0
2
-4.774315e-02
4.873167e-02
3.796470e-04
1
2
-6.175680e-01
4.634799e-01
1
2
-8.229416e-04
3.089177e+00
0