3
5
1.000000e+07
6.144210e+01
3.652800e-01
1.000000e-05
0.000000e+00
0.000000e+00
0.000000e+00
2.564616e-04
2.212379e-03
1.868216e-02
4.485981e-01
2.616822e-01
2.897196e-01
0.000000e+00
0.000000e+00
0.000000e+00
7.192875e-01
1.539578e+00
3.235639e+00
7.178813e-01
1.539583e+00
3.235639e+00
1.947072e+00
5.728828e-01
4.462515e-01
0.000000e+00
0.000000e+00
0.000000e+00
0.000000e+00
0.000000e+00
0.000000e+00
0
2
6.602671e-01
5.841876e-02
3.451933e-04
1
2
1.281033e+00
2.563325e-01
1
2
4.315240e-04
3.216526e+00
0
2
1.179991e+00
7.724460e-02
5.690603e-05
1
2
2.431868e+00
1.729813e-01
1
2
7.673914e-04
1.949355e+00
0
2
8.450285e-01
-3.484567e-02
-8.532639e-04
1
2
1.660227e+00
-4.609572e-01
1
2
3.917288e-04
-5.266139e+00
0
2
1.185943e-01
-1.087565e-01
-1.959349e-04
1
2
1.379790e-02
-4.297065e-01
1
2
-4.062001e-04
-4.185048e+00
0
2
-1.850935e-01
-4.236714e-02
1.123785e-03
1
2
-8.879166e-01
3.002753e-01
1
2
-1.048672e-03
2.542241e+00
0
2
-4.743016e-02
4.841750e-02
3.768224e-04
1
2
-6.167206e-01
4.628476e-01
1
2
-1.025869e-03
3.057334e+00
0