2.002911290818404078e-01
1.797494104897301784e-02
1.841821895165964701e-02
6.223167220080275119e-03
1.957879218151002687e-02
2.739593510537300823e-04
9.520891198960663125e-04
2.768732723233815050e-06
1.843668237159281212e-07
4.275464555099183260e-08
2.024573686025805738e-15
5.385312388722383263e-15
2.210577304586460390e-15
0.000000000000000000e+00
0.000000000000000000e+00
0.000000000000000000e+00
0.000000000000000000e+00
0.000000000000000000e+00
0.000000000000000000e+00
0.000000000000000000e+00
2.862970000000000237e-01
1.929141999999999524e-01
2.378579999999999584e-02
7.836455000000007443e-02
1.183650000000000067e-03
4.153735349999995545e-03
1.186363800000000000e-05
6.495639999999998468e-07
7.155972999999990753e-07
0.000000000000000000e+00
0.000000000000000000e+00
0.000000000000000000e+00
0.000000000000000000e+00
0.000000000000000000e+00
0.000000000000000000e+00
0.000000000000000000e+00
0.000000000000000000e+00
0.000000000000000000e+00
0.000000000000000000e+00
0.000000000000000000e+00
2.463452810352733113e-01
7.527936678059923836e-02
1.387999788695277181e-01
2.093823888809354539e-03
7.348062927309421781e-03
2.098883985614637942e-05
1.149615078888280096e-06
1.176994621285922735e-06
1.070885126336863154e-07
0.000000000000000000e+00
0.000000000000000000e+00
0.000000000000000000e+00
0.000000000000000000e+00
0.000000000000000000e+00
0.000000000000000000e+00
0.000000000000000000e+00
0.000000000000000000e+00
0.000000000000000000e+00
0.000000000000000000e+00
0.000000000000000000e+00
1.917390000000000483e-01
3.095809200000001482e-01
3.637750000000001659e-03
1.276727259999999205e-02
3.646678000000001341e-05
1.997632000000000189e-06
1.340216000000001391e-06
2.282900000000000676e-07
6.830460000000001727e-07
0.000000000000000000e+00
0.000000000000000000e+00
0.000000000000000000e+00
0.000000000000000000e+00
0.000000000000000000e+00
0.000000000000000000e+00
0.000000000000000000e+00
0.000000000000000000e+00
0.000000000000000000e+00
0.000000000000000000e+00
0.000000000000000000e+00
5.475581399527613691e-01
3.857059856572567919e-02
1.197312032823728001e-01
3.419454811326249179e-04
1.872277168229863936e-05
1.257518373701638255e-05
1.056393472859263885e-06
2.893230536003360510e-06
2.631988104493217124e-06
6.829939946027432315e-07
7.554082019929890043e-07
8.887943169690992814e-07
0.000000000000000000e+00
0.000000000000000000e+00
0.000000000000000000e+00
0.000000000000000000e+00
0.000000000000000000e+00
0.000000000000000000e+00
0.000000000000000000e+00
0.000000000000000000e+00
2.519689999999999430e-01
5.878120349999996774e-01
1.497560599999999765e-03
8.199519999999996332e-05
5.507332000000002178e-05
4.626359999999999189e-06
1.229177999999999669e-05
1.086428000000000231e-05
2.831472999999998953e-06
3.156539000000001052e-06
5.498355999999996828e-06
0.000000000000000000e+00
0.000000000000000000e+00
0.000000000000000000e+00
0.000000000000000000e+00
0.000000000000000000e+00
0.000000000000000000e+00
0.000000000000000000e+00
0.000000000000000000e+00
0.000000000000000000e+00
7.926400650097448208e-01
9.129937384428160607e-02
4.883632962825598493e-03
3.280121480131304064e-03
2.755074895267454506e-04
7.320538397888622355e-04
6.470648379365034246e-04
1.685683219043569464e-04
1.880802071277661665e-04
2.505222062032892369e-04
5.092434321041427396e-05
2.724290826622425600e-05
4.695572423750980265e-06
0.000000000000000000e+00
0.000000000000000000e+00
0.000000000000000000e+00
0.000000000000000000e+00
0.000000000000000000e+00
0.000000000000000000e+00
0.000000000000000000e+00
6.144971071880150904e-01
1.242293884273525384e-01
7.877577995272630473e-02
6.605094084149691278e-03
1.747384808590770125e-02
1.509469298142305030e-02
3.755220734914869931e-03
3.979752547926662838e-03
4.560891780647706277e-03
7.033697086689193580e-04
3.035514295433574205e-04
4.436302650454519687e-05
0.000000000000000000e+00
0.000000000000000000e+00
0.000000000000000000e+00
0.000000000000000000e+00
0.000000000000000000e+00
0.000000000000000000e+00
0.000000000000000000e+00
7.666263164525455526e-04
3.906599795886812054e-01
3.000828767259216545e-01
2.291651547787777049e-02
6.046971687190159234e-02
5.155228139874276638e-02
1.251551461231363398e-02
1.289702885594881665e-02
1.341548581582146897e-02
1.595934448779510757e-03
4.905183553094884371e-04
3.267623037045673675e-05
0.000000000000000000e+00
0.000000000000000000e+00
0.000000000000000000e+00
0.000000000000000000e+00
0.000000000000000000e+00
0.000000000000000000e+00
0.000000000000000000e+00
0.000000000000000000e+00
1.740576337119252408e-03
4.883455940753821944e-01
6.381877631370176662e-02
1.402018015473622814e-01
1.132346659999872579e-01
2.775390561947308626e-02
2.847656931830502489e-02
2.936670191371618457e-02
3.456298050499534251e-03
1.057695493803725113e-03
7.031728980102425381e-05
0.000000000000000000e+00
0.000000000000000000e+00
0.000000000000000000e+00
0.000000000000000000e+00
0.000000000000000000e+00
0.000000000000000000e+00
0.000000000000000000e+00
0.000000000000000000e+00
6.832289999999995025e-10
4.611508290501002694e-02
2.425509999999999333e-01
3.137871999999995998e-01
1.827125999999998085e-01
4.342399999999996957e-02
4.498921000000003639e-02
4.605349999999998334e-02
5.355229999999995549e-03
1.629681999999998401e-03
1.080474000000000186e-04
0.000000000000000000e+00
0.000000000000000000e+00
0.000000000000000000e+00
0.000000000000000000e+00
0.000000000000000000e+00
0.000000000000000000e+00
0.000000000000000000e+00
0.000000000000000000e+00
0.000000000000000000e+00
3.850777917976655300e-03
1.697156947753265463e-02
4.384929845284188943e-01
3.104617136780488673e-01
6.230270932094420649e-02
6.187467281462104285e-02
6.150069619116549369e-02
6.994608446116152949e-03
2.113606317340206708e-03
1.396053134182057519e-04
0.000000000000000000e+00
0.000000000000000000e+00
0.000000000000000000e+00
0.000000000000000000e+00
0.000000000000000000e+00
0.000000000000000000e+00
0.000000000000000000e+00
0.000000000000000000e+00
0.000000000000000000e+00
4.863541408391116667e-05
2.324589004300904366e-04
2.815559960506603190e-02
5.905076298160771842e-01
1.644070323346144002e-01
1.429406463039733233e-01
1.322955178077288019e-01
1.425427894902705703e-02
4.228088135022926505e-03
2.765084136761953118e-04
0.000000000000000000e+00
0.000000000000000000e+00
0.000000000000000000e+00
0.000000000000000000e+00
0.000000000000000000e+00
0.000000000000000000e+00
0.000000000000000000e+00
0.000000000000000000e+00
0.000000000000000000e+00
3.810640385482381718e-06
2.092047799407276211e-05
2.538937394584559696e-03
1.626294183710393082e-01
4.532989595726107934e-01
2.926861884087726962e-01
2.321687159113856869e-01
2.339550697725693157e-02
6.879066658354575370e-03
4.486306013913712106e-04
0.000000000000000000e+00
0.000000000000000000e+00
0.000000000000000000e+00
0.000000000000000000e+00
0.000000000000000000e+00
0.000000000000000000e+00
0.000000000000000000e+00
0.000000000000000000e+00
0.000000000000000000e+00
1.228403821991970613e-06
8.663375438798178607e-06
1.065150311538766523e-03
6.268773047951904653e-02
1.367166408274478051e-01
6.166005860731083033e-01
4.154371147095478056e-01
3.706485481425399187e-02
1.054619960875407929e-02
6.765633964665439823e-04
0.000000000000000000e+00
0.000000000000000000e+00
0.000000000000000000e+00
0.000000000000000000e+00
0.000000000000000000e+00
0.000000000000000000e+00
0.000000000000000000e+00
0.000000000000000000e+00
0.000000000000000000e+00
2.366238700165650462e-07
3.238812721138468816e-06
4.687970927686477621e-04
2.644894640282205098e-02
5.151801397747726718e-02
2.017458869378916664e-01
1.182387933311121131e+00
1.311888783121838986e-01
2.649093307284915155e-02
1.462601320536888270e-03
0.000000000000000000e+00
0.000000000000000000e+00
0.000000000000000000e+00
0.000000000000000000e+00
0.000000000000000000e+00
0.000000000000000000e+00
0.000000000000000000e+00
0.000000000000000000e+00
0.000000000000000000e+00
0.000000000000000000e+00
1.852191838410496797e-06
3.676278476716352862e-04
2.080029392273754357e-02
3.777248118242480801e-02
1.319412446952044626e-01
1.012939129772471025e+00
1.076599608572587741e+00
2.449301795957992689e-01
1.023319272891884055e-02
0.000000000000000000e+00
0.000000000000000000e+00
0.000000000000000000e+00
0.000000000000000000e+00
0.000000000000000000e+00
0.000000000000000000e+00
0.000000000000000000e+00
0.000000000000000000e+00
0.000000000000000000e+00
0.000000000000000000e+00
2.346434065461198749e-06
5.338304269260186292e-04
3.020345184615955830e-02
5.438933704309523165e-02
1.840970088404335625e-01
9.966655919971589839e-01
1.199218903315191431e+00
1.263157565099538360e+00
8.041618350047766151e-02
0.000000000000000000e+00
0.000000000000000000e+00
0.000000000000000000e+00
0.000000000000000000e+00
0.000000000000000000e+00
0.000000000000000000e+00
0.000000000000000000e+00
0.000000000000000000e+00
0.000000000000000000e+00
0.000000000000000000e+00
5.791468321023069911e-06
1.419569565239187569e-03
8.023759396382679210e-02
1.441792838809841104e-01
4.799275084628756294e-01
2.214436904348884738e+00
2.043267304384378757e+00
3.281140362627560592e+00
8.264661020619390452e-01
1.941758877016650231e-01
2.467146508498734708e-02
2.970378535453367663e-02
1.013243088317569533e-02
3.340307622215304972e-02
5.047136151667023585e-04
1.771361393502238115e-03
5.219815052486527627e-06
3.242270846314194887e-07
7.409752177785643053e-08
0.000000000000000000e+00
0.000000000000000000e+00
0.000000000000000000e+00
0.000000000000000000e+00
0.000000000000000000e+00
0.000000000000000000e+00
0.000000000000000000e+00
0.000000000000000000e+00
0.000000000000000000e+00
0.000000000000000000e+00
2.263420000000000154e-01
2.712316999999998535e-01
5.210629999999999429e-02
1.718386199999999975e-01
2.597169999999999340e-03
9.115345149999998925e-03
2.603772999999999168e-05
1.425629000000000119e-06
1.570557999999999948e-06
0.000000000000000000e+00
0.000000000000000000e+00
0.000000000000000000e+00
0.000000000000000000e+00
0.000000000000000000e+00
0.000000000000000000e+00
0.000000000000000000e+00
0.000000000000000000e+00
0.000000000000000000e+00
0.000000000000000000e+00
0.000000000000000000e+00
2.076232947248747851e-01
1.230516903547938246e-01
3.049380877641313936e-01
4.609128730270911113e-03
1.617682232409680884e-02
4.620975215971424350e-05
2.531028190794893383e-06
2.590492027415337099e-06
2.366403364713156096e-07
0.000000000000000000e+00
0.000000000000000000e+00
0.000000000000000000e+00
0.000000000000000000e+00
0.000000000000000000e+00
0.000000000000000000e+00
0.000000000000000000e+00
0.000000000000000000e+00
0.000000000000000000e+00
0.000000000000000000e+00
0.000000000000000000e+00
1.270509999999999973e-01
5.888888000000003231e-01
7.962019999999998474e-03
2.794477119999999939e-02
7.982163999999998408e-05
4.372585000000000928e-06
2.933579999999997923e-06
4.997019999999997983e-07
1.495110999999999126e-06
0.000000000000000000e+00
0.000000000000000000e+00
0.000000000000000000e+00
0.000000000000000000e+00
0.000000000000000000e+00
0.000000000000000000e+00
0.000000000000000000e+00
0.000000000000000000e+00
0.000000000000000000e+00
0.000000000000000000e+00
0.000000000000000000e+00
7.712199109935911068e-01
8.007513140362812476e-02
2.651147741849259609e-01
7.573087023485488341e-04
4.146551191930963312e-05
2.785036298843628823e-05
2.339583004758466105e-06
6.395559752073697713e-06
5.816973872220910896e-06
1.513190797000471736e-06
1.678541898539032759e-06
1.989753750768797316e-06
0.000000000000000000e+00
0.000000000000000000e+00
0.000000000000000000e+00
0.000000000000000000e+00
0.000000000000000000e+00
0.000000000000000000e+00
0.000000000000000000e+00
0.000000000000000000e+00
2.125259999999999649e-01
1.189441190000001036e+00
3.220859000000006033e-03
1.763501000000000380e-04
1.184484000000000838e-04
9.950080000000003505e-06
2.643640000000001340e-05
2.336622000000000479e-05
6.089750000000002130e-06
6.788890000000001335e-06
1.182550300000000041e-05
0.000000000000000000e+00
0.000000000000000000e+00
0.000000000000000000e+00
0.000000000000000000e+00
0.000000000000000000e+00
0.000000000000000000e+00
0.000000000000000000e+00
0.000000000000000000e+00
0.000000000000000000e+00
1.239183925836867983e+00
2.147104469194613119e-01
1.160809178880465621e-02
7.796646422080484237e-03
6.548645540946549347e-04
1.740046109867233667e-03
1.538033438950277450e-03
4.006767806559698641e-04
4.470550288545921316e-04
5.954746392020078636e-04
1.209675950269946995e-04
6.475581819503045775e-05
1.126405308872311070e-05
0.000000000000000000e+00
0.000000000000000000e+00
0.000000000000000000e+00
0.000000000000000000e+00
0.000000000000000000e+00
0.000000000000000000e+00
0.000000000000000000e+00
9.466494045546921532e-01
2.604231881941613813e-01
1.695403804371353740e-01
1.421421722421376162e-02
3.769925010635127860e-02
3.305938195887856562e-02
8.486073475841281535e-03
9.311222889988242032e-03
1.182341929260294008e-02
2.220266496779809383e-03
1.131677370379051200e-03
2.001464328598991332e-04
0.000000000000000000e+00
0.000000000000000000e+00
0.000000000000000000e+00
0.000000000000000000e+00
0.000000000000000000e+00
0.000000000000000000e+00
0.000000000000000000e+00
3.547490372689523705e-04
5.254764794558076657e-01
6.138369780188105418e-01
4.893921729391528114e-02
1.292425004684324974e-01
1.107586903487138286e-01
2.708020521149534163e-02
2.802546668711617187e-02
2.932989593440330292e-02
3.507030060228369991e-03
1.078744924655908452e-03
7.188728881131848660e-05
0.000000000000000000e+00
0.000000000000000000e+00
0.000000000000000000e+00
0.000000000000000000e+00
0.000000000000000000e+00
0.000000000000000000e+00
0.000000000000000000e+00
0.000000000000000000e+00
7.745062248870553763e-04
7.155603656445992389e-01
1.254049891105884773e-01
2.909026111457846397e-01
2.421800062218542049e-01
6.016917060521528859e-02
6.197570494507988886e-02
6.412086717244204481e-02
7.557560895566656917e-03
2.312858817857717849e-03
1.537585664661787201e-04
0.000000000000000000e+00
0.000000000000000000e+00
0.000000000000000000e+00
0.000000000000000000e+00
0.000000000000000000e+00
0.000000000000000000e+00
0.000000000000000000e+00
0.000000000000000000e+00
0.000000000000000000e+00
2.969056497073998060e-02
3.066859999999999031e-01
6.011171999999997961e-01
3.824111000000004479e-01
9.239829999999997490e-02
9.734219999999994821e-02
9.953762000000010435e-02
1.148594999999999824e-02
3.485775999999998157e-03
2.308186999999999251e-04
0.000000000000000000e+00
0.000000000000000000e+00
0.000000000000000000e+00
0.000000000000000000e+00
0.000000000000000000e+00
0.000000000000000000e+00
0.000000000000000000e+00
0.000000000000000000e+00
0.000000000000000000e+00
3.883054925930054242e-04
1.079984850130663761e-02
6.439183696164679782e-01
6.263323989658848845e-01
1.340472388429402306e-01
1.330229594760382605e-01
1.303400092847112890e-01
1.443335523519419239e-02
4.317973979461418345e-03
2.837826611707605575e-04
0.000000000000000000e+00
0.000000000000000000e+00
0.000000000000000000e+00
0.000000000000000000e+00
0.000000000000000000e+00
0.000000000000000000e+00
0.000000000000000000e+00
0.000000000000000000e+00
0.000000000000000000e+00
1.244158166360319725e-07
2.456976014506199980e-06
1.379140496834821081e-02
9.213356850194677206e-01
3.436653805749489976e-01
3.071630461585766469e-01
2.883805851143489973e-01
3.089515487622298065e-02
9.092233954246888017e-03
5.909915998725299253e-04
0.000000000000000000e+00
0.000000000000000000e+00
0.000000000000000000e+00
0.000000000000000000e+00
0.000000000000000000e+00
0.000000000000000000e+00
0.000000000000000000e+00
0.000000000000000000e+00
0.000000000000000000e+00
1.442926087863041810e-09
2.049907285798210566e-08
5.909383320092337442e-05
1.194115207803093520e-01
7.959357637942017227e-01
6.228787066670843364e-01
4.987829520420435925e-01
4.799812884467383189e-02
1.377265985806931312e-02
8.896858566499377032e-04
0.000000000000000000e+00
0.000000000000000000e+00
0.000000000000000000e+00
0.000000000000000000e+00
0.000000000000000000e+00
0.000000000000000000e+00
0.000000000000000000e+00
0.000000000000000000e+00
0.000000000000000000e+00
2.289303383364557458e-10
4.469043817539445972e-09
9.945810229316170582e-06
1.573060857055420814e-02
1.149311614217752436e-01
1.153120281977351835e+00
9.253443899215508806e-01
7.903888370846061384e-02
2.176692872074519752e-02
1.369000783948075717e-03
0.000000000000000000e+00
0.000000000000000000e+00
0.000000000000000000e+00
0.000000000000000000e+00
0.000000000000000000e+00
0.000000000000000000e+00
0.000000000000000000e+00
0.000000000000000000e+00
0.000000000000000000e+00
4.269274825210077866e-11
7.454767312773021162e-10
1.488847709887661725e-06
2.066992673266297015e-03
1.264875397492273151e-02
1.366791680711501589e-01
2.469553491979004090e+00
3.505165045350936426e-01
4.627218451564810847e-02
2.231951100311004542e-03
0.000000000000000000e+00
0.000000000000000000e+00
0.000000000000000000e+00
0.000000000000000000e+00
0.000000000000000000e+00
0.000000000000000000e+00
0.000000000000000000e+00
0.000000000000000000e+00
0.000000000000000000e+00
0.000000000000000000e+00
3.117396850243150710e-10
5.988002671737486963e-07
7.863939775026782247e-04
4.207932345750032069e-03
3.952936908813516753e-02
1.237510715478072454e+00
2.406265363952216241e+00
5.065525074114526349e-01
1.263980492102924694e-02
0.000000000000000000e+00
0.000000000000000000e+00
0.000000000000000000e+00
0.000000000000000000e+00
0.000000000000000000e+00
0.000000000000000000e+00
0.000000000000000000e+00
0.000000000000000000e+00
0.000000000000000000e+00
0.000000000000000000e+00
3.680625529910308681e-10
6.819047707790249134e-07
8.824041912683386682e-04
4.524605031018967029e-03
4.089694722999270837e-02
6.064601245152066999e-01
1.906682669380043604e+00
2.663301579214648829e+00
1.600242737593804976e-01
0.000000000000000000e+00
0.000000000000000000e+00
0.000000000000000000e+00
0.000000000000000000e+00
0.000000000000000000e+00
0.000000000000000000e+00
0.000000000000000000e+00
0.000000000000000000e+00
0.000000000000000000e+00
0.000000000000000000e+00
7.960706348004769619e-10
1.452315534355670269e-06
1.877528990149613828e-03
9.491711561055047805e-03
8.365446501930327849e-02
9.455102822652078354e-01
1.558136654674761479e+00
5.272356438298553272e+00
1.569273207737622355e+00
