2.669900292777705464e-01
7.132157794445277872e-03
3.392873576543410478e-03
2.363122363599198916e+00
1.005240013590655719e-04
8.781240000000000157e-01
5.879999999999997451e-01
9.268999999999997077e-04
1.295000000000000144e-03
9.029999999999995808e-01
0.000000000000000000e+00
3.570999999999999869e-02
4.712531745411204231e-01
9.840272389297004089e-04
1.384999162454210930e-03
1.102643548785689376e+00
0.000000000000000000e+00
4.406000000000000194e-02
5.193000000000000949e-01
1.064000000000000492e-03
1.528000000000000929e-03
1.072000000000000508e+00
0.000000000000000000e+00
1.286999999999999950e-02
7.093662577825700088e-01
1.389097236223549997e-03
3.128346951728543796e-03
8.582977038312162854e-01
0.000000000000000000e+00
2.874470000000000497e-02
8.474999999999995870e-01
2.176999999999999248e-03
6.012999999999997514e-03
7.491000000000000991e-01
0.000000000000000000e+00
1.519000000000000059e-04
9.156873731468383459e-01
1.129637048846358904e-02
2.121757927999637708e-02
5.596062545576959701e-01
0.000000000000000000e+00
3.345805599999999427e-04
9.264368769770494616e-01
2.721904138552561775e-02
5.634419597977945865e-02
6.133854892736432252e-01
0.000000000000000000e+00
5.803839999999999513e-08
8.798512895677738088e-01
1.092014762447339124e-02
1.246015975800138752e-02
6.975028279561601430e-01
0.000000000000000000e+00
1.251400000000000042e-09
9.234016279811863015e-01
3.820181899266031356e-02
2.587304243722900535e-02
6.210917820517621868e-01
0.000000000000000000e+00
5.880999999999998613e-10
9.567999999999997618e-01
4.667999999999996458e-02
3.007999999999998522e-02
5.688999999999996282e-01
0.000000000000000000e+00
3.709999999999999984e-11
1.005230206304706275e+00
6.580272783285616434e-02
4.062992484422552064e-02
5.249372304102993825e-01
0.000000000000000000e+00
8.643400000000000107e-11
1.153374888052435043e+00
1.258879945021803282e-01
7.604305254029837535e-02
4.286790999500861843e-01
0.000000000000000000e+00
5.875699999999999934e-11
1.254098928927906087e+00
1.302050597838296242e-01
7.993441754406722943e-02
3.770993565634326306e-01
0.000000000000000000e+00
1.186299999999999984e-11
1.375331981981017249e+00
1.565927505332568026e-01
9.443152122612322175e-02
3.316976080557380580e-01
0.000000000000000000e+00
1.109000000000000061e-11
1.767182055385082995e+00
2.462299311816259217e-01
1.453154210668878843e-01
2.441309146174941713e-01
0.000000000000000000e+00
1.017489999999999858e-11
2.794775848941650764e+00
4.333224912998546174e-01
2.587427004387272689e-01
1.362445198952184910e-01
0.000000000000000000e+00
1.072399999999999954e-12
4.203140523190200817e+00
6.369760070412002761e-01
3.940505280668863963e-01
8.636492124348804644e-02
0.000000000000000000e+00
2.430800000000000103e-13
9.773053949375533733e+00
1.005409463236609069e+00
7.018068159040581344e-01
3.582684906874541997e-02
0.000000000000000000e+00
6.088599999999999579e-15
2.947315783724336891e-01
0.000000000000000000e+00
3.621409019604614503e-04
2.959483877884618419e+00
0.000000000000000000e+00
1.121519999999999739e-01
7.332999999999998408e-01
0.000000000000000000e+00
1.594999999999999806e-05
9.224999999999995426e-01
0.000000000000000000e+00
9.346000000000000141e-03
6.564369902858704364e-01
0.000000000000000000e+00
6.080107417508715006e-06
1.040558079530374824e+00
0.000000000000000000e+00
1.869200000000000028e-02
7.518999999999996797e-01
0.000000000000000000e+00
5.745000000000000052e-06
9.951999999999997515e-01
0.000000000000000000e+00
9.346000000000000141e-03
1.117122950361051359e+00
0.000000000000000000e+00
1.410679104372629602e-05
7.497914089505145485e-01
0.000000000000000000e+00
1.028059999999999807e-01
1.406000000000000361e+00
0.000000000000000000e+00
3.296000000000000969e-05
6.081000000000001959e-01
0.000000000000000000e+00
9.346000000000000141e-03
1.479101492259073058e+00
0.000000000000000000e+00
2.146723370398476985e-04
5.822751044412123322e-01
0.000000000000000000e+00
2.149579999999998992e-01
1.496004084885206531e+00
0.000000000000000000e+00
1.214269972039385206e-03
5.758145623271344604e-01
0.000000000000000000e+00
8.411399999999999433e-02
1.520078862736305769e+00
0.000000000000000000e+00
2.370924233654142857e-03
5.725953535728545152e-01
0.000000000000000000e+00
2.803800000000000042e-02
1.574471495804490528e+00
0.000000000000000000e+00
3.470883066726535016e-03
5.684510944709665337e-01
0.000000000000000000e+00
6.542200000000000792e-02
1.628999999999999115e+00
0.000000000000000000e+00
4.406999999999999459e-03
5.641999999999999238e-01
0.000000000000000000e+00
9.346000000000000141e-03
1.703186002618668704e+00
0.000000000000000000e+00
5.084646483373671776e-03
5.606657088877451400e-01
0.000000000000000000e+00
3.738400000000000056e-02
1.921813954045731521e+00
0.000000000000000000e+00
6.859673898424523304e-03
5.494685482252307240e-01
0.000000000000000000e+00
8.411399999999999433e-02
2.108354047395921249e+00
0.000000000000000000e+00
8.518932510738531222e-03
5.372048442518322364e-01
0.000000000000000000e+00
2.803800000000000042e-02
2.321618132151600733e+00
0.000000000000000000e+00
1.031320393638435196e-02
5.219807779321832264e-01
0.000000000000000000e+00
3.738400000000000056e-02
3.036125544470988480e+00
0.000000000000000000e+00
1.618837483539099439e-02
4.643530327448959771e-01
0.000000000000000000e+00
7.476800000000000113e-02
4.235278435692409360e+00
0.000000000000000000e+00
2.753487403914257545e-02
3.601656263326615814e-01
0.000000000000000000e+00
2.803800000000000042e-02
5.429947739089180381e+00
0.000000000000000000e+00
4.723276622178869399e-02
2.489590111307092291e-01
0.000000000000000000e+00
2.803800000000000042e-02
9.559248437094225892e+00
0.000000000000000000e+00
1.192754819324765708e-01
1.119720954348281672e-01
0.000000000000000000e+00
1.869200000000000028e-02
