1.360000000000001208e-01
2.878999999999999615e-02
1.238000000000000211e-02
4.527000000000001023e+00
9.432000000000001147e-03
7.084000000000000019e-03
1.433000000000000385e-01
2.216999999999998833e-02
9.629999999999999671e-03
4.505000000000001670e+00
2.313000000000001253e-03
1.822999999999999968e-02
1.991848661044969271e-01
1.287322889136225182e-02
5.291265893642357887e-03
3.099231010654195373e+00
2.141062785025733841e-06
2.093999999999999750e-01
2.012276072743016397e-01
1.182675652738687105e-02
4.786772413942408898e-03
2.926484845204586627e+00
0.000000000000000000e+00
2.402000000000000246e-01
2.749850123616237596e-01
4.836544313608776013e-03
2.609457378012935112e-03
2.030801171113632453e+00
0.000000000000000000e+00
2.111000000000000099e-01
3.542300505624283447e-01
1.023919924554934869e-03
1.399298898173070198e-03
1.633376912380413604e+00
0.000000000000000000e+00
1.921099999999999752e-01
5.879999999999997451e-01
9.268999999999997077e-04
1.295000000000000144e-03
9.029999999999995808e-01
0.000000000000000000e+00
3.570999999999999869e-02
4.611000000000001764e-01
9.776000000000003437e-04
1.351000000000000855e-03
1.091000000000000414e+00
0.000000000000000000e+00
2.576000000000000165e-02
4.997666392157214532e-01
1.025040604589598069e-03
1.472190397759203786e-03
1.095611754794182602e+00
0.000000000000000000e+00
3.116999999999999979e-02
5.601999999999999202e-01
1.090000000000000257e-03
1.645999999999999894e-03
1.014000000000000234e+00
0.000000000000000000e+00
8.987000000000000197e-03
5.950000000000000844e-01
1.136000000000000074e-03
1.795000000000000154e-03
9.783999999999999364e-01
0.000000000000000000e+00
6.233999999999999958e-03
6.339000000000000190e-01
1.188000000000000254e-03
2.028000000000000289e-03
9.313000000000003498e-01
0.000000000000000000e+00
4.338999999999999975e-03
6.734999999999999876e-01
1.227999999999999925e-03
2.323999999999999677e-03
8.860000000000001208e-01
0.000000000000000000e+00
3.004999999999999859e-03
7.086999999999995525e-01
1.353999999999999518e-03
2.795999999999999441e-03
8.517999999999994465e-01
0.000000000000000000e+00
2.075000000000000022e-03
7.572999999999999732e-01
1.377999999999999234e-03
3.384000000000000289e-03
7.913999999999997703e-01
0.000000000000000000e+00
1.430999999999999980e-03
7.788917829249634162e-01
1.494413680771765124e-03
3.985923360553457473e-03
7.931557310567163288e-01
0.000000000000000000e+00
1.664999999999999813e-03
8.403151257265430996e-01
1.750122425223948289e-03
4.787070250363028093e-03
7.295963045077801246e-01
0.000000000000000000e+00
7.881999999999999684e-04
8.543339717966202951e-01
2.076262193516481645e-03
5.849997117147275397e-03
7.330528217812686265e-01
0.000000000000000000e+00
3.723999999999999988e-04
8.716999999999996973e-01
2.356000000000000021e-03
6.490999999999997640e-03
7.191000000000000725e-01
0.000000000000000000e+00
1.045999999999999946e-04
8.958000000000001517e-01
2.547999999999999484e-03
7.495000000000000794e-03
6.904999999999998916e-01
0.000000000000000000e+00
7.194000000000000579e-05
8.831999999999997630e-01
3.040000000000000167e-03
7.583000000000000330e-03
7.141999999999997240e-01
0.000000000000000000e+00
4.945000000000000258e-05
9.181000000000005823e-01
3.461000000000000968e-03
8.647999999999997703e-03
6.693000000000000060e-01
0.000000000000000000e+00
3.398999999999999813e-05
9.274000000000000021e-01
3.754000000000001259e-03
9.809999999999999276e-03
6.602999999999998870e-01
0.000000000000000000e+00
2.335999999999999996e-05
9.025278973306368746e-01
4.639138211132859575e-03
1.053731829650770765e-02
6.971015040398793605e-01
0.000000000000000000e+00
3.463899999999999819e-05
9.025330594148613939e-01
6.223605994673343800e-03
1.508907685483732580e-02
6.183701300638644316e-01
0.000000000000000000e+00
8.784999999999999745e-06
9.113000000000002210e-01
8.555999999999997635e-03
1.778000000000000760e-02
5.093999999999999639e-01
0.000000000000000000e+00
2.464000000000000041e-06
8.938000000000000389e-01
1.032000000000000105e-02
1.751000000000000473e-02
5.437999999999998391e-01
0.000000000000000000e+00
1.692999999999999927e-06
8.934999999999998499e-01
8.919000000000001580e-03
1.554000000000000520e-02
6.633999999999999897e-01
0.000000000000000000e+00
1.163999999999999994e-06
9.304000000000002268e-01
1.097000000000000232e-02
2.222999999999999976e-02
3.548000000000000598e-01
0.000000000000000000e+00
7.996000000000000396e-07
9.238000000000002876e-01
1.724000000000000532e-02
2.559000000000000510e-02
4.451000000000001067e-01
0.000000000000000000e+00
5.493999999999999830e-07
9.618000000000003213e-01
1.415000000000000459e-02
2.813000000000000569e-02
1.628000000000000280e-01
0.000000000000000000e+00
3.773999999999999781e-07
8.909000000000002473e-01
1.540000000000000917e-02
2.148999999999999869e-02
6.782000000000001361e-01
0.000000000000000000e+00
2.591999999999999917e-07
1.000999999999999668e+00
1.487999999999999913e-02
4.664000000000002866e-02
2.316000000000000003e-01
0.000000000000000000e+00
1.777999999999999907e-07
9.123612488062869952e-01
1.706208640205215260e-02
3.663688258005753234e-02
4.051461311993461156e-01
0.000000000000000000e+00
2.070200000000000101e-07
8.931999999999997719e-01
3.957999999999998325e-02
2.495999999999999608e-02
7.248999999999996557e-01
0.000000000000000000e+00
5.794999999999999944e-08
9.657999999999997698e-01
2.440000000000000502e-02
3.008999999999998481e-02
5.123999999999999666e-01
0.000000000000000000e+00
3.982000000000000187e-08
1.010999999999999677e+00
3.800999999999998824e-02
9.606000000000000649e-02
2.048999999999999433e-01
0.000000000000000000e+00
2.736999999999999958e-08
9.681924369945428266e-01
3.435810958126458287e-02
7.624421258091197695e-02
5.140972072921123903e-01
0.000000000000000000e+00
3.171999999999999552e-08
8.657000000000003581e-01
2.364000000000000476e-02
1.909000000000000280e-02
7.707999999999999297e-01
0.000000000000000000e+00
8.871999999999999969e-09
8.918000000000000371e-01
2.976000000000000867e-02
3.371999999999999997e-02
7.291999999999997373e-01
0.000000000000000000e+00
6.082000000000000297e-09
9.117000000000000659e-01
6.539999999999999980e-02
4.383999999999998315e-02
7.012999999999998124e-01
0.000000000000000000e+00
4.197000000000000293e-09
1.008320919100400337e+00
1.244306648442150727e-02
1.208006858280024493e-01
3.814964542132709413e-01
0.000000000000000000e+00
4.867999999999999320e-09
8.669000000000000039e-01
4.098999999999999345e-03
1.695000000000000326e-02
7.350999999999999757e-01
0.000000000000000000e+00
1.362999999999999946e-09
8.747897715637694693e-01
1.714484647968943232e-02
1.595351373354855079e-02
7.128481158143786800e-01
0.000000000000000000e+00
1.579899999999999890e-09
8.838999999999994639e-01
1.128000000000000010e-02
1.443999999999999277e-02
6.906000000000001027e-01
0.000000000000000000e+00
4.420000000000000246e-10
8.878581014640977154e-01
1.128186161302665788e-02
1.169134449829702972e-02
6.764319009844629305e-01
0.000000000000000000e+00
3.035999999999999649e-10
8.983999999999999764e-01
1.578999999999999501e-02
1.509999999999999711e-02
6.569000000000002615e-01
0.000000000000000000e+00
1.139000000000000022e-10
9.261000000000004784e-01
4.876000000000001861e-02
3.355999999999999955e-02
6.229000000000000092e-01
0.000000000000000000e+00
9.426000000000000589e-11
9.341055336030908984e-01
5.379283937839055701e-02
3.311124300418195193e-02
6.077092914859210104e-01
0.000000000000000000e+00
1.435100000000000038e-10
9.356999999999995321e-01
4.106999999999998152e-02
2.661999999999999089e-02
5.982999999999998320e-01
0.000000000000000000e+00
5.397999999999999738e-11
9.506549705703892794e-01
4.471259944874566433e-02
2.893028481639543445e-02
5.766804001649099565e-01
0.000000000000000000e+00
8.185000000000000687e-11
1.013477664720038085e+00
6.984806389085970735e-02
4.285568421628751373e-02
5.188927972568023739e-01
0.000000000000000000e+00
9.493099999999999768e-11
1.087000000000000632e+00
1.079000000000000792e-01
6.395000000000004847e-02
4.672000000000002817e-01
0.000000000000000000e+00
7.966999999999999475e-12
1.108000000000000318e+00
1.207999999999999907e-01
7.143000000000002125e-02
4.541000000000002257e-01
0.000000000000000000e+00
7.446999999999999267e-12
1.131000000000000005e+00
1.315999999999999115e-01
7.804999999999998050e-02
4.410999999999998811e-01
0.000000000000000000e+00
6.952000000000000266e-12
1.148999999999999577e+00
1.373000000000000054e-01
8.198999999999999344e-02
4.306000000000003158e-01
0.000000000000000000e+00
6.471000000000000195e-12
1.164000000000000368e+00
1.367000000000000159e-01
8.249000000000002164e-02
4.221000000000000862e-01
0.000000000000000000e+00
6.005000000000000363e-12
1.183894141409495449e+00
1.302196301491667374e-01
7.966284693157948960e-02
4.108756425822869818e-01
0.000000000000000000e+00
1.069600000000000047e-11
1.205999999999999739e+00
1.259000000000000397e-01
7.757000000000005557e-02
3.993000000000000993e-01
0.000000000000000000e+00
4.722000000000000276e-12
1.254098928927906087e+00
1.302050597838296242e-01
7.993441754406722943e-02
3.770993565634326306e-01
0.000000000000000000e+00
1.186299999999999984e-11
1.352332593470795485e+00
1.508648337200453882e-01
9.125015826914252559e-02
3.391836037387518932e-01
0.000000000000000000e+00
8.766000000000000412e-12
1.438000000000000167e+00
1.722000000000000197e-01
1.031000000000000527e-01
3.113000000000001877e-01
0.000000000000000000e+00
2.324000000000000195e-12
1.491999999999999993e+00
1.859000000000000652e-01
1.106999999999999929e-01
2.960999999999999743e-01
0.000000000000000000e+00
2.034000000000000017e-12
1.554999999999999938e+00
2.015000000000000124e-01
1.194000000000000339e-01
2.802000000000000046e-01
0.000000000000000000e+00
1.811999999999999953e-12
1.672531021675701890e+00
2.290219281742400803e-01
1.350622972141174993e-01
2.549872668723068836e-01
0.000000000000000000e+00
2.889000000000000312e-12
1.827999999999999403e+00
2.622999999999999221e-01
1.541999999999999760e-01
2.273999999999998245e-01
0.000000000000000000e+00
1.128000000000000040e-12
1.960999999999999410e+00
2.882999999999999452e-01
1.694999999999999563e-01
2.081999999999998852e-01
0.000000000000000000e+00
9.379000000000000728e-13
2.123000000000000664e+00
3.183000000000000829e-01
1.873000000000000220e-01
1.886000000000000176e-01
0.000000000000000000e+00
7.665999999999999849e-13
2.521721206889848688e+00
3.875029530638769426e-01
2.298339317799137638e-01
1.540267414210232111e-01
0.000000000000000000e+00
1.429800000000000027e-12
3.228000000000000647e+00
5.046000000000000485e-01
3.044000000000000594e-01
1.134999999999999898e-01
0.000000000000000000e+00
2.499999999999999950e-13
3.740000000000001545e+00
5.824000000000003618e-01
3.557000000000001827e-01
9.576000000000001178e-02
0.000000000000000000e+00
1.479000000000000059e-13
4.521000000000002572e+00
6.834000000000004515e-01
4.251000000000001999e-01
7.748000000000003495e-02
0.000000000000000000e+00
6.963999999999999407e-14
6.660831301018884432e+00
8.520996712130703976e-01
5.579692561439987264e-01
5.374162855290157831e-02
0.000000000000000000e+00
3.162860000000000596e-14
1.111999999999999794e-01
0.000000000000000000e+00
4.648999999999998620e-03
6.296000000000000263e+00
0.000000000000000000e+00
9.346000000000000141e-03
1.218000000000000471e-01
0.000000000000000000e+00
3.157999999999999783e-03
6.317000000000002835e+00
0.000000000000000000e+00
9.346000000000000141e-03
1.900860674922550675e-01
0.000000000000000000e+00
9.235203251284171844e-04
4.047608144586368972e+00
0.000000000000000000e+00
2.803800000000000042e-02
2.222913973424089085e-01
0.000000000000000000e+00
5.801878833964740105e-06
3.490050887116558975e+00
0.000000000000000000e+00
1.869200000000000028e-02
3.323643708417268749e-01
0.000000000000000000e+00
5.678706858416912625e-06
2.137322953622921684e+00
0.000000000000000000e+00
1.869200000000000028e-02
4.548753510586194815e-01
0.000000000000000000e+00
6.450292694273017210e-06
1.616127594556413305e+00
0.000000000000000000e+00
2.803800000000000042e-02
7.332999999999998408e-01
0.000000000000000000e+00
1.594999999999999806e-05
9.224999999999995426e-01
0.000000000000000000e+00
9.346000000000000141e-03
6.324999999999999512e-01
0.000000000000000000e+00
6.563999999999999326e-06
1.034000000000000030e+00
0.000000000000000000e+00
9.346000000000000141e-03
7.156241403346413898e-01
0.000000000000000000e+00
5.631339180550711192e-06
1.023243417135153210e+00
0.000000000000000000e+00
1.869200000000000028e-02
8.261000000000000565e-01
0.000000000000000000e+00
6.327000000000000579e-06
9.321000000000001506e-01
0.000000000000000000e+00
9.346000000000000141e-03
9.056999999999996165e-01
0.000000000000000000e+00
7.285999999999997665e-06
8.698999999999997845e-01
0.000000000000000000e+00
9.346000000000000141e-03
9.781999999999997364e-01
0.000000000000000000e+00
8.327000000000001759e-06
8.198999999999998511e-01
0.000000000000000000e+00
9.346000000000000141e-03
1.050000000000000266e+00
0.000000000000000000e+00
9.748000000000002214e-06
7.733000000000005425e-01
0.000000000000000000e+00
9.346000000000000141e-03
1.117999999999999661e+00
0.000000000000000000e+00
1.148999999999999672e-05
7.350000000000000977e-01
0.000000000000000000e+00
9.346000000000000141e-03
1.180999999999999828e+00
0.000000000000000000e+00
1.359999999999999854e-05
7.030999999999999472e-01
0.000000000000000000e+00
9.346000000000000141e-03
1.259027465705035542e+00
0.000000000000000000e+00
1.771500853760531405e-05
6.668063721206577421e-01
0.000000000000000000e+00
1.869200000000000028e-02
1.338816394087521289e+00
0.000000000000000000e+00
2.328209842353342083e-05
6.336240161334673049e-01
0.000000000000000000e+00
1.869200000000000028e-02
1.394424792716446371e+00
0.000000000000000000e+00
3.090162618305511611e-05
6.122268130315275947e-01
0.000000000000000000e+00
1.869200000000000028e-02
1.422999999999999821e+00
0.000000000000000000e+00
3.760000000000000592e-05
6.017000000000001236e-01
0.000000000000000000e+00
9.346000000000000141e-03
1.437999999999999723e+00
0.000000000000000000e+00
4.302000000000000485e-05
5.962999999999999412e-01
0.000000000000000000e+00
9.346000000000000141e-03
1.450000000000000178e+00
0.000000000000000000e+00
4.911999999999999049e-05
5.920999999999998487e-01
0.000000000000000000e+00
9.346000000000000141e-03
1.460000000000001075e+00
0.000000000000000000e+00
5.601000000000003464e-05
5.889000000000002011e-01
0.000000000000000000e+00
9.346000000000000141e-03
1.466999999999999860e+00
0.000000000000000000e+00
6.371999999999999301e-05
5.863999999999998103e-01
0.000000000000000000e+00
9.346000000000000141e-03
1.477000493117594182e+00
0.000000000000000000e+00
8.284474337359809201e-05
5.830998592797915769e-01
0.000000000000000000e+00
2.803800000000000042e-02
1.483999692275226323e+00
0.000000000000000000e+00
1.134477997678736447e-04
5.805501077036704372e-01
0.000000000000000000e+00
1.869200000000000028e-02
1.487000000000000988e+00
0.000000000000000000e+00
1.367999999999999913e-04
5.795999999999996710e-01
0.000000000000000000e+00
9.346000000000000141e-03
1.487999999999999767e+00
0.000000000000000000e+00
1.551999999999999506e-04
5.791999999999998261e-01
0.000000000000000000e+00
9.346000000000000141e-03
1.488999999999999657e+00
0.000000000000000000e+00
1.760000000000000225e-04
5.788999999999998591e-01
0.000000000000000000e+00
9.346000000000000141e-03
1.490000000000000213e+00
0.000000000000000000e+00
1.995000000000000787e-04
5.786000000000002252e-01
0.000000000000000000e+00
9.346000000000000141e-03
1.491000000000000547e+00
0.000000000000000000e+00
2.261999999999999146e-04
5.783000000000000362e-01
0.000000000000000000e+00
9.346000000000000141e-03
1.491000000000000325e+00
0.000000000000000000e+00
2.563999999999998897e-04
5.781999999999999362e-01
0.000000000000000000e+00
9.346000000000000141e-03
1.492000000000000215e+00
0.000000000000000000e+00
2.906000000000001247e-04
5.780000000000000693e-01
0.000000000000000000e+00
9.346000000000000141e-03
1.491999999999999771e+00
0.000000000000000000e+00
3.293999999999999294e-04
5.778999999999999693e-01
0.000000000000000000e+00
9.346000000000000141e-03
1.492000000000000881e+00
0.000000000000000000e+00
3.981188520058770767e-04
5.777001253440411377e-01
0.000000000000000000e+00
1.869200000000000028e-02
1.492999999999999883e+00
0.000000000000000000e+00
4.793999999999997807e-04
5.774999999999997913e-01
0.000000000000000000e+00
9.346000000000000141e-03
1.492999999999999883e+00
0.000000000000000000e+00
5.432999999999999245e-04
5.774000000000000243e-01
0.000000000000000000e+00
9.346000000000000141e-03
1.493000000000000105e+00
0.000000000000000000e+00
6.156999999999999496e-04
5.772999999999999243e-01
0.000000000000000000e+00
9.346000000000000141e-03
1.493999999999999551e+00
0.000000000000000000e+00
7.439098280378338927e-04
5.769008179439231165e-01
0.000000000000000000e+00
1.869200000000000028e-02
1.494999999999999440e+00
0.000000000000000000e+00
8.959999999999996613e-04
5.763999999999999124e-01
0.000000000000000000e+00
9.346000000000000141e-03
1.495999999999999774e+00
0.000000000000000000e+00
1.015000000000000277e-03
5.762000000000002675e-01
0.000000000000000000e+00
9.346000000000000141e-03
1.495999999999999774e+00
0.000000000000000000e+00
1.149999999999999981e-03
5.758999999999999675e-01
0.000000000000000000e+00
9.346000000000000141e-03
1.496999999999999442e+00
0.000000000000000000e+00
1.390582936181727859e-03
5.754999041200210552e-01
0.000000000000000000e+00
1.869200000000000028e-02
1.498000000000000442e+00
0.000000000000000000e+00
1.673999999999998623e-03
5.749999999999997335e-01
0.000000000000000000e+00
9.346000000000000141e-03
1.503529591673705701e+00
0.000000000000000000e+00
2.024075899495980050e-03
5.736479513456662627e-01
0.000000000000000000e+00
1.869200000000000028e-02
1.522999999999999687e+00
0.000000000000000000e+00
2.435999999999999364e-03
5.724000000000001309e-01
0.000000000000000000e+00
9.346000000000000141e-03
1.538017424430370816e+00
0.000000000000000000e+00
2.760374625252967791e-03
5.714484753623427782e-01
0.000000000000000000e+00
1.869200000000000028e-02
1.550999999999999934e+00
0.000000000000000000e+00
3.028999999999999141e-03
5.702000000000001512e-01
0.000000000000000000e+00
9.346000000000000141e-03
1.560999999999999943e+00
0.000000000000000000e+00
3.224999999999998701e-03
5.694000000000000172e-01
0.000000000000000000e+00
9.346000000000000141e-03
1.578042844524604638e+00
0.000000000000000000e+00
3.543289053328138160e-03
5.682971436983598190e-01
0.000000000000000000e+00
1.869200000000000028e-02
1.597000000000000419e+00
0.000000000000000000e+00
3.888999999999999662e-03
5.667000000000000925e-01
0.000000000000000000e+00
9.346000000000000141e-03
1.619595310935107779e+00
0.000000000000000000e+00
4.275334353091501775e-03
5.648434787254925649e-01
0.000000000000000000e+00
1.869200000000000028e-02
1.714850211944077607e+00
0.000000000000000000e+00
5.171241363281542033e-03
5.601711470166400586e-01
0.000000000000000000e+00
4.673000000000000070e-02
1.816999999999999726e+00
0.000000000000000000e+00
5.932999999999998171e-03
5.557999999999998497e-01
0.000000000000000000e+00
9.346000000000000141e-03
1.840999999999999304e+00
0.000000000000000000e+00
6.134999999999997226e-03
5.544999999999999929e-01
0.000000000000000000e+00
9.346000000000000141e-03
1.868999999999999995e+00
0.000000000000000000e+00
6.350999999999999875e-03
5.530000000000000471e-01
0.000000000000000000e+00
9.346000000000000141e-03
1.896000000000000130e+00
0.000000000000000000e+00
6.581999999999999310e-03
5.514999999999997682e-01
0.000000000000000000e+00
9.346000000000000141e-03
1.922999999999999821e+00
0.000000000000000000e+00
6.829999999999998399e-03
5.497999999999997334e-01
0.000000000000000000e+00
9.346000000000000141e-03
1.966992784186610166e+00
0.000000000000000000e+00
7.258927841866108163e-03
5.467970493664403575e-01
0.000000000000000000e+00
1.869200000000000028e-02
2.011000000000001009e+00
0.000000000000000000e+00
7.704000000000003380e-03
5.435000000000000941e-01
0.000000000000000000e+00
9.346000000000000141e-03
2.108354047395921249e+00
0.000000000000000000e+00
8.518932510738531222e-03
5.372048442518322364e-01
0.000000000000000000e+00
2.803800000000000042e-02
2.276159348787179848e+00
0.000000000000000000e+00
9.921487651329826546e-03
5.254942481536892807e-01
0.000000000000000000e+00
2.803800000000000042e-02
2.399000000000001354e+00
0.000000000000000000e+00
1.098000000000000365e-02
5.159999999999997922e-01
0.000000000000000000e+00
9.346000000000000141e-03
2.479999999999999982e+00
0.000000000000000000e+00
1.169000000000000074e-02
5.092999999999999750e-01
0.000000000000000000e+00
9.346000000000000141e-03
2.572000000000000064e+00
0.000000000000000000e+00
1.250000000000000243e-02
5.014999999999997238e-01
0.000000000000000000e+00
9.346000000000000141e-03
2.755592311983516840e+00
0.000000000000000000e+00
1.401646835986909700e-02
4.864819397013209201e-01
0.000000000000000000e+00
1.869200000000000028e-02
2.985000000000001208e+00
0.000000000000000000e+00
1.578000000000000236e-02
4.685000000000001386e-01
0.000000000000000000e+00
9.346000000000000141e-03
3.182999999999999829e+00
0.000000000000000000e+00
1.728999999999999981e-02
4.530999999999999472e-01
0.000000000000000000e+00
9.346000000000000141e-03
3.413999999999999257e+00
0.000000000000000000e+00
1.910999999999999505e-02
4.345999999999999308e-01
0.000000000000000000e+00
9.346000000000000141e-03
3.936377666552325127e+00
0.000000000000000000e+00
2.407289950105079290e-02
3.886221039792565612e-01
0.000000000000000000e+00
2.803800000000000042e-02
4.642000000000001236e+00
0.000000000000000000e+00
3.291000000000000869e-02
3.191999999999999837e-01
0.000000000000000000e+00
9.346000000000000141e-03
5.064000000000002721e+00
0.000000000000000000e+00
4.012999999999999901e-02
2.763999999999998680e-01
0.000000000000000000e+00
9.346000000000000141e-03
5.642000000000001236e+00
0.000000000000000000e+00
5.132000000000001838e-02
2.273000000000000853e-01
0.000000000000000000e+00
9.346000000000000141e-03
7.226519061050566961e+00
0.000000000000000000e+00
8.053414243892230429e-02
1.604355820213133055e-01
0.000000000000000000e+00
2.803800000000000042e-02
