5.427058665974756613e-01
9.763202454991502278e-04
6.406776943236151822e-04
2.088046026100065067e+00
5.234252816786841469e-07
9.997722000000001108e-01
1.440179388882622868e+00
1.498610540236320135e-03
1.028227259488869241e-03
5.848888856825618099e-01
0.000000000000000000e+00
2.010299999999999913e-04
1.467691772645651094e+00
4.103786091140806599e-03
2.725657322469784635e-03
5.739832197884224829e-01
0.000000000000000000e+00
2.195390000000000338e-05
1.480307825463381244e+00
1.467551969363463729e-02
9.037328721253344230e-03
5.654048952720532872e-01
0.000000000000000000e+00
1.533840000000000082e-06
1.484580767860131045e+00
1.556632199022053506e-02
1.241620515785569166e-02
5.626563601674676729e-01
0.000000000000000000e+00
1.531699999999999878e-07
1.562713819193193521e+00
3.711065932626904373e-02
3.801059723083639874e-02
5.416789109177585493e-01
0.000000000000000000e+00
2.761744300000000397e-08
2.017999999999999794e+00
4.450000000000001732e-01
2.604000000000001869e-01
3.891999999999999904e-01
0.000000000000000000e+00
8.298999999999999272e-12
3.287579803127711475e+00
3.650342113055409787e-01
2.026434211210636493e-01
3.662323086066142097e-01
0.000000000000000000e+00
8.276599849999998958e-11
5.427259489792486402e-01
0.000000000000000000e+00
2.159245484845635820e-04
2.149513892203576138e+00
0.000000000000000000e+00
2.710339999999999416e-01
1.458993491459204872e+00
0.000000000000000000e+00
6.088594710145729590e-05
5.892938290953084746e-01
0.000000000000000000e+00
5.607600000000000084e-02
1.484264994937627424e+00
0.000000000000000000e+00
1.407529979062429465e-04
5.805930964995921206e-01
0.000000000000000000e+00
6.542200000000000792e-02
1.489828498117246713e+00
0.000000000000000000e+00
3.155888102973905475e-04
5.786684345449935041e-01
0.000000000000000000e+00
5.607600000000000084e-02
1.491595851745232792e+00
0.000000000000000000e+00
6.241218323137816401e-04
5.779013944584379114e-01
0.000000000000000000e+00
4.673000000000000070e-02
1.546029522144193979e+00
0.000000000000000000e+00
2.563681440242170356e-03
5.718861896569549241e-01
0.000000000000000000e+00
2.056119999999999060e-01
1.790000000000000480e+00
0.000000000000000000e+00
5.738000000000003514e-03
5.576000000000003176e-01
0.000000000000000000e+00
9.346000000000000141e-03
3.149356128524485321e+00
0.000000000000000000e+00
1.787171719433442579e-02
4.533243705728988715e-01
0.000000000000000000e+00
2.897259999999999835e-01
