4.720044313930608637e-01
5.463186852437864477e-02
1.274204234240737532e-02
2.081963499142389790e-03
4.266531382814681811e-04
1.676758993039073533e-04
2.329012721117637304e-07
3.336999072746611267e-06
0.000000000000000000e+00
7.571854353831951601e-01
5.654421160801957891e-01
9.053899547472525622e-02
1.855391505355738491e-02
7.285631299292050223e-03
1.014920461688111583e-05
1.543726317398261738e-04
0.000000000000000000e+00
0.000000000000000000e+00
8.324970490966281389e-01
4.935008591328778893e-01
9.910947949852895456e-02
3.891763892017834070e-02
5.421332187557585924e-05
8.255922966889545382e-04
0.000000000000000000e+00
0.000000000000000000e+00
0.000000000000000000e+00
7.746518375121459465e-01
5.002989960902759492e-01
1.919319727216218519e-01
2.673667558132719418e-04
4.072497369405130192e-03
0.000000000000000000e+00
0.000000000000000000e+00
0.000000000000000000e+00
0.000000000000000000e+00
7.015964944002013315e-01
7.536785877042302406e-01
1.030577937803667807e-03
1.569826929994141279e-02
0.000000000000000000e+00
0.000000000000000000e+00
0.000000000000000000e+00
0.000000000000000000e+00
0.000000000000000000e+00
1.209838055812977764e+00
2.536426463300860482e-02
2.895762265751871123e-01
0.000000000000000000e+00
0.000000000000000000e+00
0.000000000000000000e+00
0.000000000000000000e+00
0.000000000000000000e+00
1.167208293357747950e-01
2.610223000000000404e-01
1.379739369770001334e+00
1.345955785353780243e+00
0.000000000000000000e+00
0.000000000000000000e+00
0.000000000000000000e+00
0.000000000000000000e+00
2.759171437209335725e-04
5.636699111889074618e-04
3.084136512310141409e+00
4.717181297419459907e-01
5.516633600041700308e-02
1.289459210085131154e-02
2.106913607081161138e-03
4.317671599615009693e-04
1.696873663330787706e-04
2.356340407433398261e-07
3.374690261505423070e-06
0.000000000000000000e+00
7.602206487165175108e-01
5.789833656895797542e-01
9.294529954687082152e-02
1.904703302582548552e-02
7.479265177021872553e-03
1.041894442307734617e-05
1.584753141137491611e-04
0.000000000000000000e+00
0.000000000000000000e+00
8.366230331337944914e-01
5.050865277181586510e-01
1.017116980236881379e-01
3.993946158028828519e-02
5.563674371389245265e-05
8.472688130362072403e-04
0.000000000000000000e+00
0.000000000000000000e+00
0.000000000000000000e+00
7.763230561078895420e-01
5.117782222276118231e-01
1.969588663476141699e-01
2.743693691747345125e-04
4.179160236603411682e-03
0.000000000000000000e+00
0.000000000000000000e+00
0.000000000000000000e+00
0.000000000000000000e+00
7.017535224702411423e-01
7.718701171075126322e-01
1.058163371754444054e-03
1.611846156434043956e-02
0.000000000000000000e+00
0.000000000000000000e+00
0.000000000000000000e+00
0.000000000000000000e+00
0.000000000000000000e+00
1.224886491642716457e+00
2.542954905517763250e-02
2.932244708811930778e-01
0.000000000000000000e+00
0.000000000000000000e+00
0.000000000000000000e+00
0.000000000000000000e+00
0.000000000000000000e+00
1.174103916563980637e-01
2.620276000000001382e-01
1.404359092109999985e+00
1.315325041619484159e+00
0.000000000000000000e+00
0.000000000000000000e+00
0.000000000000000000e+00
0.000000000000000000e+00
3.166439819052301085e-04
6.501599323798703395e-04
3.130390039582004125e+00
