8
5
1.000000e+07
7.101740e+03
1.584610e+03
2.753650e+02
6.144210e+01
1.760350e+01
3.892600e-01
3.652800e-01
1.000000e-05
9.723702e-04
1.498059e-03
4.099305e-03
1.464421e-02
1.555208e-02
3.641225e-02
4.449631e-01
3.708720e-01
6.197174e-04
1.027539e-03
2.722465e-03
9.020919e-03
1.240686e-02
3.629395e-02
2.603923e-01
2.072907e-01
9.997752e-01
2.010301e-04
2.195341e-05
1.533915e-06
1.531731e-07
2.761732e-08
8.298660e-12
8.276963e-11
4.609935e-07
0.000000e+00
0.000000e+00
0.000000e+00
0.000000e+00
0.000000e+00
0.000000e+00
0.000000e+00
5.469722e-01
1.440164e+00
1.467616e+00
1.480239e+00
1.484410e+00
1.559609e+00
2.017875e+00
3.194517e+00
5.448321e-01
1.440291e+00
1.467619e+00
1.479881e+00
1.483686e+00
1.559186e+00
2.017875e+00
3.194517e+00
2.048218e+00
5.848964e-01
5.739946e-01
5.654267e-01
5.626445e-01
5.427848e-01
3.892423e-01
3.693039e-01
0.000000e+00
0.000000e+00
0.000000e+00
0.000000e+00
0.000000e+00
0.000000e+00
0.000000e+00
0.000000e+00
0.000000e+00
0.000000e+00
0.000000e+00
0.000000e+00
0.000000e+00
0.000000e+00
0.000000e+00
0.000000e+00
0
7
4.764902e-01
5.448173e-02
1.270833e-02
2.076455e-03
4.255239e-04
1.672361e-04
2.321874e-07
3.323972e-06
1
7
7.579476e-01
5.647762e-01
9.043748e-02
1.853311e-02
7.277462e-03
1.013783e-05
1.541993e-04
2
7
8.335220e-01
4.926843e-01
9.895265e-02
3.885606e-02
5.412753e-05
8.242855e-04
3
7
7.758566e-01
4.994148e-01
1.916141e-01
2.669239e-04
4.065752e-03
4
7
7.022824e-01
7.530052e-01
1.029739e-03
1.568548e-02
5
7
1.214843e+00
2.475150e-02
2.837212e-01
5
7
1.167208e-01
2.610223e-01
1.379739e+00
5
7
4.653762e-04
9.602086e-04
2.985801e+00
0
7
8.102998e-01
8.132925e-02
9.053708e-03
6.606702e-04
7.681982e-05
2.556152e-05
8.327778e-08
1.782339e-06
1
7
1.591736e+00
9.439477e-01
6.707923e-02
6.849371e-03
1.403106e-03
1.467728e-06
3.654570e-05
2
7
1.738545e+00
8.231630e-01
8.336980e-02
1.543681e-02
7.075200e-06
1.234030e-04
3
7
1.631178e+00
8.778372e-01
1.612339e-01
5.385956e-05
6.581598e-04
4
7
1.489229e+00
1.179966e+00
3.687335e-04
3.923234e-03
5
7
2.294983e+00
3.378254e-02
1.809851e-01
5
7
2.334028e-01
6.323821e-01
1.409128e+00
5
7
7.145159e-04
1.842047e-03
1.952038e+00
0
7
6.423008e-01
-1.140705e-02
-2.548001e-02
-4.993572e-03
-1.051599e-03
-4.137976e-04
-5.469026e-07
-7.180625e-06
1
7
1.762778e+00
1.054131e-01
-1.815407e-01
-4.409947e-02
-1.795268e-02
-2.516500e-05
-3.737575e-04
2
7
1.842061e+00
9.087491e-02
-1.844379e-01
-9.132035e-02
-1.345454e-04
-2.039547e-03
3
7
1.805566e+00
2.161850e-01
-3.496550e-01
-6.580453e-04
-1.006751e-02
4
7
1.730556e+00
-2.684692e-02
-2.461625e-03
-3.831451e-02
5
7
1.621783e+00
-1.048682e-02
-5.353476e-01
5
7
1.871273e-01
7.446952e-01
-1.219600e+00
5
7
1.571791e-04
1.274289e-03
-4.594771e+00
0
7
1.423126e-01
-9.977339e-02
-2.716845e-02
-2.252050e-03
-2.669595e-04
-8.797183e-05
-2.580566e-07
-5.035475e-06
1
7
1.246137e+00
-1.012405e+00
-2.053993e-01
-2.325765e-02
-4.869838e-03
-5.134710e-06
-1.210956e-04
2
7
1.181036e+00
-8.841522e-01
-2.446230e-01
-5.177659e-02
-2.467935e-05
-4.237125e-04
3
7
1.274760e+00
-8.142698e-01
-4.579901e-01
-1.869877e-04
-2.285419e-03
4
7
1.355367e+00
-1.340560e+00
-1.257668e-03
-1.352179e-02
5
7
5.237010e-02
-5.281825e-02
-4.786406e-01
5
7
1.958194e-03
5.587404e-01
-2.158196e+00
5
7
-8.204963e-04
-3.464353e-04
-3.932437e+00
0
7
-1.085348e-01
-7.362421e-02
1.794627e-02
6.137980e-03
1.381526e-03
5.464177e-04
6.542325e-07
7.339362e-06
1
7
4.370916e-01
-1.128139e+00
1.244077e-01
5.273017e-02
2.348431e-02
3.340057e-05
4.749814e-04
2
7
2.890678e-01
-9.836600e-01
8.659222e-02
1.058514e-01
1.792082e-04
2.693906e-03
3
7
4.447483e-01
-1.114661e+00
1.545519e-01
8.594282e-04
1.329358e-02
4
7
6.335086e-01
-1.187107e+00
2.977530e-03
4.894446e-02
5
7
-9.285645e-01
-3.986054e-02
3.772315e-01
5
7
-2.330946e-01
9.667317e-02
-5.272602e-01
5
7
-1.393108e-03
-2.052114e-03
1.950658e+00
0
7
-5.732362e-02
1.458078e-02
3.996458e-02
4.216598e-03
5.176791e-04
1.690378e-04
4.497454e-07
7.792268e-06
1
7
-1.723998e-01
-1.934961e-01
3.130285e-01
4.323196e-02
9.421829e-03
1.001676e-05
2.219434e-04
2
7
-2.696302e-01
-1.669433e-01
3.415396e-01
9.411170e-02
4.818791e-05
8.120052e-04
3
7
-1.796988e-01
-4.272409e-01
6.020674e-01
3.619775e-04
4.432285e-03
4
7
-2.292047e-02
-5.345291e-03
2.356874e-03
2.583504e-02
5
7
-7.518246e-01
9.122173e-03
5.582811e-01
5
7
-3.595088e-01
-4.578984e-01
4.411996e-01
5
7
-9.308192e-04
-2.626955e-03
2.574528e+00
0