8
5
1.000000e+07
7.101740e+03
1.584610e+03
2.753650e+02
6.144210e+01
1.760350e+01
3.892600e-01
3.652800e-01
1.000000e-05
0.000000e+00
0.000000e+00
0.000000e+00
0.000000e+00
0.000000e+00
0.000000e+00
0.000000e+00
0.000000e+00
2.803897e-04
6.098829e-05
1.410770e-04
3.162924e-04
6.247998e-04
2.626720e-03
5.737574e-03
1.879145e-02
2.710280e-01
5.607476e-02
6.542056e-02
5.607476e-02
4.672897e-02
2.056075e-01
9.345794e-03
2.897196e-01
0.000000e+00
0.000000e+00
0.000000e+00
0.000000e+00
0.000000e+00
0.000000e+00
0.000000e+00
0.000000e+00
5.279624e-01
1.459006e+00
1.484433e+00
1.489835e+00
1.491429e+00
1.549365e+00
1.789535e+00
3.247645e+00
5.261875e-01
1.459140e+00
1.484459e+00
1.489841e+00
1.491438e+00
1.549368e+00
1.789535e+00
3.247645e+00
2.291684e+00
5.892604e-01
5.805800e-01
5.786645e-01
5.779224e-01
5.716467e-01
5.576086e-01
4.452770e-01
0.000000e+00
0.000000e+00
0.000000e+00
0.000000e+00
0.000000e+00
0.000000e+00
0.000000e+00
0.000000e+00
0.000000e+00
0.000000e+00
0.000000e+00
0.000000e+00
0.000000e+00
0.000000e+00
0.000000e+00
0.000000e+00
0
7
4.566691e-01
5.535667e-02
1.293564e-02
2.113620e-03
4.331427e-04
1.702153e-04
2.366823e-07
3.398169e-06
1
7
7.579829e-01
5.809351e-01
9.324547e-02
1.910855e-02
7.503420e-03
1.045259e-05
1.589879e-04
2
7
8.336924e-01
5.074135e-01
1.021626e-01
4.011650e-02
5.588338e-05
8.510255e-04
3
7
7.731256e-01
5.141122e-01
1.978083e-01
2.755526e-04
4.197184e-03
4
7
6.998801e-01
7.737093e-01
1.060503e-03
1.615409e-02
5
7
1.212856e+00
2.685045e-02
3.070319e-01
5
7
1.174104e-01
2.620276e-01
1.404359e+00
5
7
1.162556e-04
2.339940e-04
3.228503e+00
0
7
7.952053e-01
8.353069e-02
9.286292e-03
6.769785e-04
7.847121e-05
2.586393e-05
8.382127e-08
1.810859e-06
1
7
1.626424e+00
9.760247e-01
6.926735e-02
7.072267e-03
1.448222e-03
1.512014e-06
3.763404e-05
2
7
1.775814e+00
8.527866e-01
8.625194e-02
1.596870e-02
7.307988e-06
1.273129e-04
3
7
1.664324e+00
9.095398e-01
1.668071e-01
5.569550e-05
6.800921e-04
4
7
1.521151e+00
1.218401e+00
3.802019e-04
4.044653e-03
5
7
2.330646e+00
3.767352e-02
1.994205e-01
5
7
2.384155e-01
6.448752e-01
1.451184e+00
5
7
1.780871e-04
4.420250e-04
1.945811e+00
0
7
6.292220e-01
-1.013297e-02
-2.586148e-02
-5.080778e-03
-1.070340e-03
-4.212583e-04
-5.584933e-07
-7.353535e-06
1
7
1.806827e+00
1.132249e-01
-1.870467e-01
-4.546244e-02
-1.850956e-02
-2.594673e-05
-3.853967e-04
2
7
1.887777e+00
9.906467e-02
-1.901744e-01
-9.426068e-02
-1.389092e-04
-2.105762e-03
3
7
1.848719e+00
2.294300e-01
-3.604104e-01
-6.792859e-04
-1.039280e-02
4
7
1.773071e+00
-2.281011e-02
-2.534894e-03
-3.945720e-02
5
7
1.656905e+00
-9.553979e-03
-5.739666e-01
5
7
1.924595e-01
7.620998e-01
-1.249523e+00
5
7
2.928919e-05
2.820870e-04
-5.305392e+00
0
7
1.437749e-01
-1.011700e-01
-2.783735e-02
-2.307223e-03
-2.726827e-04
-8.906551e-05
-2.604803e-07
-5.127426e-06
1
7
1.280866e+00
-1.039588e+00
-2.120258e-01
-2.401277e-02
-5.026334e-03
-5.289400e-06
-1.247089e-04
2
7
1.215144e+00
-9.081640e-01
-2.529277e-01
-5.355336e-02
-2.549139e-05
-4.371679e-04
3
7
1.309940e+00
-8.339288e-01
-4.734275e-01
-1.933569e-04
-2.361581e-03
4
7
1.390681e+00
-1.375415e+00
-1.296708e-03
-1.393983e-02
5
7
5.947211e-02
-5.665347e-02
-5.214693e-01
5
7
2.309666e-03
5.713057e-01
-2.215907e+00
5
7
-2.131339e-04
-1.189273e-04
-4.198434e+00
0
7
-1.039722e-01
-7.687430e-02
1.798444e-02
6.238316e-03
1.405874e-03
5.564933e-04
6.704119e-07
7.541564e-06
1
7
4.541373e-01
-1.164331e+00
1.277811e-01
5.434027e-02
2.421108e-02
3.443926e-05
4.898508e-04
2
7
3.039170e-01
-1.017523e+00
8.852543e-02
1.091919e-01
1.850183e-04
2.781489e-03
3
7
4.636080e-01
-1.150863e+00
1.577471e-01
8.870702e-04
1.372256e-02
4
7
6.529076e-01
-1.221749e+00
3.065301e-03
5.039803e-02
5
7
-9.550316e-01
-4.558464e-02
3.927718e-01
5
7
-2.383392e-01
9.871524e-02
-5.384762e-01
5
7
-3.379375e-04
-5.059145e-04
2.577199e+00
0
7
-5.683970e-02
1.268699e-02
4.085463e-02
4.318448e-03
5.287236e-04
1.712606e-04
4.558211e-07
7.952538e-06
1
7
-1.708675e-01
-2.065967e-01
3.228915e-01
4.462955e-02
9.724292e-03
1.031887e-05
2.285922e-04
2
7
-2.699000e-01
-1.810247e-01
3.526569e-01
9.731657e-02
4.977336e-05
8.378605e-04
3
7
-1.758364e-01
-4.504069e-01
6.212088e-01
3.742907e-04
4.579982e-03
4
7
-1.879004e-02
-1.034766e-02
2.429770e-03
2.663217e-02
5
7
-7.981710e-01
6.086333e-03
5.960241e-01
5
7
-3.694911e-01
-4.724713e-01
4.513939e-01
5
7
-2.119714e-04
-6.109671e-04
3.089177e+00
0