1.360000000000001208e-01
2.878999999999999615e-02
1.238000000000000211e-02
4.527000000000001023e+00
9.432000000000001147e-03
7.084000000000000019e-03
1.433000000000000385e-01
2.216999999999998833e-02
9.629999999999999671e-03
4.505000000000001670e+00
2.313000000000001253e-03
1.822999999999999968e-02
1.630000000000000893e-01
1.381000000000000630e-02
6.038000000000000832e-03
3.994000000000000661e+00
1.043000000000000178e-05
4.078999999999999987e-02
1.976999999999999591e-01
1.310999999999999839e-02
5.928999999999999375e-03
3.137999999999998124e+00
0.000000000000000000e+00
7.006999999999999340e-02
2.157999999999999363e-01
1.231000000000000150e-02
4.541000000000002500e-03
2.686999999999998945e+00
0.000000000000000000e+00
9.854000000000000259e-02
2.012276072743016397e-01
1.182675652738687105e-02
4.786772413942408898e-03
2.926484845204586627e+00
0.000000000000000000e+00
2.402000000000000246e-01
2.749850123616237596e-01
4.836544313608776013e-03
2.609457378012935112e-03
2.030801171113632453e+00
0.000000000000000000e+00
2.111000000000000099e-01
3.610999999999998100e-01
1.208999999999999788e-03
1.507999999999999358e-03
1.393999999999999684e+00
0.000000000000000000e+00
8.040999999999999537e-02
4.061128226411352404e-01
9.359544347126294095e-04
1.336641958472360898e-03
1.548308780424909825e+00
0.000000000000000000e+00
1.474099999999999855e-01
4.611000000000001764e-01
9.776000000000003437e-04
1.351000000000000855e-03
1.091000000000000414e+00
0.000000000000000000e+00
2.576000000000000165e-02
4.829000000000001069e-01
9.913999999999999202e-04
1.423999999999999702e-03
1.116000000000000103e+00
0.000000000000000000e+00
1.830000000000000029e-02
5.384275953089772138e-01
1.076159351541159390e-03
1.583184749302184386e-03
1.044875292715876203e+00
0.000000000000000000e+00
2.185700000000000143e-02
6.135236934818202315e-01
1.160761749641507894e-03
1.905951685893678138e-03
9.559715690747109251e-01
0.000000000000000000e+00
1.057299999999999907e-02
6.734999999999999876e-01
1.227999999999999925e-03
2.323999999999999677e-03
8.860000000000001208e-01
0.000000000000000000e+00
3.004999999999999859e-03
7.086999999999995525e-01
1.353999999999999518e-03
2.795999999999999441e-03
8.517999999999994465e-01
0.000000000000000000e+00
2.075000000000000022e-03
7.572999999999999732e-01
1.377999999999999234e-03
3.384000000000000289e-03
7.913999999999997703e-01
0.000000000000000000e+00
1.430999999999999980e-03
7.656000000000000583e-01
1.416999999999999857e-03
3.778999999999999374e-03
8.044999999999998819e-01
0.000000000000000000e+00
9.860999999999999540e-04
7.929000000000001602e-01
1.576000000000000794e-03
4.204000000000001139e-03
7.812000000000004496e-01
0.000000000000000000e+00
6.788999999999999679e-04
8.195000000000000062e-01
1.686000000000000866e-03
4.573000000000000675e-03
7.549000000000000155e-01
0.000000000000000000e+00
4.671000000000000239e-04
8.613537559545515476e-01
1.896130764803757212e-03
5.345329895838086230e-03
7.104259540388384586e-01
0.000000000000000000e+00
5.415999999999999374e-04
8.474999999999995870e-01
2.176999999999999248e-03
6.012999999999997514e-03
7.491000000000000991e-01
0.000000000000000000e+00
1.519000000000000059e-04
8.716999999999996973e-01
2.356000000000000021e-03
6.490999999999997640e-03
7.191000000000000725e-01
0.000000000000000000e+00
1.045999999999999946e-04
8.958000000000001517e-01
2.547999999999999484e-03
7.495000000000000794e-03
6.904999999999998916e-01
0.000000000000000000e+00
7.194000000000000579e-05
9.005548081681746808e-01
3.249351697386859781e-03
8.112595148971514167e-03
6.918724674283373011e-01
0.000000000000000000e+00
8.344000000000000071e-05
9.274000000000000021e-01
3.754000000000001259e-03
9.809999999999999276e-03
6.602999999999998870e-01
0.000000000000000000e+00
2.335999999999999996e-05
9.065240151353805009e-01
4.348146662368585977e-03
1.048683436851810015e-02
6.908090651101480573e-01
0.000000000000000000e+00
2.707000000000000001e-05
8.944000000000000838e-01
5.231000000000001274e-03
1.064000000000000536e-02
7.099000000000003086e-01
0.000000000000000000e+00
7.568999999999999868e-06
9.025330594148613939e-01
6.223605994673343800e-03
1.508907685483732580e-02
6.183701300638644316e-01
0.000000000000000000e+00
8.784999999999999745e-06
9.113000000000002210e-01
8.555999999999997635e-03
1.778000000000000760e-02
5.093999999999999639e-01
0.000000000000000000e+00
2.464000000000000041e-06
8.938000000000000389e-01
1.032000000000000105e-02
1.751000000000000473e-02
5.437999999999998391e-01
0.000000000000000000e+00
1.692999999999999927e-06
9.117961096029645329e-01
9.935946363026592482e-03
1.885709954590341492e-02
5.103870074939019785e-01
0.000000000000000000e+00
1.963600000000000139e-06
9.238000000000002876e-01
1.724000000000000532e-02
2.559000000000000510e-02
4.451000000000001067e-01
0.000000000000000000e+00
5.493999999999999830e-07
9.264094025916018715e-01
1.477395270466146104e-02
2.481556323283830301e-02
4.200681791860139125e-01
0.000000000000000000e+00
6.365999999999999697e-07
9.376288287568437241e-01
1.614844636548045179e-02
3.833883689042432569e-02
3.826371821477329016e-01
0.000000000000000000e+00
3.005000000000000240e-07
9.493000000000000327e-01
1.674999999999999406e-02
4.315999999999999698e-02
2.776000000000001244e-01
0.000000000000000000e+00
8.432000000000000330e-08
9.288981537070190031e-01
3.211584058853225732e-02
2.748247284458689085e-02
6.204116024415748942e-01
0.000000000000000000e+00
9.777000000000000793e-08
1.010999999999999677e+00
3.800999999999998824e-02
9.606000000000000649e-02
2.048999999999999433e-01
0.000000000000000000e+00
2.736999999999999958e-08
8.949000000000004729e-01
3.212000000000001659e-02
2.535999999999999713e-02
7.172000000000001707e-01
0.000000000000000000e+00
1.879999999999999960e-08
9.542939154981023853e-01
2.985963557312863031e-02
7.411270308588333022e-02
5.379457359516695014e-01
0.000000000000000000e+00
2.179200000000000085e-08
9.015891794390368252e-01
4.729197764860752773e-02
3.869821587553053110e-02
7.154754720427566328e-01
0.000000000000000000e+00
1.027900000000000059e-08
1.101000000000000423e+00
8.257000000000000450e-03
1.744000000000000550e-01
1.841000000000000691e-01
0.000000000000000000e+00
2.884999999999999860e-09
8.943460028702089337e-01
9.854588248958582111e-03
4.329911244408148063e-02
6.517648182747107777e-01
0.000000000000000000e+00
3.345999999999999819e-09
8.747897715637694693e-01
1.714484647968943232e-02
1.595351373354855079e-02
7.128481158143786800e-01
0.000000000000000000e+00
1.579899999999999890e-09
8.838999999999994639e-01
1.128000000000000010e-02
1.443999999999999277e-02
6.906000000000001027e-01
0.000000000000000000e+00
4.420000000000000246e-10
8.854999999999996207e-01
1.073999999999999781e-02
1.129999999999999581e-02
6.816999999999993065e-01
0.000000000000000000e+00
1.658999999999999906e-10
8.902000000000002133e-01
1.182000000000000238e-02
1.208000000000000219e-02
6.712000000000002409e-01
0.000000000000000000e+00
1.377000000000000001e-10
8.983999999999999764e-01
1.578999999999999501e-02
1.509999999999999711e-02
6.569000000000002615e-01
0.000000000000000000e+00
1.139000000000000022e-10
9.261000000000004784e-01
4.876000000000001861e-02
3.355999999999999955e-02
6.229000000000000092e-01
0.000000000000000000e+00
9.426000000000000589e-11
9.374999999999998890e-01
6.350000000000000089e-02
3.836000000000000520e-02
6.069999999999999840e-01
0.000000000000000000e+00
7.839000000000000020e-11
9.307999999999994056e-01
4.433999999999997665e-02
2.799999999999999364e-02
6.083999999999999408e-01
0.000000000000000000e+00
6.512000000000000363e-11
9.356999999999995321e-01
4.106999999999998152e-02
2.661999999999999089e-02
5.982999999999998320e-01
0.000000000000000000e+00
5.397999999999999738e-11
9.444000000000003503e-01
4.271000000000001184e-02
2.776000000000000342e-02
5.846000000000000085e-01
0.000000000000000000e+00
4.475000000000000056e-11
9.567999999999997618e-01
4.667999999999996458e-02
3.007999999999998522e-02
5.688999999999996282e-01
0.000000000000000000e+00
3.709999999999999984e-11
9.736000000000002430e-01
5.266000000000000542e-02
3.342999999999999444e-02
5.512000000000001343e-01
0.000000000000000000e+00
3.075999999999999899e-11
9.955000000000000515e-01
6.105000000000000010e-02
3.803999999999999049e-02
5.316999999999997284e-01
0.000000000000000000e+00
2.549000000000000064e-11
1.031416685862935889e+00
7.714050932938679161e-02
4.683220511388606205e-02
5.040419866393971438e-01
0.000000000000000000e+00
3.018400000000000144e-11
1.066000000000000503e+00
9.561000000000004218e-02
5.703000000000001818e-02
4.804000000000001602e-01
0.000000000000000000e+00
8.496999999999999842e-12
1.087000000000000632e+00
1.079000000000000792e-01
6.395000000000004847e-02
4.672000000000002817e-01
0.000000000000000000e+00
7.966999999999999475e-12
1.108000000000000318e+00
1.207999999999999907e-01
7.143000000000002125e-02
4.541000000000002257e-01
0.000000000000000000e+00
7.446999999999999267e-12
1.131000000000000005e+00
1.315999999999999115e-01
7.804999999999998050e-02
4.410999999999998811e-01
0.000000000000000000e+00
6.952000000000000266e-12
1.148999999999999577e+00
1.373000000000000054e-01
8.198999999999999344e-02
4.306000000000003158e-01
0.000000000000000000e+00
6.471000000000000195e-12
1.164000000000000368e+00
1.367000000000000159e-01
8.249000000000002164e-02
4.221000000000000862e-01
0.000000000000000000e+00
6.005000000000000363e-12
1.177000000000000046e+00
1.324999999999999789e-01
8.074999999999996070e-02
4.147999999999997245e-01
0.000000000000000000e+00
5.566000000000000315e-12
1.189999999999999947e+00
1.281999999999999806e-01
7.869999999999999218e-02
4.073999999999998733e-01
0.000000000000000000e+00
5.130000000000000153e-12
1.229654015242666043e+00
1.272552284081847063e-01
7.832388342939489156e-02
3.880580228085150352e-01
0.000000000000000000e+00
1.299400000000000057e-11
1.279000000000000137e+00
1.343000000000000027e-01
8.216000000000001080e-02
3.664000000000001145e-01
0.000000000000000000e+00
3.590999999999999946e-12
1.312000000000000721e+00
1.412999999999999534e-01
8.595999999999999475e-02
3.535000000000000364e-01
0.000000000000000000e+00
3.247000000000000200e-12
1.348999999999999533e+00
1.498999999999999222e-01
9.071999999999992570e-02
3.398999999999998689e-01
0.000000000000000000e+00
2.913999999999999902e-12
1.390999999999999792e+00
1.602000000000000368e-01
9.641000000000002346e-02
3.259000000000001895e-01
0.000000000000000000e+00
2.604999999999999906e-12
1.563253869922700989e+00
2.028703797256760644e-01
1.202927419119404900e-01
2.801443648439398415e-01
0.000000000000000000e+00
9.059000000000000072e-12
1.827999999999999403e+00
2.622999999999999221e-01
1.541999999999999760e-01
2.273999999999998245e-01
0.000000000000000000e+00
1.128000000000000040e-12
1.960999999999999410e+00
2.882999999999999452e-01
1.694999999999999563e-01
2.081999999999998852e-01
0.000000000000000000e+00
9.379000000000000728e-13
2.123000000000000664e+00
3.183000000000000829e-01
1.873000000000000220e-01
1.886000000000000176e-01
0.000000000000000000e+00
7.665999999999999849e-13
2.318999999999999062e+00
3.530000000000000360e-01
2.083000000000000684e-01
1.691000000000000281e-01
0.000000000000000000e+00
6.074000000000000170e-13
2.679435480667515357e+00
4.143457697042248200e-01
2.465870306014509017e-01
1.422999563119650146e-01
0.000000000000000000e+00
8.224000000000000096e-13
3.228000000000000647e+00
5.046000000000000485e-01
3.044000000000000594e-01
1.134999999999999898e-01
0.000000000000000000e+00
2.499999999999999950e-13
3.994845270480567923e+00
6.153569427894211019e-01
3.783456616790670801e-01
8.979511966147914193e-02
0.000000000000000000e+00
2.175400000000000000e-13
5.927999999999997272e+00
8.160000000000000586e-01
5.241000000000001213e-01
5.795999999999998376e-02
0.000000000000000000e+00
2.554000000000000086e-14
9.773053949375533733e+00
1.005409463236609069e+00
7.018068159040581344e-01
3.582684906874541997e-02
0.000000000000000000e+00
6.088599999999999579e-15
1.111999999999999794e-01
0.000000000000000000e+00
4.648999999999998620e-03
6.296000000000000263e+00
0.000000000000000000e+00
9.346000000000000141e-03
1.218000000000000471e-01
0.000000000000000000e+00
3.157999999999999783e-03
6.317000000000002835e+00
0.000000000000000000e+00
9.346000000000000141e-03
1.460000000000000742e-01
0.000000000000000000e+00
1.658000000000001486e-03
5.415000000000000924e+00
0.000000000000000000e+00
9.346000000000000141e-03
1.872000000000000330e-01
0.000000000000000000e+00
1.515000000000000071e-03
4.004999999999999005e+00
0.000000000000000000e+00
9.346000000000000141e-03
2.187999999999999112e-01
0.000000000000000000e+00
2.977000000000000127e-05
3.258000000000000007e+00
0.000000000000000000e+00
9.346000000000000141e-03
2.222913973424089085e-01
0.000000000000000000e+00
5.801878833964740105e-06
3.490050887116558975e+00
0.000000000000000000e+00
1.869200000000000028e-02
3.323643708417268749e-01
0.000000000000000000e+00
5.678706858416912625e-06
2.137322953622921684e+00
0.000000000000000000e+00
1.869200000000000028e-02
4.462000000000000965e-01
0.000000000000000000e+00
5.839000000000002032e-06
1.419999999999999263e+00
0.000000000000000000e+00
9.346000000000000141e-03
5.233300435279458762e-01
0.000000000000000000e+00
8.899455853402418506e-06
1.523988187106368075e+00
0.000000000000000000e+00
2.803800000000000042e-02
6.324999999999999512e-01
0.000000000000000000e+00
6.563999999999999326e-06
1.034000000000000030e+00
0.000000000000000000e+00
9.346000000000000141e-03
6.835999999999999854e-01
0.000000000000000000e+00
5.531000000000000915e-06
1.048000000000000265e+00
0.000000000000000000e+00
9.346000000000000141e-03
7.869577542074995824e-01
0.000000000000000000e+00
6.019981306587128210e-06
9.653867346294712215e-01
0.000000000000000000e+00
1.869200000000000028e-02
9.404476246786651616e-01
0.000000000000000000e+00
7.784927962627456803e-06
8.459361209112656876e-01
0.000000000000000000e+00
1.869200000000000028e-02
1.050000000000000266e+00
0.000000000000000000e+00
9.748000000000002214e-06
7.733000000000005425e-01
0.000000000000000000e+00
9.346000000000000141e-03
1.117999999999999661e+00
0.000000000000000000e+00
1.148999999999999672e-05
7.350000000000000977e-01
0.000000000000000000e+00
9.346000000000000141e-03
1.180999999999999828e+00
0.000000000000000000e+00
1.359999999999999854e-05
7.030999999999999472e-01
0.000000000000000000e+00
9.346000000000000141e-03
1.235000000000000098e+00
0.000000000000000000e+00
1.618999999999999915e-05
6.773000000000001242e-01
0.000000000000000000e+00
9.346000000000000141e-03
1.283999999999999586e+00
0.000000000000000000e+00
1.929999999999999479e-05
6.558999999999997055e-01
0.000000000000000000e+00
9.346000000000000141e-03
1.322999999999999288e+00
0.000000000000000000e+00
2.173999999999999514e-05
6.399999999999999023e-01
0.000000000000000000e+00
9.346000000000000141e-03
1.368874781933008267e+00
0.000000000000000000e+00
2.684706698397722549e-05
6.217482983972680843e-01
0.000000000000000000e+00
1.869200000000000028e-02
1.406000000000000361e+00
0.000000000000000000e+00
3.296000000000000969e-05
6.081000000000001959e-01
0.000000000000000000e+00
9.346000000000000141e-03
1.422999999999999821e+00
0.000000000000000000e+00
3.760000000000000592e-05
6.017000000000001236e-01
0.000000000000000000e+00
9.346000000000000141e-03
1.437999999999999723e+00
0.000000000000000000e+00
4.302000000000000485e-05
5.962999999999999412e-01
0.000000000000000000e+00
9.346000000000000141e-03
1.454990191259501797e+00
0.000000000000000000e+00
5.255824177779611485e-05
5.905031387969599255e-01
0.000000000000000000e+00
1.869200000000000028e-02
1.466999999999999860e+00
0.000000000000000000e+00
6.371999999999999301e-05
5.863999999999998103e-01
0.000000000000000000e+00
9.346000000000000141e-03
1.474999413580111218e+00
0.000000000000000000e+00
7.745854567867585896e-05
5.837502199074582343e-01
0.000000000000000000e+00
1.869200000000000028e-02
1.481000000000000094e+00
0.000000000000000000e+00
9.360999999999999313e-05
5.818000000000003169e-01
0.000000000000000000e+00
9.346000000000000141e-03
1.483999692275226323e+00
0.000000000000000000e+00
1.134477997678736447e-04
5.805501077036704372e-01
0.000000000000000000e+00
1.869200000000000028e-02
1.487000000000000988e+00
0.000000000000000000e+00
1.367999999999999913e-04
5.795999999999996710e-01
0.000000000000000000e+00
9.346000000000000141e-03
1.487999999999999767e+00
0.000000000000000000e+00
1.551999999999999506e-04
5.791999999999998261e-01
0.000000000000000000e+00
9.346000000000000141e-03
1.489499451410698949e+00
0.000000000000000000e+00
1.877371081514389172e-04
5.787501645767900715e-01
0.000000000000000000e+00
1.869200000000000028e-02
1.491000000000000547e+00
0.000000000000000000e+00
2.261999999999999146e-04
5.783000000000000362e-01
0.000000000000000000e+00
9.346000000000000141e-03
1.491501761860290598e+00
0.000000000000000000e+00
2.735602556219079214e-04
5.780996476279419705e-01
0.000000000000000000e+00
1.869200000000000028e-02
1.491999999999999993e+00
0.000000000000000000e+00
3.514107110198082143e-04
5.778498617061054166e-01
0.000000000000000000e+00
1.869200000000000028e-02
1.492000000000001325e+00
0.000000000000000000e+00
4.230000000000001988e-04
5.776000000000003354e-01
0.000000000000000000e+00
9.346000000000000141e-03
1.493000000000001437e+00
0.000000000000000000e+00
5.113334148155866026e-04
5.774500259549050218e-01
0.000000000000000000e+00
1.869200000000000028e-02
1.493000000000000105e+00
0.000000000000000000e+00
6.156999999999999496e-04
5.772999999999999243e-01
0.000000000000000000e+00
9.346000000000000141e-03
1.493999999999999106e+00
0.000000000000000000e+00
6.975999999999999346e-04
5.770999999999998353e-01
0.000000000000000000e+00
9.346000000000000141e-03
1.494501785610412137e+00
0.000000000000000000e+00
8.434882033374667496e-04
5.765494643168760369e-01
0.000000000000000000e+00
1.869200000000000028e-02
1.495999999999999330e+00
0.000000000000000000e+00
1.082478628349091074e-03
5.760500474925576153e-01
0.000000000000000000e+00
1.869200000000000028e-02
1.497000000000000330e+00
0.000000000000000000e+00
1.304000000000000471e-03
5.756000000000000005e-01
0.000000000000000000e+00
9.346000000000000141e-03
1.497501255161242328e+00
0.000000000000000000e+00
1.575747266764689720e-03
5.751994979355032900e-01
0.000000000000000000e+00
1.869200000000000028e-02
1.503529591673705701e+00
0.000000000000000000e+00
2.024075899495980050e-03
5.736479513456662627e-01
0.000000000000000000e+00
1.869200000000000028e-02
1.522999999999999687e+00
0.000000000000000000e+00
2.435999999999999364e-03
5.724000000000001309e-01
0.000000000000000000e+00
9.346000000000000141e-03
1.534000000000000474e+00
0.000000000000000000e+00
2.674000000000001029e-03
5.718000000000000860e-01
0.000000000000000000e+00
9.346000000000000141e-03
1.541999999999999149e+00
0.000000000000000000e+00
2.845999999999999572e-03
5.711000000000000520e-01
0.000000000000000000e+00
9.346000000000000141e-03
1.550999999999999934e+00
0.000000000000000000e+00
3.028999999999999141e-03
5.702000000000001512e-01
0.000000000000000000e+00
9.346000000000000141e-03
1.560999999999999943e+00
0.000000000000000000e+00
3.224999999999998701e-03
5.694000000000000172e-01
0.000000000000000000e+00
9.346000000000000141e-03
1.572000000000001174e+00
0.000000000000000000e+00
3.432000000000001889e-03
5.687000000000002053e-01
0.000000000000000000e+00
9.346000000000000141e-03
1.583999999999999408e+00
0.000000000000000000e+00
3.652999999999999130e-03
5.678999999999999604e-01
0.000000000000000000e+00
9.346000000000000141e-03
1.597000000000000419e+00
0.000000000000000000e+00
3.888999999999999662e-03
5.667000000000000925e-01
0.000000000000000000e+00
9.346000000000000141e-03
1.610000000000000098e+00
0.000000000000000000e+00
4.140999999999998848e-03
5.654999999999998916e-01
0.000000000000000000e+00
9.346000000000000141e-03
1.628999999999999115e+00
0.000000000000000000e+00
4.406999999999999459e-03
5.641999999999999238e-01
0.000000000000000000e+00
9.346000000000000141e-03
1.653999999999999027e+00
0.000000000000000000e+00
4.692999999999998388e-03
5.627999999999997449e-01
0.000000000000000000e+00
9.346000000000000141e-03
1.687999999999999945e+00
0.000000000000000000e+00
4.992999999999999175e-03
5.611999999999996991e-01
0.000000000000000000e+00
9.346000000000000141e-03
1.744985477863774337e+00
0.000000000000000000e+00
5.398231274987071171e-03
5.589338980830755865e-01
0.000000000000000000e+00
1.869200000000000028e-02
1.792000000000000703e+00
0.000000000000000000e+00
5.744000000000001709e-03
5.568999999999998396e-01
0.000000000000000000e+00
9.346000000000000141e-03
1.816999999999999726e+00
0.000000000000000000e+00
5.932999999999998171e-03
5.557999999999998497e-01
0.000000000000000000e+00
9.346000000000000141e-03
1.840999999999999304e+00
0.000000000000000000e+00
6.134999999999997226e-03
5.544999999999999929e-01
0.000000000000000000e+00
9.346000000000000141e-03
1.868999999999999995e+00
0.000000000000000000e+00
6.350999999999999875e-03
5.530000000000000471e-01
0.000000000000000000e+00
9.346000000000000141e-03
1.896000000000000130e+00
0.000000000000000000e+00
6.581999999999999310e-03
5.514999999999997682e-01
0.000000000000000000e+00
9.346000000000000141e-03
1.922999999999999821e+00
0.000000000000000000e+00
6.829999999999998399e-03
5.497999999999997334e-01
0.000000000000000000e+00
9.346000000000000141e-03
1.950999999999999401e+00
0.000000000000000000e+00
7.099000000000002010e-03
5.478999999999999426e-01
0.000000000000000000e+00
9.346000000000000141e-03
1.980000000000000204e+00
0.000000000000000000e+00
7.388999999999999735e-03
5.459000000000001629e-01
0.000000000000000000e+00
9.346000000000000141e-03
2.061933370260445209e+00
0.000000000000000000e+00
8.129778209243420165e-03
5.402497100479404235e-01
0.000000000000000000e+00
2.803800000000000042e-02
2.145999999999999908e+00
0.000000000000000000e+00
8.835000000000000839e-03
5.346999999999999531e-01
0.000000000000000000e+00
9.346000000000000141e-03
2.201000000000000512e+00
0.000000000000000000e+00
9.288999999999998647e-03
5.310000000000001386e-01
0.000000000000000000e+00
9.346000000000000141e-03
2.261000000000000121e+00
0.000000000000000000e+00
9.792999999999997887e-03
5.266999999999996129e-01
0.000000000000000000e+00
9.346000000000000141e-03
2.327000000000000846e+00
0.000000000000000000e+00
1.034999999999999809e-02
5.216999999999999416e-01
0.000000000000000000e+00
9.346000000000000141e-03
2.629910623033842931e+00
0.000000000000000000e+00
1.295895247138418964e-02
4.968502343422550593e-01
0.000000000000000000e+00
4.673000000000000070e-02
2.985000000000001208e+00
0.000000000000000000e+00
1.578000000000000236e-02
4.685000000000001386e-01
0.000000000000000000e+00
9.346000000000000141e-03
3.182999999999999829e+00
0.000000000000000000e+00
1.728999999999999981e-02
4.530999999999999472e-01
0.000000000000000000e+00
9.346000000000000141e-03
3.413999999999999257e+00
0.000000000000000000e+00
1.910999999999999505e-02
4.345999999999999308e-01
0.000000000000000000e+00
9.346000000000000141e-03
3.673999999999999488e+00
0.000000000000000000e+00
2.136000000000001092e-02
4.125000000000002554e-01
0.000000000000000000e+00
9.346000000000000141e-03
4.106130424397811396e+00
0.000000000000000000e+00
2.582808765449513128e-02
3.731736141960732001e-01
0.000000000000000000e+00
1.869200000000000028e-02
4.642000000000001236e+00
0.000000000000000000e+00
3.291000000000000869e-02
3.191999999999999837e-01
0.000000000000000000e+00
9.346000000000000141e-03
5.263455055603730059e+00
0.000000000000000000e+00
4.399142227025207991e-02
2.594566726122090050e-01
0.000000000000000000e+00
1.869200000000000028e-02
6.640999999999998238e+00
0.000000000000000000e+00
7.080999999999997019e-02
1.725999999999998924e-01
0.000000000000000000e+00
9.346000000000000141e-03
9.559248437094225892e+00
0.000000000000000000e+00
1.192754819324765708e-01
1.119720954348281672e-01
0.000000000000000000e+00
1.869200000000000028e-02
