1.360000000000001208e-01
2.878999999999999615e-02
1.238000000000000211e-02
4.527000000000001023e+00
9.432000000000001147e-03
7.084000000000000019e-03
1.433000000000000385e-01
2.216999999999998833e-02
9.629999999999999671e-03
4.505000000000001670e+00
2.313000000000001253e-03
1.822999999999999968e-02
1.991848661044969271e-01
1.287322889136225182e-02
5.291265893642357887e-03
3.099231010654195373e+00
2.141062785025733841e-06
2.093999999999999750e-01
1.834000000000000075e-01
1.218999999999999077e-02
4.771000000000000067e-03
3.272999999999999687e+00
0.000000000000000000e+00
1.179000000000000048e-01
2.332886711144113723e-01
9.424067487998691317e-03
4.163731932254728652e-03
2.419533643135720613e+00
0.000000000000000000e+00
2.358999999999999986e-01
3.075000000000001621e-01
1.892999999999999934e-03
1.572000000000000697e-03
1.739000000000000323e+00
0.000000000000000000e+00
9.750000000000000333e-02
3.610999999999998100e-01
1.208999999999999788e-03
1.507999999999999358e-03
1.393999999999999684e+00
0.000000000000000000e+00
8.040999999999999537e-02
3.293999999999999706e-01
9.475999999999997229e-04
1.379999999999999500e-03
1.783999999999999364e+00
0.000000000000000000e+00
6.339000000000000190e-02
3.766000000000000458e-01
9.281999999999996850e-04
1.313000000000000148e-03
1.696000000000000618e+00
0.000000000000000000e+00
4.830999999999999878e-02
5.879999999999997451e-01
9.268999999999997077e-04
1.295000000000000144e-03
9.029999999999995808e-01
0.000000000000000000e+00
3.570999999999999869e-02
4.611000000000001764e-01
9.776000000000003437e-04
1.351000000000000855e-03
1.091000000000000414e+00
0.000000000000000000e+00
2.576000000000000165e-02
4.829000000000001069e-01
9.913999999999999202e-04
1.423999999999999702e-03
1.116000000000000103e+00
0.000000000000000000e+00
1.830000000000000029e-02
5.193000000000000949e-01
1.064000000000000492e-03
1.528000000000000929e-03
1.072000000000000508e+00
0.000000000000000000e+00
1.286999999999999950e-02
5.601999999999999202e-01
1.090000000000000257e-03
1.645999999999999894e-03
1.014000000000000234e+00
0.000000000000000000e+00
8.987000000000000197e-03
6.317712496095214680e-01
1.181218723712979023e-03
2.033141246548498225e-03
9.346829934995025679e-01
0.000000000000000000e+00
1.357799999999999979e-02
7.427243486172165898e-01
1.381864641521891608e-03
3.301024445472881298e-03
8.169364190255360425e-01
0.000000000000000000e+00
4.492099999999999739e-03
8.059082094328513524e-01
1.629793347278708218e-03
4.384452228598576320e-03
7.683384996960916924e-01
0.000000000000000000e+00
1.145999999999999883e-03
8.568449942940959962e-01
1.987540808650989799e-03
5.562625867945120151e-03
7.230125808176297575e-01
0.000000000000000000e+00
6.934999999999998891e-04
8.716999999999996973e-01
2.356000000000000021e-03
6.490999999999997640e-03
7.191000000000000725e-01
0.000000000000000000e+00
1.045999999999999946e-04
8.989477483889397602e-01
3.012304467697805768e-03
7.903856480941535631e-03
6.914085923098507447e-01
0.000000000000000000e+00
1.553799999999999929e-04
9.179692703248059082e-01
3.877557688257884071e-03
1.000668366702275533e-02
6.738156981441271176e-01
0.000000000000000000e+00
3.941000000000000384e-05
9.043000000000003258e-01
4.705000000000000848e-03
1.078000000000000139e-02
6.946000000000004393e-01
0.000000000000000000e+00
1.101999999999999952e-05
8.944000000000000838e-01
5.231000000000001274e-03
1.064000000000000536e-02
7.099000000000003086e-01
0.000000000000000000e+00
7.568999999999999868e-06
9.085000000000001963e-01
5.971999999999999878e-03
1.401999999999999774e-02
6.942000000000003723e-01
0.000000000000000000e+00
5.200000000000000188e-06
8.987950273135136836e-01
8.557030514239380437e-03
1.675079783206686462e-02
5.642061089070440350e-01
0.000000000000000000e+00
8.905999999999999095e-06
9.304000000000002268e-01
1.097000000000000232e-02
2.222999999999999976e-02
3.548000000000000598e-01
0.000000000000000000e+00
7.996000000000000396e-07
9.238000000000002876e-01
1.724000000000000532e-02
2.559000000000000510e-02
4.451000000000001067e-01
0.000000000000000000e+00
5.493999999999999830e-07
9.264094025916018715e-01
1.477395270466146104e-02
2.481556323283830301e-02
4.200681791860139125e-01
0.000000000000000000e+00
6.365999999999999697e-07
9.376288287568437241e-01
1.614844636548045179e-02
3.833883689042432569e-02
3.826371821477329016e-01
0.000000000000000000e+00
3.005000000000000240e-07
9.210737081907155455e-01
2.823674228174637840e-02
3.400280729181852368e-02
5.026556207895381823e-01
0.000000000000000000e+00
1.422700000000000160e-07
9.657999999999997698e-01
2.440000000000000502e-02
3.008999999999998481e-02
5.123999999999999666e-01
0.000000000000000000e+00
3.982000000000000187e-08
1.010999999999999677e+00
3.800999999999998824e-02
9.606000000000000649e-02
2.048999999999999433e-01
0.000000000000000000e+00
2.736999999999999958e-08
9.329449531882207935e-01
3.067211669263686727e-02
5.658869221782357462e-02
6.023781360546003327e-01
0.000000000000000000e+00
4.059199999999999714e-08
9.581564248797224126e-01
3.621885155039052812e-02
7.719299819332894885e-02
5.647391846956335559e-01
0.000000000000000000e+00
1.316400000000000128e-08
8.943460028702089337e-01
9.854588248958582111e-03
4.329911244408148063e-02
6.517648182747107777e-01
0.000000000000000000e+00
3.345999999999999819e-09
8.766999999999998128e-01
2.370999999999999497e-02
2.089999999999999497e-02
7.131999999999996120e-01
0.000000000000000000e+00
9.363999999999999924e-10
8.729000000000001203e-01
1.064999999999999801e-02
1.106000000000000039e-02
7.124999999999999112e-01
0.000000000000000000e+00
6.435000000000000009e-10
8.838999999999994639e-01
1.128000000000000010e-02
1.443999999999999277e-02
6.906000000000001027e-01
0.000000000000000000e+00
4.420000000000000246e-10
8.878581014640977154e-01
1.128186161302665788e-02
1.169134449829702972e-02
6.764319009844629305e-01
0.000000000000000000e+00
3.035999999999999649e-10
8.983999999999999764e-01
1.578999999999999501e-02
1.509999999999999711e-02
6.569000000000002615e-01
0.000000000000000000e+00
1.139000000000000022e-10
9.317968104038600874e-01
5.612587590814822197e-02
3.595865701215136823e-02
6.149544486472487970e-01
0.000000000000000000e+00
1.726500000000000190e-10
9.307999999999994056e-01
4.433999999999997665e-02
2.799999999999999364e-02
6.083999999999999408e-01
0.000000000000000000e+00
6.512000000000000363e-11
9.356999999999995321e-01
4.106999999999998152e-02
2.661999999999999089e-02
5.982999999999998320e-01
0.000000000000000000e+00
5.397999999999999738e-11
9.584449290471032112e-01
4.741078384123097872e-02
3.045796184748640265e-02
5.680296699549685080e-01
0.000000000000000000e+00
1.126100000000000123e-10
9.955000000000000515e-01
6.105000000000000010e-02
3.803999999999999049e-02
5.316999999999997284e-01
0.000000000000000000e+00
2.549000000000000064e-11
1.023000000000000353e+00
7.305000000000001770e-02
4.458999999999999075e-02
5.099000000000002419e-01
0.000000000000000000e+00
2.114000000000000080e-11
1.047999999999999821e+00
8.519999999999998408e-02
5.124999999999997613e-02
4.924999999999999378e-01
0.000000000000000000e+00
9.044000000000000641e-12
1.066000000000000503e+00
9.561000000000004218e-02
5.703000000000001818e-02
4.804000000000001602e-01
0.000000000000000000e+00
8.496999999999999842e-12
1.087000000000000632e+00
1.079000000000000792e-01
6.395000000000004847e-02
4.672000000000002817e-01
0.000000000000000000e+00
7.966999999999999475e-12
1.130557984485778489e+00
1.303890989733184902e-01
7.747039895657166497e-02
4.412309550080385501e-01
0.000000000000000000e+00
2.087000000000000134e-11
1.164000000000000368e+00
1.367000000000000159e-01
8.249000000000002164e-02
4.221000000000000862e-01
0.000000000000000000e+00
6.005000000000000363e-12
1.177000000000000046e+00
1.324999999999999789e-01
8.074999999999996070e-02
4.147999999999997245e-01
0.000000000000000000e+00
5.566000000000000315e-12
1.189999999999999947e+00
1.281999999999999806e-01
7.869999999999999218e-02
4.073999999999998733e-01
0.000000000000000000e+00
5.130000000000000153e-12
1.217099452812468785e+00
1.261114181488089125e-01
7.769685088928535155e-02
3.938559826681700682e-01
0.000000000000000000e+00
9.050000000000000414e-12
1.250999999999999446e+00
1.292000000000000093e-01
7.939000000000001611e-02
3.781999999999999251e-01
0.000000000000000000e+00
3.944000000000000158e-12
1.279000000000000137e+00
1.343000000000000027e-01
8.216000000000001080e-02
3.664000000000001145e-01
0.000000000000000000e+00
3.590999999999999946e-12
1.312000000000000721e+00
1.412999999999999534e-01
8.595999999999999475e-02
3.535000000000000364e-01
0.000000000000000000e+00
3.247000000000000200e-12
1.348999999999999533e+00
1.498999999999999222e-01
9.071999999999992570e-02
3.398999999999998689e-01
0.000000000000000000e+00
2.913999999999999902e-12
1.390999999999999792e+00
1.602000000000000368e-01
9.641000000000002346e-02
3.259000000000001895e-01
0.000000000000000000e+00
2.604999999999999906e-12
1.438000000000000167e+00
1.722000000000000197e-01
1.031000000000000527e-01
3.113000000000001877e-01
0.000000000000000000e+00
2.324000000000000195e-12
1.523633171563842481e+00
1.937329758158085613e-01
1.150683903588163165e-01
2.881163900338875039e-01
0.000000000000000000e+00
3.845999999999999566e-12
1.628999999999999559e+00
2.192999999999999394e-01
1.294999999999999485e-01
2.634999999999999010e-01
0.000000000000000000e+00
1.556000000000000034e-12
1.719000000000000750e+00
2.393999999999999739e-01
1.410000000000000142e-01
2.459000000000000075e-01
0.000000000000000000e+00
1.333000000000000076e-12
1.827999999999999403e+00
2.622999999999999221e-01
1.541999999999999760e-01
2.273999999999998245e-01
0.000000000000000000e+00
1.128000000000000040e-12
1.960999999999999410e+00
2.882999999999999452e-01
1.694999999999999563e-01
2.081999999999998852e-01
0.000000000000000000e+00
9.379000000000000728e-13
2.123000000000000664e+00
3.183000000000000829e-01
1.873000000000000220e-01
1.886000000000000176e-01
0.000000000000000000e+00
7.665999999999999849e-13
2.318999999999999062e+00
3.530000000000000360e-01
2.083000000000000684e-01
1.691000000000000281e-01
0.000000000000000000e+00
6.074000000000000170e-13
2.679435480667515357e+00
4.143457697042248200e-01
2.465870306014509017e-01
1.422999563119650146e-01
0.000000000000000000e+00
8.224000000000000096e-13
3.580529484474623825e+00
5.555165139912396910e-01
3.383938537725084683e-01
1.026025353262797479e-01
0.000000000000000000e+00
4.675400000000000455e-13
5.927999999999997272e+00
8.160000000000000586e-01
5.241000000000001213e-01
5.795999999999998376e-02
0.000000000000000000e+00
2.554000000000000086e-14
9.170999999999997598e+00
9.896999999999996911e-01
6.816000000000000947e-01
3.695999999999998592e-02
0.000000000000000000e+00
5.736999999999999940e-15
1.976000000000000512e+01
1.266000000000001124e+00
1.037000000000000144e+00
1.703000000000000694e-02
0.000000000000000000e+00
3.515999999999999842e-16
1.111999999999999794e-01
0.000000000000000000e+00
4.648999999999998620e-03
6.296000000000000263e+00
0.000000000000000000e+00
9.346000000000000141e-03
1.218000000000000471e-01
0.000000000000000000e+00
3.157999999999999783e-03
6.317000000000002835e+00
0.000000000000000000e+00
9.346000000000000141e-03
1.900860674922550675e-01
0.000000000000000000e+00
9.235203251284171844e-04
4.047608144586368972e+00
0.000000000000000000e+00
2.803800000000000042e-02
1.978000000000000314e-01
0.000000000000000000e+00
5.816000000000000728e-06
3.993999999999998884e+00
0.000000000000000000e+00
9.346000000000000141e-03
2.742742929295604593e-01
0.000000000000000000e+00
5.749542233044291313e-06
2.648249725827124923e+00
0.000000000000000000e+00
1.869200000000000028e-02
3.770000000000002238e-01
0.000000000000000000e+00
5.635000000000002800e-06
1.768000000000001792e+00
0.000000000000000000e+00
9.346000000000000141e-03
4.462000000000000965e-01
0.000000000000000000e+00
5.839000000000002032e-06
1.419999999999999263e+00
0.000000000000000000e+00
9.346000000000000141e-03
4.284000000000000030e-01
0.000000000000000000e+00
6.463000000000002326e-06
1.750999999999999890e+00
0.000000000000000000e+00
9.346000000000000141e-03
4.951000000000003731e-01
0.000000000000000000e+00
7.063000000000004205e-06
1.658000000000000584e+00
0.000000000000000000e+00
9.346000000000000141e-03
7.332999999999998408e-01
0.000000000000000000e+00
1.594999999999999806e-05
9.224999999999995426e-01
0.000000000000000000e+00
9.346000000000000141e-03
6.324999999999999512e-01
0.000000000000000000e+00
6.563999999999999326e-06
1.034000000000000030e+00
0.000000000000000000e+00
9.346000000000000141e-03
6.835999999999999854e-01
0.000000000000000000e+00
5.531000000000000915e-06
1.048000000000000265e+00
0.000000000000000000e+00
9.346000000000000141e-03
7.518999999999996797e-01
0.000000000000000000e+00
5.745000000000000052e-06
9.951999999999997515e-01
0.000000000000000000e+00
9.346000000000000141e-03
8.261000000000000565e-01
0.000000000000000000e+00
6.327000000000000579e-06
9.321000000000001506e-01
0.000000000000000000e+00
9.346000000000000141e-03
9.741534358428955986e-01
0.000000000000000000e+00
8.388903323265521682e-06
8.235882770789776375e-01
0.000000000000000000e+00
2.803800000000000042e-02
1.176024239718015840e+00
0.000000000000000000e+00
1.368138091540566304e-05
7.061091829576399137e-01
0.000000000000000000e+00
2.803800000000000042e-02
1.303218068774275817e+00
0.000000000000000000e+00
2.050236122587780380e-05
6.480649411920255121e-01
0.000000000000000000e+00
1.869200000000000028e-02
1.381068498987572335e+00
0.000000000000000000e+00
2.885484981871747030e-05
6.172655371476967190e-01
0.000000000000000000e+00
2.803800000000000042e-02
1.422999999999999821e+00
0.000000000000000000e+00
3.760000000000000592e-05
6.017000000000001236e-01
0.000000000000000000e+00
9.346000000000000141e-03
1.449299805783161643e+00
0.000000000000000000e+00
4.936367665176578197e-05
5.924446339981804810e-01
0.000000000000000000e+00
2.803800000000000042e-02
1.470001368979365397e+00
0.000000000000000000e+00
6.811200327313789247e-05
5.854495664898674567e-01
0.000000000000000000e+00
1.869200000000000028e-02
1.477000000000000091e+00
0.000000000000000000e+00
8.241999999999997321e-05
5.829999999999999627e-01
0.000000000000000000e+00
9.346000000000000141e-03
1.481000000000000094e+00
0.000000000000000000e+00
9.360999999999999313e-05
5.818000000000003169e-01
0.000000000000000000e+00
9.346000000000000141e-03
1.482999999999999430e+00
0.000000000000000000e+00
1.063000000000000224e-04
5.808999999999997499e-01
0.000000000000000000e+00
9.346000000000000141e-03
1.487252733859852238e+00
0.000000000000000000e+00
1.471917804129432199e-04
5.794740909936521023e-01
0.000000000000000000e+00
3.738400000000000056e-02
1.490000000000000213e+00
0.000000000000000000e+00
1.995000000000000787e-04
5.786000000000002252e-01
0.000000000000000000e+00
9.346000000000000141e-03
1.491000000000000547e+00
0.000000000000000000e+00
2.261999999999999146e-04
5.783000000000000362e-01
0.000000000000000000e+00
9.346000000000000141e-03
1.491501761860290598e+00
0.000000000000000000e+00
2.735602556219079214e-04
5.780996476279419705e-01
0.000000000000000000e+00
1.869200000000000028e-02
1.491999999999999993e+00
0.000000000000000000e+00
3.514107110198082143e-04
5.778498617061054166e-01
0.000000000000000000e+00
1.869200000000000028e-02
1.492501375295731236e+00
0.000000000000000000e+00
4.512775666792242526e-04
5.775498624704271666e-01
0.000000000000000000e+00
1.869200000000000028e-02
1.492999999999999883e+00
0.000000000000000000e+00
5.432999999999999245e-04
5.774000000000000243e-01
0.000000000000000000e+00
9.346000000000000141e-03
1.493000000000000105e+00
0.000000000000000000e+00
6.156999999999999496e-04
5.772999999999999243e-01
0.000000000000000000e+00
9.346000000000000141e-03
1.494334010202164720e+00
0.000000000000000000e+00
7.947094971224050869e-04
5.767335396412244242e-01
0.000000000000000000e+00
2.803800000000000042e-02
1.496331629841546551e+00
0.000000000000000000e+00
1.155941725729216695e-03
5.759007983139112774e-01
0.000000000000000000e+00
2.803800000000000042e-02
1.497501255161242328e+00
0.000000000000000000e+00
1.575747266764689720e-03
5.751994979355032900e-01
0.000000000000000000e+00
1.869200000000000028e-02
1.497000000000000552e+00
0.000000000000000000e+00
1.897000000000000899e-03
5.741000000000001657e-01
0.000000000000000000e+00
9.346000000000000141e-03
1.509999999999999787e+00
0.000000000000000000e+00
2.149999999999999568e-03
5.732000000000000428e-01
0.000000000000000000e+00
9.346000000000000141e-03
1.522999999999999687e+00
0.000000000000000000e+00
2.435999999999999364e-03
5.724000000000001309e-01
0.000000000000000000e+00
9.346000000000000141e-03
1.538017424430370816e+00
0.000000000000000000e+00
2.760374625252967791e-03
5.714484753623427782e-01
0.000000000000000000e+00
1.869200000000000028e-02
1.550999999999999934e+00
0.000000000000000000e+00
3.028999999999999141e-03
5.702000000000001512e-01
0.000000000000000000e+00
9.346000000000000141e-03
1.566533720670791441e+00
0.000000000000000000e+00
3.329134561713985741e-03
5.690478541391315037e-01
0.000000000000000000e+00
1.869200000000000028e-02
1.583999999999999408e+00
0.000000000000000000e+00
3.652999999999999130e-03
5.678999999999999604e-01
0.000000000000000000e+00
9.346000000000000141e-03
1.597000000000000419e+00
0.000000000000000000e+00
3.888999999999999662e-03
5.667000000000000925e-01
0.000000000000000000e+00
9.346000000000000141e-03
1.631287637940401547e+00
0.000000000000000000e+00
4.417276729414706948e-03
5.641490088105997058e-01
0.000000000000000000e+00
2.803800000000000042e-02
1.687999999999999945e+00
0.000000000000000000e+00
4.992999999999999175e-03
5.611999999999996991e-01
0.000000000000000000e+00
9.346000000000000141e-03
1.733000000000001428e+00
0.000000000000000000e+00
5.313999999999998412e-03
5.594000000000002304e-01
0.000000000000000000e+00
9.346000000000000141e-03
1.768999999999999684e+00
0.000000000000000000e+00
5.567000000000001635e-03
5.580000000000000515e-01
0.000000000000000000e+00
9.346000000000000141e-03
1.792000000000000703e+00
0.000000000000000000e+00
5.744000000000001709e-03
5.568999999999998396e-01
0.000000000000000000e+00
9.346000000000000141e-03
1.816999999999999726e+00
0.000000000000000000e+00
5.932999999999998171e-03
5.557999999999998497e-01
0.000000000000000000e+00
9.346000000000000141e-03
1.870210043659863208e+00
0.000000000000000000e+00
6.368580767948705916e-03
5.529157277763052658e-01
0.000000000000000000e+00
2.803800000000000042e-02
1.922999999999999821e+00
0.000000000000000000e+00
6.829999999999998399e-03
5.497999999999997334e-01
0.000000000000000000e+00
9.346000000000000141e-03
1.950999999999999401e+00
0.000000000000000000e+00
7.099000000000002010e-03
5.478999999999999426e-01
0.000000000000000000e+00
9.346000000000000141e-03
1.980000000000000204e+00
0.000000000000000000e+00
7.388999999999999735e-03
5.459000000000001629e-01
0.000000000000000000e+00
9.346000000000000141e-03
2.034432450888542743e+00
0.000000000000000000e+00
7.900603978186803225e-03
5.420140396997511489e-01
0.000000000000000000e+00
1.869200000000000028e-02
2.097000000000000419e+00
0.000000000000000000e+00
8.422000000000005870e-03
5.380000000000004778e-01
0.000000000000000000e+00
9.346000000000000141e-03
2.145999999999999908e+00
0.000000000000000000e+00
8.835000000000000839e-03
5.346999999999999531e-01
0.000000000000000000e+00
9.346000000000000141e-03
2.201000000000000512e+00
0.000000000000000000e+00
9.288999999999998647e-03
5.310000000000001386e-01
0.000000000000000000e+00
9.346000000000000141e-03
2.261000000000000121e+00
0.000000000000000000e+00
9.792999999999997887e-03
5.266999999999996129e-01
0.000000000000000000e+00
9.346000000000000141e-03
2.327000000000000846e+00
0.000000000000000000e+00
1.034999999999999809e-02
5.216999999999999416e-01
0.000000000000000000e+00
9.346000000000000141e-03
2.399000000000001354e+00
0.000000000000000000e+00
1.098000000000000365e-02
5.159999999999997922e-01
0.000000000000000000e+00
9.346000000000000141e-03
2.531383668366406159e+00
0.000000000000000000e+00
1.214239968887815234e-02
5.049435585515438252e-01
0.000000000000000000e+00
1.869200000000000028e-02
2.683000000000001162e+00
0.000000000000000000e+00
1.344000000000000056e-02
4.923000000000002929e-01
0.000000000000000000e+00
9.346000000000000141e-03
2.819000000000000838e+00
0.000000000000000000e+00
1.452000000000000339e-02
4.814000000000001056e-01
0.000000000000000000e+00
9.346000000000000141e-03
2.985000000000001208e+00
0.000000000000000000e+00
1.578000000000000236e-02
4.685000000000001386e-01
0.000000000000000000e+00
9.346000000000000141e-03
3.182999999999999829e+00
0.000000000000000000e+00
1.728999999999999981e-02
4.530999999999999472e-01
0.000000000000000000e+00
9.346000000000000141e-03
3.413999999999999257e+00
0.000000000000000000e+00
1.910999999999999505e-02
4.345999999999999308e-01
0.000000000000000000e+00
9.346000000000000141e-03
3.673999999999999488e+00
0.000000000000000000e+00
2.136000000000001092e-02
4.125000000000002554e-01
0.000000000000000000e+00
9.346000000000000141e-03
4.106130424397811396e+00
0.000000000000000000e+00
2.582808765449513128e-02
3.731736141960732001e-01
0.000000000000000000e+00
1.869200000000000028e-02
4.946878960178310969e+00
0.000000000000000000e+00
3.834642290554562266e-02
2.898905859605780400e-01
0.000000000000000000e+00
2.803800000000000042e-02
6.640999999999998238e+00
0.000000000000000000e+00
7.080999999999997019e-02
1.725999999999998924e-01
0.000000000000000000e+00
9.346000000000000141e-03
9.059000000000001052e+00
0.000000000000000000e+00
1.119999999999999746e-01
1.152000000000000662e-01
0.000000000000000000e+00
9.346000000000000141e-03
1.752999999999999403e+01
0.000000000000000000e+00
2.351999999999999091e-01
6.053999999999998272e-02
0.000000000000000000e+00
9.346000000000000141e-03
