8.198551726155031694e-02
3.149642272858499403e-02
2.726976247502968867e-02
1.670439880254695822e-02
5.714254488328653764e-03
1.736653203796643952e-02
5.966379113502747735e-04
1.628488603459222030e-03
4.368652566126806887e-04
6.595094557400063214e-06
5.136231460259821676e-06
9.541236602511705964e-06
7.385473378426656897e-06
7.752795359764972731e-07
3.595376514155253045e-07
0.000000000000000000e+00
0.000000000000000000e+00
0.000000000000000000e+00
0.000000000000000000e+00
0.000000000000000000e+00
0.000000000000000000e+00
0.000000000000000000e+00
0.000000000000000000e+00
0.000000000000000000e+00
0.000000000000000000e+00
0.000000000000000000e+00
3.775080000000002184e-02
7.007677000000009371e-02
3.488050000000001566e-02
1.192383000000000505e-02
3.636766399999996624e-02
1.258264000000000691e-03
3.439341200000002510e-03
9.240940399999997105e-04
1.395842000000000484e-05
1.087063000000000098e-05
2.019380700000000559e-05
1.563202950000001638e-05
1.546575500000000216e-06
8.715014000000002496e-07
0.000000000000000000e+00
0.000000000000000000e+00
0.000000000000000000e+00
0.000000000000000000e+00
0.000000000000000000e+00
0.000000000000000000e+00
0.000000000000000000e+00
0.000000000000000000e+00
0.000000000000000000e+00
0.000000000000000000e+00
0.000000000000000000e+00
0.000000000000000000e+00
9.377684435502074700e-02
8.141132064276254687e-02
2.181643077467471104e-02
6.654027609094602391e-02
2.304041905363440196e-03
6.300257544708079936e-03
1.693409634356155382e-03
2.557997565369493333e-05
1.992155810626355372e-05
3.700883650786277677e-05
2.864836361421180011e-05
2.834718506013451037e-06
1.613829846789303168e-06
0.000000000000000000e+00
0.000000000000000000e+00
0.000000000000000000e+00
0.000000000000000000e+00
0.000000000000000000e+00
0.000000000000000000e+00
0.000000000000000000e+00
0.000000000000000000e+00
0.000000000000000000e+00
0.000000000000000000e+00
0.000000000000000000e+00
0.000000000000000000e+00
0.000000000000000000e+00
1.632161643830882802e-01
8.286950655682800981e-02
1.425254063251115699e-01
4.938493869935563219e-03
1.350692066484933916e-02
3.631262173896211351e-03
5.485506848601478115e-05
4.272116191685127118e-05
7.936320630833585852e-05
6.143502644710025775e-05
6.077688288783522555e-06
3.491062835088491109e-06
0.000000000000000000e+00
0.000000000000000000e+00
0.000000000000000000e+00
0.000000000000000000e+00
0.000000000000000000e+00
0.000000000000000000e+00
0.000000000000000000e+00
0.000000000000000000e+00
0.000000000000000000e+00
0.000000000000000000e+00
0.000000000000000000e+00
0.000000000000000000e+00
0.000000000000000000e+00
0.000000000000000000e+00
9.374770999999997023e-02
2.932834699999998795e-01
8.687164999999998430e-03
2.376504900000001377e-02
6.390112499999989204e-03
9.653589999999996455e-05
7.518253999999995594e-05
1.396658499999999090e-04
1.081140239999999738e-04
1.069611799999999665e-05
6.168163099999998366e-06
0.000000000000000000e+00
0.000000000000000000e+00
0.000000000000000000e+00
0.000000000000000000e+00
0.000000000000000000e+00
0.000000000000000000e+00
0.000000000000000000e+00
0.000000000000000000e+00
0.000000000000000000e+00
0.000000000000000000e+00
0.000000000000000000e+00
0.000000000000000000e+00
0.000000000000000000e+00
0.000000000000000000e+00
0.000000000000000000e+00
4.634360087748471968e-01
5.827642149037515901e-02
1.446005222388630218e-01
3.888404026531554897e-02
5.874327967813794101e-04
4.574904031564966975e-04
8.498827121696214985e-04
6.578937046530639781e-04
6.509057977267872046e-05
3.453486459930652885e-05
1.864274131705586022e-06
2.529575821677115972e-07
1.056732050892313832e-06
5.815041649763461748e-08
1.867868960074901372e-08
0.000000000000000000e+00
0.000000000000000000e+00
0.000000000000000000e+00
0.000000000000000000e+00
0.000000000000000000e+00
0.000000000000000000e+00
0.000000000000000000e+00
0.000000000000000000e+00
0.000000000000000000e+00
0.000000000000000000e+00
0.000000000000000000e+00
1.714426000000000561e-01
6.870561799999994612e-01
1.668804819999999967e-01
2.521123999999999154e-03
1.963437999999999642e-03
3.647505900000002146e-03
2.823525500000000511e-03
2.793494899999998562e-04
1.474574659999999078e-04
7.028786999999998947e-06
9.520971000000000241e-07
4.113227800000009218e-06
2.323114000000000430e-07
2.660228100000000670e-06
0.000000000000000000e+00
0.000000000000000000e+00
0.000000000000000000e+00
0.000000000000000000e+00
0.000000000000000000e+00
0.000000000000000000e+00
0.000000000000000000e+00
0.000000000000000000e+00
0.000000000000000000e+00
0.000000000000000000e+00
0.000000000000000000e+00
0.000000000000000000e+00
6.528867346047841913e-01
5.369360354981531636e-01
7.955883672925039007e-03
6.196013915476262721e-03
1.151039692681686023e-02
8.910193321633856980e-03
8.815544860331158772e-04
4.653277421036571427e-04
2.217789402547147687e-05
3.001326896121807691e-06
1.293122866937174972e-05
7.259165934725955284e-07
2.747448749559864072e-06
2.734449465401498060e-06
5.859466909911495015e-07
1.065679174074084538e-06
1.563314072595056463e-06
0.000000000000000000e+00
0.000000000000000000e+00
0.000000000000000000e+00
0.000000000000000000e+00
0.000000000000000000e+00
0.000000000000000000e+00
0.000000000000000000e+00
0.000000000000000000e+00
0.000000000000000000e+00
9.849136765183239550e-01
1.025373629819836679e-01
7.512227012755581801e-02
1.395431467261598335e-01
1.080202140008338085e-01
1.068727487689967448e-02
5.641228239132752530e-03
2.688703987447730866e-04
3.638533793991995580e-05
1.567608629194653042e-04
8.805891838064201793e-06
3.175290206178958067e-05
2.622280543093037961e-05
5.693553858539611780e-06
1.034585871635557604e-05
1.661137261806719373e-05
1.686264196658098763e-05
0.000000000000000000e+00
0.000000000000000000e+00
0.000000000000000000e+00
0.000000000000000000e+00
0.000000000000000000e+00
0.000000000000000000e+00
0.000000000000000000e+00
0.000000000000000000e+00
0.000000000000000000e+00
2.270939999999999348e-01
3.273443000000001435e-01
4.797986000000003526e-01
3.713532700000000686e-01
3.674084999999999851e-02
1.939349599999999618e-02
9.243148999999997381e-04
1.250867999999999490e-04
5.389098000000001236e-04
3.027384000000000422e-05
1.091596600000000492e-04
9.014851000000006771e-05
1.957173000000000311e-05
3.556706000000000434e-05
5.687190000000002041e-05
5.874752299999994829e-05
0.000000000000000000e+00
0.000000000000000000e+00
0.000000000000000000e+00
0.000000000000000000e+00
0.000000000000000000e+00
0.000000000000000000e+00
0.000000000000000000e+00
0.000000000000000000e+00
0.000000000000000000e+00
0.000000000000000000e+00
2.274860999999999689e-01
6.859400999999999415e-01
4.773893100000000111e-01
4.723190100000002750e-02
2.493112639999999283e-02
1.188245600000000304e-03
1.608062000000000055e-04
6.928008599999998509e-04
3.891601000000000554e-05
1.403321600000001306e-04
1.158867200000000315e-04
2.516165999999999721e-05
4.572385999999999492e-05
7.311037000000004927e-05
7.558664799999999012e-05
0.000000000000000000e+00
0.000000000000000000e+00
0.000000000000000000e+00
0.000000000000000000e+00
0.000000000000000000e+00
0.000000000000000000e+00
0.000000000000000000e+00
0.000000000000000000e+00
0.000000000000000000e+00
0.000000000000000000e+00
0.000000000000000000e+00
5.145283027004230458e-01
8.277784794820305381e-01
7.960919336807741054e-02
4.202134218855650694e-02
2.002791552276634440e-03
2.710287547570805998e-04
1.167695250821004869e-03
6.559630351870981296e-05
2.365345341230523689e-04
1.953302918026601212e-04
4.241280790679800709e-05
7.706293381500720139e-05
1.232249435083022330e-04
1.275577058087744211e-04
0.000000000000000000e+00
0.000000000000000000e+00
0.000000000000000000e+00
0.000000000000000000e+00
0.000000000000000000e+00
0.000000000000000000e+00
0.000000000000000000e+00
0.000000000000000000e+00
0.000000000000000000e+00
0.000000000000000000e+00
0.000000000000000000e+00
0.000000000000000000e+00
8.919013754641499370e-01
3.695640004444801785e-01
1.905203868942827727e-01
9.080446039730358590e-03
1.228827394298604011e-03
5.294222562628289781e-03
2.974000200848312238e-04
1.072387749001939413e-03
8.856155694029727672e-04
1.922918636283448425e-04
3.494034104852781217e-04
5.586884342547785137e-04
5.791438778475770273e-04
0.000000000000000000e+00
0.000000000000000000e+00
0.000000000000000000e+00
0.000000000000000000e+00
0.000000000000000000e+00
0.000000000000000000e+00
0.000000000000000000e+00
0.000000000000000000e+00
0.000000000000000000e+00
0.000000000000000000e+00
0.000000000000000000e+00
0.000000000000000000e+00
0.000000000000000000e+00
6.177154983392804111e-01
7.764981501187048218e-01
3.618850183274057580e-02
4.897260334521878582e-03
2.109916539761635609e-02
1.185234310253583312e-03
4.273813653740728656e-03
3.529451330184040555e-03
7.663444172871269108e-04
1.392487993199700196e-03
2.226545954887151034e-03
2.308749736063787743e-03
0.000000000000000000e+00
0.000000000000000000e+00
0.000000000000000000e+00
0.000000000000000000e+00
0.000000000000000000e+00
0.000000000000000000e+00
0.000000000000000000e+00
0.000000000000000000e+00
0.000000000000000000e+00
0.000000000000000000e+00
0.000000000000000000e+00
0.000000000000000000e+00
0.000000000000000000e+00
0.000000000000000000e+00
9.848115693168841833e-01
2.460679790495228225e-01
3.211649407119630123e-02
1.367901027806175396e-01
7.477646719549766244e-03
2.640724325387111895e-02
2.068932630949290793e-02
4.266325960604487946e-03
7.448768240373775280e-03
1.074446068239659491e-02
8.150142256048880859e-03
0.000000000000000000e+00
0.000000000000000000e+00
0.000000000000000000e+00
0.000000000000000000e+00
0.000000000000000000e+00
0.000000000000000000e+00
0.000000000000000000e+00
0.000000000000000000e+00
0.000000000000000000e+00
0.000000000000000000e+00
0.000000000000000000e+00
0.000000000000000000e+00
0.000000000000000000e+00
0.000000000000000000e+00
1.870065236656497966e-03
6.251497743558608322e-01
1.436403738147782605e-01
5.042057728278781514e-01
2.699185241873011676e-02
9.536008079206821642e-02
7.313373635148491536e-02
1.470676285625970199e-02
2.517636368920977280e-02
3.435674975860007058e-02
2.093315407457466484e-02
0.000000000000000000e+00
0.000000000000000000e+00
0.000000000000000000e+00
0.000000000000000000e+00
0.000000000000000000e+00
0.000000000000000000e+00
0.000000000000000000e+00
0.000000000000000000e+00
0.000000000000000000e+00
0.000000000000000000e+00
0.000000000000000000e+00
0.000000000000000000e+00
0.000000000000000000e+00
0.000000000000000000e+00
0.000000000000000000e+00
2.963853186363299419e-02
3.062116999999999756e-01
8.640722099999995631e-01
3.626659000000000826e-02
1.287871899999999126e-01
1.024084299999999809e-01
2.064086000000000393e-02
3.520218000000000652e-02
4.770291499999995688e-02
2.865095577000002433e-02
0.000000000000000000e+00
0.000000000000000000e+00
0.000000000000000000e+00
0.000000000000000000e+00
0.000000000000000000e+00
0.000000000000000000e+00
0.000000000000000000e+00
0.000000000000000000e+00
0.000000000000000000e+00
0.000000000000000000e+00
0.000000000000000000e+00
0.000000000000000000e+00
0.000000000000000000e+00
0.000000000000000000e+00
0.000000000000000000e+00
2.175813933150843888e-04
6.060685724913268853e-03
9.514411335040172668e-01
8.794464902548103369e-02
2.685455614232499788e-01
1.912025988713327296e-01
3.761256081938194051e-02
6.365651884305505159e-02
8.401765219838973342e-02
4.751589168195817503e-02
0.000000000000000000e+00
0.000000000000000000e+00
0.000000000000000000e+00
0.000000000000000000e+00
0.000000000000000000e+00
0.000000000000000000e+00
0.000000000000000000e+00
0.000000000000000000e+00
0.000000000000000000e+00
0.000000000000000000e+00
0.000000000000000000e+00
0.000000000000000000e+00
0.000000000000000000e+00
0.000000000000000000e+00
0.000000000000000000e+00
1.208727677799999493e-08
1.893317999999999802e-07
1.899800766289999332e-01
3.399522999999999850e-01
6.126384000000000274e-01
3.555296100000001069e-01
6.623126999999993936e-02
1.098456199999999910e-01
1.485687000000000535e-01
8.690610672000008419e-02
0.000000000000000000e+00
0.000000000000000000e+00
0.000000000000000000e+00
0.000000000000000000e+00
0.000000000000000000e+00
0.000000000000000000e+00
0.000000000000000000e+00
0.000000000000000000e+00
0.000000000000000000e+00
0.000000000000000000e+00
0.000000000000000000e+00
0.000000000000000000e+00
0.000000000000000000e+00
0.000000000000000000e+00
0.000000000000000000e+00
3.181625760168056668e-09
4.727446121255275541e-08
2.977740889715463010e-02
4.509354513787387775e-02
8.205569436836714914e-01
5.512587206639507631e-01
9.516563822437702769e-02
1.559481215822588474e-01
1.954174240662587547e-01
1.066267327010598231e-01
0.000000000000000000e+00
0.000000000000000000e+00
0.000000000000000000e+00
0.000000000000000000e+00
0.000000000000000000e+00
0.000000000000000000e+00
0.000000000000000000e+00
0.000000000000000000e+00
0.000000000000000000e+00
0.000000000000000000e+00
0.000000000000000000e+00
0.000000000000000000e+00
0.000000000000000000e+00
0.000000000000000000e+00
0.000000000000000000e+00
3.786749325112111376e-10
6.587320050838997685e-09
2.682454937643424624e-03
3.201883840203687860e-03
1.104944831739871902e-01
1.055867870314632695e+00
2.364726953246868990e-01
2.835261037208103851e-01
3.339613596213257818e-01
1.749961720094770634e-01
0.000000000000000000e+00
0.000000000000000000e+00
0.000000000000000000e+00
0.000000000000000000e+00
0.000000000000000000e+00
0.000000000000000000e+00
0.000000000000000000e+00
0.000000000000000000e+00
0.000000000000000000e+00
0.000000000000000000e+00
0.000000000000000000e+00
0.000000000000000000e+00
0.000000000000000000e+00
0.000000000000000000e+00
0.000000000000000000e+00
1.322296000000000456e-10
2.638433000000000085e-09
8.693361038400000337e-04
9.864782000000003361e-04
2.959762300000002774e-02
4.485811800000000793e-01
5.644046000000002561e-01
6.188889000000001861e-01
4.430146600000000601e-01
2.351140911000000888e-01
0.000000000000000000e+00
0.000000000000000000e+00
0.000000000000000000e+00
0.000000000000000000e+00
0.000000000000000000e+00
0.000000000000000000e+00
0.000000000000000000e+00
0.000000000000000000e+00
0.000000000000000000e+00
0.000000000000000000e+00
0.000000000000000000e+00
0.000000000000000000e+00
0.000000000000000000e+00
0.000000000000000000e+00
0.000000000000000000e+00
8.129911568898731453e-11
1.587729190614753566e-09
5.033519058891488228e-04
5.509700609794525175e-04
1.626568430767452028e-02
1.748590444984523262e-01
2.090933367470667603e-01
9.980281412348790404e-01
7.946009747907791798e-01
2.747476480284676836e-01
0.000000000000000000e+00
0.000000000000000000e+00
0.000000000000000000e+00
0.000000000000000000e+00
0.000000000000000000e+00
0.000000000000000000e+00
0.000000000000000000e+00
0.000000000000000000e+00
0.000000000000000000e+00
0.000000000000000000e+00
0.000000000000000000e+00
0.000000000000000000e+00
0.000000000000000000e+00
0.000000000000000000e+00
0.000000000000000000e+00
4.149178739564088233e-11
6.561881003900517443e-10
2.148594572359492139e-04
2.331863969012578177e-04
6.313168827017024386e-03
6.279039758334403754e-02
4.576365407642108557e-02
2.501729498310750199e-01
1.820932739821483626e+00
6.696126363890061439e-01
3.637580807826911844e+00
0.000000000000000000e+00
0.000000000000000000e+00
0.000000000000000000e+00
0.000000000000000000e+00
0.000000000000000000e+00
0.000000000000000000e+00
0.000000000000000000e+00
0.000000000000000000e+00
0.000000000000000000e+00
0.000000000000000000e+00
0.000000000000000000e+00
0.000000000000000000e+00
0.000000000000000000e+00
0.000000000000000000e+00
7.896845030367638181e-12
3.253356178038844997e-10
1.003172753057958422e-04
1.148729780574881694e-04
2.822366005390591383e-03
2.711146330325211323e-02
1.984971968053914418e-02
6.957848368202068645e-02
5.649281888483665970e-01
3.268228695409321372e+00
7.897018049901775860e-02
3.112356255070385450e-02
2.787633914016591011e-02
1.703826433965540885e-02
5.819577155931939492e-03
1.768794194251344098e-02
6.097945546335250709e-04
1.666398621312780663e-03
4.475555715488663201e-04
6.758307233201690013e-06
5.263382484683147176e-06
9.777538560196230528e-06
7.568482399661335201e-06
7.950045187752957047e-07
3.679209560547152599e-07
0.000000000000000000e+00
0.000000000000000000e+00
0.000000000000000000e+00
0.000000000000000000e+00
0.000000000000000000e+00
0.000000000000000000e+00
0.000000000000000000e+00
0.000000000000000000e+00
0.000000000000000000e+00
0.000000000000000000e+00
0.000000000000000000e+00
3.607893000000002987e-02
7.045553000000005783e-02
3.576944000000001345e-02
1.221444000000000522e-02
3.723370999999999625e-02
1.290305000000000705e-03
3.529639599999996949e-03
9.490589600000017131e-04
1.433795000000000898e-05
1.116625000000000511e-05
2.074309000000001759e-05
1.605733879999999292e-05
1.588661400000000724e-06
8.952188000000002447e-07
0.000000000000000000e+00
0.000000000000000000e+00
0.000000000000000000e+00
0.000000000000000000e+00
0.000000000000000000e+00
0.000000000000000000e+00
0.000000000000000000e+00
0.000000000000000000e+00
0.000000000000000000e+00
0.000000000000000000e+00
0.000000000000000000e+00
0.000000000000000000e+00
9.072868961414676248e-02
8.185000828662020167e-02
2.238141625499116133e-02
6.823024616570280698e-02
2.364548091830341679e-03
6.468276440798631337e-03
1.739215158400734054e-03
2.627400251150839578e-05
2.046210060308362153e-05
3.801312175050736408e-05
2.942587254759045505e-05
2.911656295387296889e-06
1.657630086805139434e-06
0.000000000000000000e+00
0.000000000000000000e+00
0.000000000000000000e+00
0.000000000000000000e+00
0.000000000000000000e+00
0.000000000000000000e+00
0.000000000000000000e+00
0.000000000000000000e+00
0.000000000000000000e+00
0.000000000000000000e+00
0.000000000000000000e+00
0.000000000000000000e+00
0.000000000000000000e+00
1.579615532923213661e-01
8.213323044147187446e-02
1.463055722655560442e-01
5.071172899791510057e-03
1.387262008147108032e-02
3.730199981378947306e-03
5.635170748467667430e-05
4.388679142472343803e-05
8.152869818542929380e-05
6.311142059133865230e-05
6.243537631046572675e-06
3.586329526037433808e-06
0.000000000000000000e+00
0.000000000000000000e+00
0.000000000000000000e+00
0.000000000000000000e+00
0.000000000000000000e+00
0.000000000000000000e+00
0.000000000000000000e+00
0.000000000000000000e+00
0.000000000000000000e+00
0.000000000000000000e+00
0.000000000000000000e+00
0.000000000000000000e+00
0.000000000000000000e+00
0.000000000000000000e+00
9.044047999999996201e-02
2.970714199999999194e-01
8.923215999999994236e-03
2.441091699999999032e-02
6.563979199999999369e-03
9.916339000000003992e-05
7.722886999999993877e-05
1.434673699999999450e-04
1.110568089999999948e-04
1.098726200000000343e-05
6.336056299999994572e-06
0.000000000000000000e+00
0.000000000000000000e+00
0.000000000000000000e+00
0.000000000000000000e+00
0.000000000000000000e+00
0.000000000000000000e+00
0.000000000000000000e+00
0.000000000000000000e+00
0.000000000000000000e+00
0.000000000000000000e+00
0.000000000000000000e+00
0.000000000000000000e+00
0.000000000000000000e+00
0.000000000000000000e+00
0.000000000000000000e+00
4.615410124527298263e-01
5.914634685830693489e-02
1.481995148393651929e-01
3.985392519507619663e-02
6.020878311056798932e-04
4.689037475908167866e-04
8.710854702466122243e-04
6.743068621198355407e-04
6.671446563540837623e-05
3.539725432898352576e-05
1.911686931889967325e-06
2.592175453267660967e-07
1.081539265622095052e-06
5.942952146028066778e-08
1.908955009023438318e-08
0.000000000000000000e+00
0.000000000000000000e+00
0.000000000000000000e+00
0.000000000000000000e+00
0.000000000000000000e+00
0.000000000000000000e+00
0.000000000000000000e+00
0.000000000000000000e+00
0.000000000000000000e+00
0.000000000000000000e+00
0.000000000000000000e+00
1.674193999999999960e-01
6.985897500000000093e-01
1.714311839999998754e-01
2.589891999999999021e-03
2.016994000000000252e-03
3.746997300000002879e-03
2.900542600000000516e-03
2.869693099999997199e-04
1.514796710000001828e-04
7.220511999999996675e-06
9.780674999999994240e-07
4.225424499999994665e-06
2.386482000000000180e-07
2.732791199999999325e-06
0.000000000000000000e+00
0.000000000000000000e+00
0.000000000000000000e+00
0.000000000000000000e+00
0.000000000000000000e+00
0.000000000000000000e+00
0.000000000000000000e+00
0.000000000000000000e+00
0.000000000000000000e+00
0.000000000000000000e+00
0.000000000000000000e+00
0.000000000000000000e+00
6.548385196031151212e-01
5.498947220817710368e-01
8.166875374499862200e-03
6.360332440934297546e-03
1.181565519630202454e-02
9.146494721849472362e-03
9.049335256863774756e-04
4.776683783374571692e-04
2.276605845908416691e-05
3.080922517258834483e-06
1.327417207771716600e-05
7.451663362988497855e-07
2.820688724962213458e-06
2.808321919708979140e-06
6.015063947990814455e-07
1.093754967362456014e-06
1.603089010295533288e-06
0.000000000000000000e+00
0.000000000000000000e+00
0.000000000000000000e+00
0.000000000000000000e+00
0.000000000000000000e+00
0.000000000000000000e+00
0.000000000000000000e+00
0.000000000000000000e+00
0.000000000000000000e+00
9.940601836241219624e-01
1.042921660978527454e-01
7.699343740622711929e-02
1.430304800130961229e-01
1.107198228396798489e-01
1.095437232017566938e-02
5.782214296547310943e-03
2.755900368395243060e-04
3.729468424028710958e-05
1.606786519556887714e-04
9.025969805581778767e-06
3.254647541280573095e-05
2.687816855495379686e-05
5.835849341908013642e-06
1.060442403432346939e-05
1.702701258202431482e-05
1.728308197298144267e-05
0.000000000000000000e+00
0.000000000000000000e+00
0.000000000000000000e+00
0.000000000000000000e+00
0.000000000000000000e+00
0.000000000000000000e+00
0.000000000000000000e+00
0.000000000000000000e+00
0.000000000000000000e+00
2.221524999999998917e-01
3.272161999999999016e-01
4.928304999999998937e-01
3.814950400000002295e-01
3.774425599999996217e-02
1.992313799999999996e-02
9.495581999999992868e-04
1.285028999999999653e-04
5.536275999999990156e-04
3.110063000000000042e-05
1.121408499999999853e-04
9.261049999999997669e-05
2.010624000000000013e-05
3.653840999999998954e-05
5.842509000000001019e-05
6.035193500000000309e-05
0.000000000000000000e+00
0.000000000000000000e+00
0.000000000000000000e+00
0.000000000000000000e+00
0.000000000000000000e+00
0.000000000000000000e+00
0.000000000000000000e+00
0.000000000000000000e+00
0.000000000000000000e+00
0.000000000000000000e+00
2.223524000000000611e-01
6.954851000000004113e-01
4.904269500000001947e-01
4.852181199999999750e-02
2.561200370000000365e-02
1.220697099999999789e-03
1.651978000000000127e-04
7.117214500000001651e-04
3.997881999999999207e-05
1.441646700000000713e-04
1.190516300000000533e-04
2.584882999999999422e-05
4.697258999999997712e-05
7.510704000000001401e-05
7.765095199999998078e-05
0.000000000000000000e+00
0.000000000000000000e+00
0.000000000000000000e+00
0.000000000000000000e+00
0.000000000000000000e+00
0.000000000000000000e+00
0.000000000000000000e+00
0.000000000000000000e+00
0.000000000000000000e+00
0.000000000000000000e+00
0.000000000000000000e+00
5.107951573063976847e-01
8.470468249049023512e-01
8.176920069509070743e-02
4.316149383613591267e-02
2.057132478159116179e-03
2.783824613833436727e-04
1.199377806593614551e-03
6.737610588355409473e-05
2.429523336765055622e-04
2.006301084209630528e-04
4.356357461150047394e-05
7.915385313673139155e-05
1.265683676676631589e-04
1.310186398396061009e-04
0.000000000000000000e+00
0.000000000000000000e+00
0.000000000000000000e+00
0.000000000000000000e+00
0.000000000000000000e+00
0.000000000000000000e+00
0.000000000000000000e+00
0.000000000000000000e+00
0.000000000000000000e+00
0.000000000000000000e+00
0.000000000000000000e+00
0.000000000000000000e+00
8.966546127914486464e-01
3.776946465566016764e-01
1.953386153424354899e-01
9.310089196483265980e-03
1.259904220647187862e-03
5.428112891986954479e-03
3.049212269003829666e-04
1.099508276272001496e-03
9.080126624368775210e-04
1.971549130303871925e-04
3.582397925310728832e-04
5.728176163396953057e-04
5.937898855699359074e-04
0.000000000000000000e+00
0.000000000000000000e+00
0.000000000000000000e+00
0.000000000000000000e+00
0.000000000000000000e+00
0.000000000000000000e+00
0.000000000000000000e+00
0.000000000000000000e+00
0.000000000000000000e+00
0.000000000000000000e+00
0.000000000000000000e+00
0.000000000000000000e+00
0.000000000000000000e+00
6.169666477013454609e-01
7.945294472262453001e-01
3.714273147697357697e-02
5.026393136223290120e-03
2.165551593251271653e-02
1.216487075351158076e-03
4.386507035139743972e-03
3.622517233295524403e-03
7.865516264274632040e-04
1.429205452655611577e-03
2.285256290610775294e-03
2.369627447901093403e-03
0.000000000000000000e+00
0.000000000000000000e+00
0.000000000000000000e+00
0.000000000000000000e+00
0.000000000000000000e+00
0.000000000000000000e+00
0.000000000000000000e+00
0.000000000000000000e+00
0.000000000000000000e+00
0.000000000000000000e+00
0.000000000000000000e+00
0.000000000000000000e+00
0.000000000000000000e+00
0.000000000000000000e+00
9.926133902404505882e-01
2.514656797823991985e-01
3.295996757410996070e-02
1.403840949667456983e-01
7.674268791887661929e-03
2.710208169708970549e-02
2.123466217123358771e-02
4.378982979235728108e-03
7.645745768242678472e-03
1.102971684789155575e-02
8.369701017709519839e-03
0.000000000000000000e+00
0.000000000000000000e+00
0.000000000000000000e+00
0.000000000000000000e+00
0.000000000000000000e+00
0.000000000000000000e+00
0.000000000000000000e+00
0.000000000000000000e+00
0.000000000000000000e+00
0.000000000000000000e+00
0.000000000000000000e+00
0.000000000000000000e+00
0.000000000000000000e+00
0.000000000000000000e+00
1.899728399108889651e-03
6.169148586452265492e-01
1.454715583016123193e-01
5.169831782990714775e-01
2.774904427692059805e-02
9.804192369774109017e-02
7.519439645955568186e-02
1.512110658289833424e-02
2.588552284384096694e-02
3.532411654632279518e-02
2.152195520727007844e-02
0.000000000000000000e+00
0.000000000000000000e+00
0.000000000000000000e+00
0.000000000000000000e+00
0.000000000000000000e+00
0.000000000000000000e+00
0.000000000000000000e+00
0.000000000000000000e+00
0.000000000000000000e+00
0.000000000000000000e+00
0.000000000000000000e+00
0.000000000000000000e+00
0.000000000000000000e+00
0.000000000000000000e+00
0.000000000000000000e+00
2.965475619494403053e-02
3.063172999999999035e-01
8.758894700000000588e-01
3.725671999999999318e-02
1.323043099999998418e-01
1.052052499999999030e-01
2.120456999999999204e-02
3.616357000000000599e-02
4.900572099999998127e-02
2.943343176999996605e-02
0.000000000000000000e+00
0.000000000000000000e+00
0.000000000000000000e+00
0.000000000000000000e+00
0.000000000000000000e+00
0.000000000000000000e+00
0.000000000000000000e+00
0.000000000000000000e+00
0.000000000000000000e+00
0.000000000000000000e+00
0.000000000000000000e+00
0.000000000000000000e+00
0.000000000000000000e+00
0.000000000000000000e+00
0.000000000000000000e+00
2.305158791367944613e-04
6.412370885875464700e-03
9.698874275518855059e-01
8.696060534372404560e-02
2.686944697618495193e-01
1.926728444905889126e-01
3.791678860974382476e-02
6.414425953237620770e-02
8.465791231359662272e-02
4.795469793432668992e-02
0.000000000000000000e+00
0.000000000000000000e+00
0.000000000000000000e+00
0.000000000000000000e+00
0.000000000000000000e+00
0.000000000000000000e+00
0.000000000000000000e+00
0.000000000000000000e+00
0.000000000000000000e+00
0.000000000000000000e+00
0.000000000000000000e+00
0.000000000000000000e+00
0.000000000000000000e+00
0.000000000000000000e+00
0.000000000000000000e+00
1.241706850100000506e-08
1.943878000000000223e-07
1.918544864320000654e-01
3.440968000000000915e-01
6.192803999999998421e-01
3.637298799999998944e-01
6.800188000000000066e-02
1.128266299999999833e-01
1.526241199999999187e-01
8.927953299999992487e-02
0.000000000000000000e+00
0.000000000000000000e+00
0.000000000000000000e+00
0.000000000000000000e+00
0.000000000000000000e+00
0.000000000000000000e+00
0.000000000000000000e+00
0.000000000000000000e+00
0.000000000000000000e+00
0.000000000000000000e+00
0.000000000000000000e+00
0.000000000000000000e+00
0.000000000000000000e+00
0.000000000000000000e+00
0.000000000000000000e+00
3.284622415636373910e-09
4.880333046643991750e-08
3.033400052468959718e-02
4.590722253325382057e-02
8.318732832082464945e-01
5.588989207612502508e-01
9.728721903656713244e-02
1.597515960102704746e-01
2.004661493215418311e-01
1.094455988754695908e-01
0.000000000000000000e+00
0.000000000000000000e+00
0.000000000000000000e+00
0.000000000000000000e+00
0.000000000000000000e+00
0.000000000000000000e+00
0.000000000000000000e+00
0.000000000000000000e+00
0.000000000000000000e+00
0.000000000000000000e+00
0.000000000000000000e+00
0.000000000000000000e+00
0.000000000000000000e+00
0.000000000000000000e+00
0.000000000000000000e+00
3.920780545678248840e-10
6.805680751558640552e-09
2.768488468707190620e-03
3.297426656945706604e-03
1.131408407548199907e-01
1.072960126629370237e+00
2.391552854288019059e-01
2.879311057836079768e-01
3.415780152521020741e-01
1.794217088721697106e-01
0.000000000000000000e+00
0.000000000000000000e+00
0.000000000000000000e+00
0.000000000000000000e+00
0.000000000000000000e+00
0.000000000000000000e+00
0.000000000000000000e+00
0.000000000000000000e+00
0.000000000000000000e+00
0.000000000000000000e+00
0.000000000000000000e+00
0.000000000000000000e+00
0.000000000000000000e+00
0.000000000000000000e+00
0.000000000000000000e+00
1.358408999999999698e-10
2.710490999999999300e-09
8.928479526100003205e-04
1.012718000000000125e-03
3.027540799999998977e-02
4.558919899999998582e-01
5.739677000000000806e-01
6.294689999999999452e-01
4.521397199999999672e-01
2.414128975999998428e-01
0.000000000000000000e+00
0.000000000000000000e+00
0.000000000000000000e+00
0.000000000000000000e+00
0.000000000000000000e+00
0.000000000000000000e+00
0.000000000000000000e+00
0.000000000000000000e+00
0.000000000000000000e+00
0.000000000000000000e+00
0.000000000000000000e+00
0.000000000000000000e+00
0.000000000000000000e+00
0.000000000000000000e+00
0.000000000000000000e+00
8.355612843518254530e-11
1.631708140993147092e-09
5.172930139733142004e-04
5.661660288909226403e-04
1.668656283928705159e-02
1.780417701443257616e-01
2.129219335820896342e-01
1.016049243224913301e+00
8.090089773479314239e-01
2.817715702705994585e-01
0.000000000000000000e+00
0.000000000000000000e+00
0.000000000000000000e+00
0.000000000000000000e+00
0.000000000000000000e+00
0.000000000000000000e+00
0.000000000000000000e+00
0.000000000000000000e+00
0.000000000000000000e+00
0.000000000000000000e+00
0.000000000000000000e+00
0.000000000000000000e+00
0.000000000000000000e+00
0.000000000000000000e+00
0.000000000000000000e+00
4.265527709917083092e-11
6.751714248686540537e-10
2.209681417492431917e-04
2.397920640422447982e-04
6.491215923889183739e-03
6.438022485749025914e-02
4.676251236169339659e-02
2.554589127082507183e-01
1.856495724025806648e+00
6.827049953708621555e-01
3.625108960263066837e+00
0.000000000000000000e+00
0.000000000000000000e+00
0.000000000000000000e+00
0.000000000000000000e+00
0.000000000000000000e+00
0.000000000000000000e+00
0.000000000000000000e+00
0.000000000000000000e+00
0.000000000000000000e+00
0.000000000000000000e+00
0.000000000000000000e+00
0.000000000000000000e+00
0.000000000000000000e+00
0.000000000000000000e+00
8.142481624045358433e-12
3.342308256081815438e-10
1.030878415560567042e-04
1.180463977116773537e-04
2.900354404514200735e-03
2.785903421565621291e-02
2.038878283862751578e-02
7.138207296911364130e-02
5.779460083839675910e-01
3.336728140558746780e+00
