1.850961469518584979e-01
1.164134349728851610e-03
1.891467000882178420e-03
4.139960657298578539e+00
3.130311797540992145e-06
2.538409999999999833e-01
1.971999999999999864e-01
1.148999999999999848e-03
4.803000000000001279e-04
3.919000000000000927e+00
0.000000000000000000e+00
1.180999999999999966e-01
2.743997425491555009e-01
1.119057300656544057e-03
4.406642057877683985e-04
2.586976311707528176e+00
0.000000000000000000e+00
2.308000000000000052e-01
4.112904837452579510e-01
9.733559890233663180e-04
3.512352789392463016e-04
1.565338991503709476e+00
0.000000000000000000e+00
1.719800000000000217e-01
4.266999999999997462e-01
8.930999999999995366e-04
3.651999999999999322e-04
1.721999999999999309e+00
0.000000000000000000e+00
6.108000000000000235e-02
7.081848861474037138e-01
7.950347204578653683e-04
3.200046459524579531e-04
1.077806624970852001e+00
0.000000000000000000e+00
1.547759999999999692e-01
1.036999999999999700e+00
7.752999999999998174e-04
3.301999999999999488e-04
7.676000000000000600e-01
0.000000000000000000e+00
2.922999999999999817e-03
1.226121177202572188e+00
8.347010740656086569e-04
4.037400540604025104e-04
6.718177723177714000e-01
0.000000000000000000e+00
5.806399999999999756e-03
1.428150300307431619e+00
1.613847883188772835e-03
1.041824957622481318e-03
5.892578194521588264e-01
0.000000000000000000e+00
6.793040000000000406e-04
1.465999999999999748e+00
2.923999999999999950e-03
1.920000000000000482e-03
5.754000000000001336e-01
0.000000000000000000e+00
3.502000000000000098e-06
1.467000000000000082e+00
2.074000000000001190e-03
1.941999999999999716e-03
5.746000000000001107e-01
0.000000000000000000e+00
2.406999999999999994e-06
1.472330488362559420e+00
5.983501431026873492e-03
3.885155362999874028e-03
5.714687523653338985e-01
0.000000000000000000e+00
3.570899999999999980e-06
1.482583843046737959e+00
1.590260355213164375e-02
1.098048011930364935e-02
5.635590193418811289e-01
0.000000000000000000e+00
1.629319999999999928e-06
1.487395780300354131e+00
2.310196746160309011e-02
1.522180407232377394e-02
5.605894336991337212e-01
0.000000000000000000e+00
6.635399999999999979e-08
1.496522128773251303e+00
1.794076611317208317e-02
1.155108363146663611e-02
5.622692275637771742e-01
0.000000000000000000e+00
1.850419999999999572e-08
1.671033950458278294e+00
2.256753176562054444e-02
1.057215499468426717e-01
4.999230351681601126e-01
0.000000000000000000e+00
3.286100000000000160e-10
1.629000000000000226e+00
4.492999999999999772e-02
2.945999999999999314e-02
5.383999999999998787e-01
0.000000000000000000e+00
3.623000000000000052e-11
2.075056924546326176e+00
5.715931722608814658e-01
3.370344571906127018e-01
3.981727384363497046e-01
0.000000000000000000e+00
1.267360000000000109e-10
2.442999999999999172e+00
8.981999999999997764e-01
5.329999999999998073e-01
2.936999999999998501e-01
0.000000000000000000e+00
5.435999999999999859e-12
2.264604636648356095e+00
4.463920209023644059e-01
2.648602560029047481e-01
3.832666078480317373e-01
0.000000000000000000e+00
1.770300000000000080e-11
2.354429212265357396e+00
2.625896197343322580e-01
1.532645544141396088e-01
4.287494093764314118e-01
0.000000000000000000e+00
1.206800000000000068e-11
2.480000000000000870e+00
2.419000000000001149e-01
1.390000000000000402e-01
4.299000000000002819e-01
0.000000000000000000e+00
2.269999999999999819e-12
2.607322691123804770e+00
2.444225857441755800e-01
1.388188955874828934e-01
4.231032190077657074e-01
0.000000000000000000e+00
3.755999999999999748e-12
3.010217343225631836e+00
2.781331307260050956e-01
1.541927041810331744e-01
3.950592857602889252e-01
0.000000000000000000e+00
4.841499999999999515e-12
4.196807854607984112e+00
4.530920771138292613e-01
2.440583333247837994e-01
3.071307662957115103e-01
0.000000000000000000e+00
2.657498499999999877e-12
1.825039267663849385e-01
0.000000000000000000e+00
1.233885301804750565e-03
4.288950806204088195e+00
0.000000000000000000e+00
4.673000000000000070e-02
1.976000000000001089e-01
0.000000000000000000e+00
5.809000000000004014e-06
3.999000000000002775e+00
0.000000000000000000e+00
9.346000000000000141e-03
2.738925938495810897e-01
0.000000000000000000e+00
5.742594535188041373e-06
2.652060360752300117e+00
0.000000000000000000e+00
1.869200000000000028e-02
4.093608633070015546e-01
0.000000000000000000e+00
5.724718033496794238e-06
1.604536305439314248e+00
0.000000000000000000e+00
1.869200000000000028e-02
4.278999999999998360e-01
0.000000000000000000e+00
6.454999999999995796e-06
1.752999999999999448e+00
0.000000000000000000e+00
9.346000000000000141e-03
7.114607393803678015e-01
0.000000000000000000e+00
7.943795045435339989e-06
1.095300976331921028e+00
0.000000000000000000e+00
7.476800000000000113e-02
1.048999999999999932e+00
0.000000000000000000e+00
9.735999999999999619e-06
7.741999999999998883e-01
0.000000000000000000e+00
9.346000000000000141e-03
1.241871260128200705e+00
0.000000000000000000e+00
1.749487718214402823e-05
6.767608861821455823e-01
0.000000000000000000e+00
5.607600000000000084e-02
1.446509191520167770e+00
0.000000000000000000e+00
5.981601600515843234e-05
5.937622246379241631e-01
0.000000000000000000e+00
1.028059999999999807e-01
1.483999999999999542e+00
0.000000000000000000e+00
1.205000000000000559e-04
5.808999999999998609e-01
0.000000000000000000e+00
9.346000000000000141e-03
1.484999999999999876e+00
0.000000000000000000e+00
1.366999999999999888e-04
5.802999999999999270e-01
0.000000000000000000e+00
9.346000000000000141e-03
1.486997925723342551e+00
0.000000000000000000e+00
1.766536410716018949e-04
5.796006222829984678e-01
0.000000000000000000e+00
2.803800000000000042e-02
1.490117102341586897e+00
0.000000000000000000e+00
3.636632056827936773e-04
5.785407229107510929e-01
0.000000000000000000e+00
7.476800000000000113e-02
1.492241585249181268e+00
0.000000000000000000e+00
7.478813752065637801e-04
5.775789935639119577e-01
0.000000000000000000e+00
3.738400000000000056e-02
1.506561348823165503e+00
0.000000000000000000e+00
1.842836600370267213e-03
5.747747109381438069e-01
0.000000000000000000e+00
1.028059999999999807e-01
1.583839966277081679e+00
0.000000000000000000e+00
3.675963176190699157e-03
5.682429280038809871e-01
0.000000000000000000e+00
4.673000000000000070e-02
1.626999999999999780e+00
0.000000000000000000e+00
4.401999999999997928e-03
5.648999999999997357e-01
0.000000000000000000e+00
9.346000000000000141e-03
1.765188532499957219e+00
0.000000000000000000e+00
5.572219815145993890e-03
5.583775678594835590e-01
0.000000000000000000e+00
9.345999999999998753e-02
1.948999999999998289e+00
0.000000000000000000e+00
7.090000000000000815e-03
5.485999999999999766e-01
0.000000000000000000e+00
9.346000000000000141e-03
2.041834367895779767e+00
0.000000000000000000e+00
7.963138956516130004e-03
5.421298260322783280e-01
0.000000000000000000e+00
3.738400000000000056e-02
2.250119535160600037e+00
0.000000000000000000e+00
9.714211485284134431e-03
5.278163865169688274e-01
0.000000000000000000e+00
3.738400000000000056e-02
2.395999999999999019e+00
0.000000000000000000e+00
1.097000000000000232e-02
5.165999999999999481e-01
0.000000000000000000e+00
9.346000000000000141e-03
2.527751994743265396e+00
0.000000000000000000e+00
1.212683821458743899e-02
5.055971134891581453e-01
0.000000000000000000e+00
1.869200000000000028e-02
2.928301273253631543e+00
0.000000000000000000e+00
1.534852871745385344e-02
4.732679358994979490e-01
0.000000000000000000e+00
3.738400000000000056e-02
4.064209129519375630e+00
0.000000000000000000e+00
2.665528652214966057e-02
3.764698373397651898e-01
0.000000000000000000e+00
9.345999999999998753e-02
