1.000000000000000000e+07
2.865050000000000000e+06
2.231300000000000000e+06
1.353350000000000000e+06
8.208500000000000000e+05
6.392790000000000000e+05
8.651700000000000000e+04
6.737950000000000000e+04
1.503439999999999964e+04
9.611169999999999618e+02
7.485180000000000291e+02
5.829470000000000027e+02
2.753650000000000091e+02
3.726650000000000063e+01
1.370960000000000001e+01
1.275199999999999889e+00
6.825599999999999445e-01
6.023600000000000065e-01
2.568300000000000027e-01
2.374199999999999922e-01
1.674299999999999955e-01
1.096300000000000052e-01
9.707999999999999963e-02
7.427599999999999481e-02
3.781299999999999939e-02
1.000000000000000082e-05
