25
5
1.000000e+07
2.865050e+06
2.231300e+06
1.353350e+06
8.208500e+05
6.392790e+05
8.651700e+04
6.737950e+04
1.503440e+04
9.611170e+02
7.485180e+02
5.829470e+02
2.753650e+02
3.726650e+01
1.370960e+01
1.275200e+00
6.825600e-01
6.023600e-01
2.568300e-01
2.374200e-01
1.674300e-01
1.096300e-01
9.708000e-02
7.427600e-02
3.781300e-02
1.000000e-05
1.160616e-03
1.148757e-03
1.118807e-03
9.733398e-04
8.931455e-04
7.951166e-04
7.752740e-04
8.346045e-04
1.610829e-03
2.924048e-03
2.073977e-03
5.983382e-03
1.587052e-02
2.299900e-02
1.792817e-02
2.262836e-02
4.492707e-02
5.125127e-01
8.981660e-01
4.506115e-01
2.635567e-01
2.419125e-01
2.444375e-01
2.777055e-01
4.481334e-01
1.848573e-03
4.803173e-04
4.406342e-04
3.511403e-04
3.651773e-04
3.200140e-04
3.301809e-04
4.035931e-04
1.039732e-03
1.920185e-03
1.941947e-03
3.884471e-03
1.095347e-02
1.515965e-02
1.154156e-02
1.003005e-01
2.945618e-02
3.022161e-01
5.329514e-01
2.674012e-01
1.538749e-01
1.390292e-01
1.388055e-01
1.540000e-01
2.414924e-01
2.538243e-01
1.181087e-01
2.308155e-01
1.719740e-01
6.107780e-02
1.547795e-01
2.922748e-03
5.806900e-03
6.792363e-04
3.501762e-06
2.406536e-06
3.571224e-06
1.629392e-06
6.635970e-08
1.850424e-08
3.286144e-10
3.622755e-11
1.267400e-10
5.436469e-12
1.770353e-11
1.206938e-11
2.270400e-12
3.756424e-12
4.840971e-12
2.657602e-12
2.909433e-06
0.000000e+00
0.000000e+00
0.000000e+00
0.000000e+00
0.000000e+00
0.000000e+00
0.000000e+00
0.000000e+00
0.000000e+00
0.000000e+00
0.000000e+00
0.000000e+00
0.000000e+00
0.000000e+00
0.000000e+00
0.000000e+00
0.000000e+00
0.000000e+00
0.000000e+00
0.000000e+00
0.000000e+00
0.000000e+00
0.000000e+00
0.000000e+00
1.865809e-01
1.971647e-01
2.745081e-01
4.114613e-01
4.266750e-01
7.077449e-01
1.037107e+00
1.225958e+00
1.427934e+00
1.465633e+00
1.467477e+00
1.472129e+00
1.482472e+00
1.487236e+00
1.496469e+00
1.665507e+00
1.629038e+00
2.031593e+00
2.442604e+00
2.265549e+00
2.351699e+00
2.480486e+00
2.606847e+00
3.005956e+00
4.173059e+00
1.835184e-01
1.963213e-01
2.739480e-01
4.040078e-01
4.270408e-01
7.051598e-01
1.038535e+00
1.226851e+00
1.428107e+00
1.465658e+00
1.467491e+00
1.472100e+00
1.481960e+00
1.486350e+00
1.495986e+00
1.665507e+00
1.629038e+00
2.031593e+00
2.442604e+00
2.265549e+00
2.351699e+00
2.480486e+00
2.606847e+00
3.005956e+00
4.173059e+00
4.097549e+00
3.919396e+00
2.586255e+00
1.564587e+00
1.721538e+00
1.077707e+00
7.675625e-01
6.719275e-01
5.893169e-01
5.753691e-01
5.746006e-01
5.714679e-01
5.635820e-01
5.606346e-01
5.622914e-01
5.026620e-01
5.384403e-01
4.106179e-01
2.937161e-01
3.822343e-01
4.285517e-01
4.298791e-01
4.231741e-01
3.953693e-01
3.088382e-01
0.000000e+00
0.000000e+00
0.000000e+00
0.000000e+00
0.000000e+00
0.000000e+00
0.000000e+00
0.000000e+00
0.000000e+00
0.000000e+00
0.000000e+00
0.000000e+00
0.000000e+00
0.000000e+00
0.000000e+00
0.000000e+00
0.000000e+00
0.000000e+00
0.000000e+00
0.000000e+00
0.000000e+00
0.000000e+00
0.000000e+00
0.000000e+00
0.000000e+00
0.000000e+00
0.000000e+00
0.000000e+00
0.000000e+00
0.000000e+00
0.000000e+00
0.000000e+00
0.000000e+00
0.000000e+00
0.000000e+00
0.000000e+00
0.000000e+00
0.000000e+00
0.000000e+00
0.000000e+00
0.000000e+00
0.000000e+00
0.000000e+00
0.000000e+00
0.000000e+00
0.000000e+00
0.000000e+00
0.000000e+00
0.000000e+00
0.000000e+00
0
14
8.174628e-02
3.223880e-02
2.766630e-02
1.694025e-02
5.794826e-03
1.761660e-02
6.055324e-04
1.652926e-03
4.434699e-04
6.695061e-06
5.214099e-06
9.685916e-06
7.497495e-06
7.838744e-07
3.683337e-07
1
14
3.775080e-02
7.007677e-02
3.488050e-02
1.192383e-02
3.636766e-02
1.258264e-03
3.439341e-03
9.240940e-04
1.395842e-05
1.087063e-05
2.019381e-05
1.563203e-05
1.546576e-06
8.715014e-07
2
14
9.363239e-02
8.156641e-02
2.183818e-02
6.660669e-02
2.306344e-03
6.306555e-03
1.695103e-03
2.560556e-05
1.994148e-05
3.704585e-05
2.867701e-05
2.837553e-06
1.615467e-06
3
14
1.629968e-01
8.310549e-02
1.426620e-01
4.943225e-03
1.351986e-02
3.634743e-03
5.490765e-05
4.276211e-05
7.943929e-05
6.149392e-05
6.083515e-06
3.494438e-06
4
14
9.374771e-02
2.932835e-01
8.687165e-03
2.376505e-02
6.390113e-03
9.653590e-05
7.518254e-05
1.396659e-04
1.081140e-04
1.069612e-05
6.168163e-06
5
19
4.642884e-01
5.794339e-02
1.438648e-01
3.868621e-02
5.844441e-04
4.551628e-04
8.455587e-04
6.545465e-04
6.475941e-05
3.436011e-05
1.858055e-06
2.514826e-07
1.047566e-06
5.746259e-08
1.845775e-08
6
19
1.714426e-01
6.870562e-01
1.668805e-01
2.521124e-03
1.963438e-03
3.647506e-03
2.823526e-03
2.793495e-04
1.474575e-04
7.028787e-06
9.520971e-07
4.113228e-06
2.323114e-07
2.660228e-06
7
23
6.534912e-01
5.361474e-01
7.944660e-03
6.187273e-03
1.149416e-02
8.897623e-03
8.803108e-04
4.646713e-04
2.214661e-05
2.997091e-06
1.291299e-05
7.248887e-07
2.744277e-06
2.733056e-06
5.851393e-07
1.063810e-06
1.558068e-06
8
24
9.863872e-01
1.021407e-01
7.485115e-02
1.390396e-01
1.076304e-01
1.064871e-02
5.620871e-03
2.679001e-04
3.625403e-05
1.561952e-04
8.774113e-06
3.163831e-05
2.612818e-05
5.673009e-06
1.030853e-05
1.655220e-05
1.680023e-05
9
24
2.270940e-01
3.273443e-01
4.797986e-01
3.713533e-01
3.674085e-02
1.939350e-02
9.243149e-04
1.250868e-04
5.389098e-04
3.027384e-05
1.091597e-04
9.014851e-05
1.957173e-05
3.556706e-05
5.687190e-05
5.874752e-05
10
24
2.274861e-01
6.859401e-01
4.773893e-01
4.723190e-02
2.493113e-02
1.188246e-03
1.608062e-04
6.928009e-04
3.891601e-05
1.403322e-04
1.158867e-04
2.516166e-05
4.572386e-05
7.311037e-05
7.558665e-05
11
24
5.148268e-01
8.275134e-01
7.958718e-02
4.200972e-02
2.002238e-03
2.709538e-04
1.167372e-03
6.557817e-05
2.364691e-04
1.952763e-04
4.240108e-05
7.704162e-05
1.231909e-04
1.275224e-04
12
24
8.936661e-01
3.684197e-01
1.899525e-01
9.053381e-03
1.225165e-03
5.278443e-03
2.965136e-04
1.069191e-03
8.829759e-04
1.917187e-04
3.483620e-04
5.570232e-04
5.774170e-04
13
24
6.190265e-01
7.752926e-01
3.613727e-02
4.890328e-03
2.106930e-02
1.183557e-03
4.267764e-03
3.524455e-03
7.652596e-04
1.390517e-03
2.223394e-03
2.305481e-03
14
24
9.855865e-01
2.456373e-01
3.206462e-02
1.365712e-01
7.465921e-03
2.636656e-02
2.065893e-02
4.260374e-03
7.438819e-03
1.073186e-02
8.145524e-03
14
24
1.923687e-03
6.228734e-01
1.442657e-01
5.050708e-01
2.702642e-02
9.549339e-02
7.324233e-02
1.472851e-02
2.521334e-02
3.440657e-02
2.096248e-02
15
24
2.963853e-02
3.062117e-01
8.640722e-01
3.626659e-02
1.287872e-01
1.024084e-01
2.064086e-02
3.520218e-02
4.770291e-02
2.865096e-02
15
24
2.398057e-04
6.680728e-03
9.718086e-01
8.340657e-02
2.579714e-01
1.846118e-01
3.630633e-02
6.138930e-02
8.100916e-02
4.595299e-02
15
24
1.208728e-08
1.893318e-07
1.899801e-01
3.399523e-01
6.126384e-01
3.555296e-01
6.623127e-02
1.098456e-01
1.485687e-01
8.690611e-02
15
24
3.252260e-09
4.837973e-08
3.058146e-02
4.656300e-02
8.242831e-01
5.464455e-01
9.461377e-02
1.550409e-01
1.943839e-01
1.062362e-01
15
24
3.916446e-10
6.750221e-09
2.764737e-03
3.304016e-03
1.148536e-01
1.059640e+00
2.315092e-01
2.805142e-01
3.316318e-01
1.736068e-01
15
24
1.322296e-10
2.638433e-09
8.693361e-04
9.864782e-04
2.959762e-02
4.485812e-01
5.644046e-01
6.188889e-01
4.430147e-01
2.351141e-01
15
24
8.147977e-11
1.590767e-09
5.045163e-04
5.523483e-04
1.630820e-02
1.754531e-01
2.102251e-01
9.983265e-01
7.920846e-01
2.745866e-01
15
24
4.166693e-11
6.623073e-10
2.162625e-04
2.345950e-04
6.357591e-03
6.322092e-02
4.613315e-02
2.535664e-01
1.819879e+00
6.623481e-01
15
24
8.176487e-12
3.252376e-10
1.005708e-04
1.151766e-04
2.830115e-03
2.721837e-02
1.992173e-02
6.976283e-02
5.738630e-01
3.237755e+00
0
14
1.507137e-01
3.302816e-02
5.724552e-02
2.718354e-02
7.603112e-03
1.594758e-02
2.650640e-04
5.315915e-04
7.325244e-05
8.630373e-07
7.020611e-07
1.467858e-06
1.748511e-06
4.241104e-07
3.869879e-07
1
14
7.344317e-02
1.298256e-01
6.874280e-02
1.928318e-02
4.039236e-02
6.693263e-04
1.334049e-03
1.742996e-04
1.718792e-06
1.366465e-06
2.748682e-06
3.082136e-06
6.517166e-07
7.759735e-07
2
14
1.559009e-01
1.384709e-01
4.321124e-02
9.046628e-02
1.494149e-03
2.965099e-03
3.733625e-04
3.159543e-06
2.449389e-06
4.723035e-06
4.913022e-06
9.673095e-07
1.239643e-06
3
14
2.370266e-01
6.708870e-02
2.479867e-01
4.086074e-03
8.080235e-03
9.863760e-04
7.146977e-06
5.378782e-06
9.804249e-06
9.092474e-06
1.665014e-06
2.162716e-06
4
14
1.774221e-01
4.953318e-01
8.557149e-03
1.689399e-02
2.031407e-03
1.348856e-05
9.955448e-06
1.745084e-05
1.474928e-05
2.495515e-06
3.264248e-06
5
19
7.942879e-01
1.035742e-01
2.141090e-01
2.504964e-02
1.380859e-04
9.700812e-05
1.522103e-04
9.035600e-05
9.522280e-06
8.489004e-06
1.222417e-06
1.914844e-07
1.011960e-06
6.876368e-08
2.188697e-08
6
19
3.679458e-01
1.285045e+00
1.569728e-01
8.324012e-04
5.778977e-04
8.804701e-04
4.596661e-04
3.483129e-05
2.523615e-05
2.704025e-06
4.618980e-07
2.759765e-06
2.704035e-07
3.166453e-06
7
23
1.333727e+00
8.397117e-01
4.412318e-03
3.043583e-03
4.560877e-03
2.192899e-03
1.199887e-04
6.310575e-05
5.101126e-06
8.311574e-07
4.476736e-06
3.258315e-07
1.453169e-06
1.991620e-06
4.654133e-07
9.149755e-07
1.610876e-06
8
24
1.983174e+00
1.846390e-01
1.307065e-01
1.941920e-01
8.909915e-02
3.737402e-03
1.149634e-03
3.484197e-05
4.769861e-06
2.200821e-05
1.392503e-06
5.352587e-06
5.045833e-06
1.219036e-06
2.394648e-06
4.735560e-06
9.598707e-06
9
24
5.192978e-01
6.253336e-01
1.021639e+00
4.675641e-01
1.925566e-02
5.589153e-03
1.284287e-04
1.602295e-05
6.674673e-05
3.777653e-06
1.391129e-05
1.228276e-05
2.885346e-06
5.482424e-06
1.020428e-05
2.153118e-05
10
24
5.199001e-01
1.425135e+00
6.807203e-01
2.796209e-02
8.047857e-03
1.760189e-04
2.151317e-05
8.739229e-05
4.772312e-06
1.740724e-05
1.507611e-05
3.437007e-06
6.627125e-06
1.202456e-05
2.470412e-05
11
24
1.098100e+00
1.488298e+00
6.176650e-02
1.755319e-02
3.545307e-04
4.178607e-05
1.618625e-04
8.270678e-06
2.934896e-05
2.414470e-05
5.345860e-06
9.949746e-06
1.743805e-05
3.341927e-05
12
24
1.845491e+00
6.390559e-01
1.811725e-01
3.306121e-03
3.695210e-04
1.325179e-03
5.957574e-05
1.991271e-04
1.444208e-04
2.879117e-05
4.991380e-05
7.379838e-05
9.185091e-05
13
24
1.320728e+00
1.314386e+00
2.380568e-02
2.631397e-03
9.273775e-03
4.034672e-04
1.325284e-03
9.223145e-04
1.766858e-04
2.968879e-04
4.020378e-04
3.330326e-04
14
24
2.001465e+00
3.937221e-01
4.104976e-02
1.264857e-01
4.158632e-03
1.192695e-02
6.190716e-03
9.227096e-04
1.323771e-03
1.297393e-03
6.238350e-04
14
24
4.644528e-03
1.294085e+00
2.563301e-01
6.975527e-01
2.149696e-02
5.884402e-02
2.568682e-02
3.067261e-03
3.610237e-03
1.672415e-03
-4.903752e-04
15
24
6.366993e-02
7.361800e-01
1.342461e+00
2.871918e-02
7.488799e-02
3.460498e-02
4.007468e-03
4.339111e-03
1.000756e-03
-1.355331e-03
15
24
3.949203e-04
1.392246e-02
1.819630e+00
1.104502e-01
2.457291e-01
8.552740e-02
6.659335e-03
4.031417e-03
-7.805047e-03
-9.116569e-03
15
24
9.804706e-09
1.553144e-07
3.348584e-01
7.784997e-01
8.637468e-01
2.530465e-01
2.269565e-02
1.667770e-02
-3.034545e-03
-9.890195e-03
15
24
2.185642e-09
2.974930e-08
3.679271e-02
7.465048e-02
1.544811e+00
5.133828e-01
4.544779e-02
4.443398e-02
-3.575716e-03
-2.086582e-02
15
24
1.483471e-10
2.112301e-09
1.818514e-03
2.475096e-03
1.255877e-01
1.732673e+00
2.424731e-01
1.108928e-01
2.089760e-02
-3.192709e-02
15
24
2.553160e-11
4.201059e-10
2.541117e-04
3.408295e-04
1.478769e-02
4.998351e-01
1.043933e+00
6.583886e-01
-4.807907e-03
-3.606203e-02
15
24
9.843528e-12
1.492457e-10
8.416082e-05
8.665639e-05
5.046446e-03
7.254153e-02
2.281759e-01
1.557115e+00
3.504514e-01
-6.694934e-02
15
24
9.408177e-13
-9.996977e-13
2.600009e-07
-6.306248e-06
-2.966997e-05
4.050690e-03
-2.400259e-04
1.218041e-01
1.941772e+00
-2.396800e-02
15
24
-2.160490e-13
-2.059849e-11
-1.848065e-05
-1.316508e-05
-6.017370e-04
-4.930168e-03
-3.057057e-03
-1.746447e-02
-2.113189e-03
1.637678e+00
0
14
1.781782e-01
6.053389e-02
3.232495e-02
-4.450972e-03
-5.710620e-03
-3.041539e-02
-1.407449e-03
-3.970650e-03
-1.097311e-03
-1.664185e-05
-1.295375e-05
-2.402397e-05
-1.837729e-05
-1.731466e-06
-5.203355e-07
1
14
7.947422e-02
1.734276e-01
2.674573e-02
-3.603302e-03
-5.092845e-02
-2.842322e-03
-8.143715e-03
-2.281256e-03
-3.471775e-05
-2.703081e-05
-5.017000e-05
-3.854616e-05
-3.640705e-06
-1.448816e-06
2
14
2.160261e-01
1.616099e-01
1.725046e-02
-5.727860e-02
-4.948706e-03
-1.455072e-02
-4.165081e-03
-6.368669e-05
-4.960204e-05
-9.211141e-05
-7.096147e-05
-6.809454e-06
-3.027291e-06
3
14
3.601490e-01
1.647906e-01
2.570544e-02
-9.519711e-03
-2.960251e-02
-8.848594e-03
-1.364963e-04
-1.063399e-04
-1.975932e-04
-1.525846e-04
-1.482034e-05
-7.230718e-06
4
14
1.772459e-01
3.113262e-01
-1.467452e-02
-4.902383e-02
-1.539977e-02
-2.397619e-04
-1.868560e-04
-3.473462e-04
-2.685821e-04
-2.624413e-05
-1.341272e-05
5
19
8.212275e-01
6.691538e-02
-6.832799e-02
-8.131370e-02
-1.432807e-03
-1.120037e-03
-2.090299e-03
-1.625834e-03
-1.606958e-04
-8.371460e-05
-3.746448e-06
-4.626410e-07
-1.692983e-06
-6.802638e-08
-2.188694e-08
6
19
4.587147e-01
9.825647e-01
-2.839278e-01
-6.073270e-03
-4.766574e-03
-8.939992e-03
-6.995120e-03
-6.947794e-04
-3.648418e-04
-1.677485e-05
-2.217244e-06
-8.633109e-06
-4.506725e-07
-3.296513e-06
7
23
1.477318e+00
-3.160269e-02
-1.774390e-02
-1.417502e-02
-2.716064e-02
-2.176219e-02
-2.187014e-03
-1.154358e-03
-5.434278e-05
-7.297281e-06
-3.104383e-05
-1.694075e-06
-6.119394e-06
-5.250620e-06
-1.062302e-06
-1.810405e-06
-2.164681e-06
8
24
1.829919e+00
9.942173e-02
1.936311e-02
-1.000559e-01
-1.988492e-01
-2.543159e-02
-1.383901e-02
-6.659477e-04
-9.010566e-05
-3.878072e-04
-2.173992e-05
-7.828823e-05
-6.443537e-05
-1.393937e-05
-2.525974e-05
-4.004906e-05
-3.539323e-05
9
24
6.808122e-01
8.804223e-01
6.371883e-01
-4.091740e-01
-8.328248e-02
-4.706477e-02
-2.295860e-03
-3.110147e-04
-1.340355e-03
-7.530035e-05
-2.714179e-04
-2.239867e-04
-4.857928e-05
-8.820331e-05
-1.406339e-04
-1.371627e-04
10
24
6.816399e-01
1.481968e+00
-3.372866e-01
-1.040190e-01
-6.003247e-02
-2.948801e-03
-3.996099e-04
-1.722803e-03
-9.680260e-05
-3.490174e-04
-2.880970e-04
-6.252946e-05
-1.135181e-04
-1.811048e-04
-1.788381e-04
11
24
1.415585e+00
5.099569e-01
-1.578492e-01
-9.845517e-02
-4.952759e-03
-6.719960e-04
-2.899690e-03
-1.630763e-04
-5.881229e-04
-4.857148e-04
-1.054399e-04
-1.915446e-04
-3.059007e-04
-3.073447e-04
12
24
1.876839e+00
1.439306e-01
-3.120003e-01
-2.156905e-02
-2.965621e-03
-1.290407e-02
-7.309625e-04
-2.641130e-03
-2.187304e-03
-4.756447e-04
-8.648790e-04
-1.384368e-03
-1.425919e-03
13
24
1.614611e+00
2.244879e-01
-7.693583e-02
-1.102442e-02
-4.916768e-02
-2.842382e-03
-1.032028e-02
-8.606485e-03
-1.878699e-03
-3.422739e-03
-5.497022e-03
-5.718523e-03
14
24
1.865613e+00
2.917363e-03
-3.412256e-02
-2.345787e-01
-1.656828e-02
-6.084922e-02
-4.973458e-02
-1.041839e-02
-1.828628e-02
-2.654162e-02
-2.024356e-02
14
24
5.817604e-03
1.392104e+00
1.523238e-01
-3.200407e-01
-5.272969e-02
-2.058968e-01
-1.740600e-01
-3.612547e-02
-6.241132e-02
-8.584032e-02
-5.239125e-02
15
24
6.686207e-02
9.030619e-01
2.346194e-01
-7.100460e-02
-2.823455e-01
-2.438763e-01
-5.062595e-02
-8.713351e-02
-1.189913e-01
-7.156008e-02
15
24
2.659757e-04
1.365269e-02
1.192824e+00
-4.723916e-02
-3.847019e-01
-4.162497e-01
-8.900213e-02
-1.522338e-01
-2.009642e-01
-1.132070e-01
15
24
-2.355918e-08
-3.617136e-07
1.396690e-01
7.635707e-01
-1.273636e-01
-6.698086e-01
-1.573656e-01
-2.709626e-01
-3.707958e-01
-2.161708e-01
15
24
-6.882739e-09
-1.046845e-07
-2.272013e-02
1.308456e-02
7.875230e-01
-7.243979e-01
-2.070142e-01
-3.680943e-01
-4.825754e-01
-2.618571e-01
15
24
-9.302113e-10
-1.628981e-08
-5.570935e-03
-5.987319e-03
-1.134068e-01
2.042940e-01
-2.646086e-01
-6.016314e-01
-8.059246e-01
-4.281588e-01
15
24
-3.264144e-10
-6.537743e-09
-2.101961e-03
-2.343425e-03
-6.379018e-02
-4.608438e-01
3.347827e-01
-7.166139e-01
-1.052346e+00
-5.802552e-01
15
24
-2.026526e-10
-3.963810e-09
-1.246486e-03
-1.363107e-03
-3.839989e-02
-3.716444e-01
-2.357337e-01
-1.840223e-01
-1.492591e+00
-6.646086e-01
15
24
-1.041189e-10
-1.655157e-09
-5.391220e-04
-5.858587e-04
-1.578052e-02
-1.532832e-01
-1.094358e-01
-4.687879e-01
-2.124520e+00
-1.405928e+00
15
24
-2.043570e-11
-8.119454e-10
-2.484543e-04
-2.865741e-04
-6.963314e-03
-6.713207e-02
-4.915404e-02
-1.685605e-01
-1.212201e+00
-6.049258e+00
0
14
1.632736e-01
3.002897e-02
-3.146216e-02
-4.633265e-02
-1.752017e-02
-4.534138e-02
-8.951418e-04
-1.824614e-03
-2.554075e-04
-3.012008e-06
-2.449587e-06
-5.117058e-06
-6.052247e-06
-1.347065e-06
-9.181548e-07
1
14
9.931839e-02
1.007213e-01
-6.366589e-02
-3.437150e-02
-1.033126e-01
-2.218565e-03
-4.525545e-03
-6.056138e-04
-6.000189e-06
-4.767647e-06
-9.591186e-06
-1.069919e-05
-2.182202e-06
-2.000350e-06
2
14
2.073078e-01
5.388788e-02
-3.927236e-02
-1.881092e-01
-4.815129e-03
-9.902458e-03
-1.293126e-03
-1.102686e-05
-8.549933e-06
-1.648038e-05
-1.707903e-05
-3.330178e-06
-3.374263e-06
3
14
2.809754e-01
6.628665e-02
-2.914467e-01
-1.245660e-02
-2.618074e-02
-3.396009e-03
-2.493564e-05
-1.877000e-05
-3.422111e-05
-3.168795e-05
-5.741070e-06
-6.265256e-06
4
14
2.008870e-01
-1.224664e-01
-2.452703e-02
-5.297595e-02
-6.950010e-03
-4.703939e-05
-3.473110e-05
-6.089944e-05
-5.143077e-05
-8.642901e-06
-9.788887e-06
5
19
4.625912e-01
-2.680270e-02
-3.506856e-01
-7.793250e-02
-4.776929e-04
-3.363614e-04
-5.292120e-04
-3.150848e-04
-3.317206e-05
-2.894460e-05
-3.459074e-06
-5.329916e-07
-2.565134e-06
-1.473490e-07
-4.596241e-08
6
19
5.645304e-01
-1.165779e-01
-4.377181e-01
-2.854223e-03
-1.990010e-03
-3.047520e-03
-1.600458e-03
-1.215716e-04
-8.785617e-05
-8.731081e-06
-1.261878e-06
-8.202224e-06
-6.309414e-07
-6.835635e-06
7
23
1.044954e+00
-9.963144e-01
-1.446409e-02
-1.012356e-02
-1.543561e-02
-7.570200e-03
-4.184841e-04
-2.200266e-04
-1.773772e-05
-2.842924e-06
-1.470227e-05
-1.035553e-06
-4.415849e-06
-5.420762e-06
-1.256164e-06
-2.432049e-06
-3.916229e-06
8
24
8.365285e-01
-6.407715e-02
-1.354348e-01
-3.650717e-01
-2.548516e-01
-1.270281e-02
-3.983920e-03
-1.215602e-04
-1.664279e-05
-7.649401e-05
-4.821785e-06
-1.850440e-05
-1.740049e-05
-4.200547e-06
-8.224128e-06
-1.602792e-05
-2.744418e-05
9
24
8.339994e-01
7.845699e-01
-4.607732e-01
-1.073801e+00
-6.377200e-02
-1.921086e-02
-4.478921e-04
-5.591237e-05
-2.328959e-04
-1.315402e-05
-4.853089e-05
-4.288827e-05
-9.967252e-06
-1.922450e-05
-3.555508e-05
-6.794660e-05
10
24
8.350323e-01
6.164461e-01
-1.331486e+00
-9.115005e-02
-2.752803e-02
-6.135122e-04
-7.504924e-05
-3.049884e-04
-1.664677e-05
-6.075740e-05
-5.259991e-05
-1.203779e-05
-2.292025e-05
-4.195185e-05
-7.968293e-05
11
24
1.379807e+00
-1.128454e+00
-1.899325e-01
-5.900719e-02
-1.233457e-03
-1.456058e-04
-5.644327e-04
-2.885153e-05
-1.024161e-04
-8.428037e-05
-1.865387e-05
-3.475039e-05
-6.081786e-05
-1.097531e-04
12
24
1.094552e+00
-5.911955e-01
-4.840012e-01
-1.123619e-02
-1.268500e-03
-4.575251e-03
-2.068047e-04
-6.920356e-04
-5.028118e-04
-1.003304e-04
-1.740103e-04
-2.574415e-04
-3.141604e-04
13
24
1.405100e+00
-1.275781e+00
-7.610046e-02
-8.689249e-03
-3.118587e-02
-1.380247e-03
-4.551215e-03
-3.184985e-03
-6.120400e-04
-1.029957e-03
-1.398206e-03
-1.156811e-03
14
24
8.196624e-01
-5.165828e-01
-9.342463e-02
-3.519082e-01
-1.350221e-02
-3.955066e-02
-2.103851e-02
-3.164405e-03
-4.550918e-03
-4.473238e-03
-2.163356e-03
14
24
5.833338e-03
8.999916e-01
-1.306347e-01
-1.337856e+00
-6.535005e-02
-1.877225e-01
-8.653632e-02
-1.056037e-02
-1.251173e-02
-5.832434e-03
1.715885e-03
15
24
4.171178e-02
8.010632e-01
-1.409304e+00
-8.757729e-02
-2.411832e-01
-1.166149e-01
-1.377010e-02
-1.499833e-02
-3.472463e-03
4.740390e-03
15
24
-1.553935e-04
6.478032e-03
-3.581679e-01
-2.045757e-01
-6.694659e-01
-2.816311e-01
-2.296092e-02
-1.398178e-02
2.709643e-02
3.160274e-02
15
24
-3.008330e-08
-4.781187e-07
-2.502167e-01
2.765812e-01
-1.318748e+00
-8.069226e-01
-7.894223e-02
-5.863036e-02
1.049192e-02
3.449120e-02
15
24
-6.972750e-09
-9.660791e-08
-8.153128e-02
-8.015882e-02
-8.253648e-01
-1.290820e+00
-1.608187e-01
-1.606313e-01
1.049270e-02
7.235576e-02
15
24
-5.036223e-10
-7.233358e-09
-5.901167e-03
-7.819087e-03
-2.657202e-01
-1.941792e+00
-5.377859e-01
-4.024584e-01
-1.028791e-01
1.097902e-01
15
24
-8.872006e-11
-1.462518e-09
-8.840569e-04
-1.194453e-03
-5.263374e-02
-1.062384e+00
-1.044745e+00
-1.464074e+00
-5.346305e-02
1.204864e-01
15
24
-3.434350e-11
-5.211885e-10
-2.942848e-04
-3.070128e-04
-1.839753e-02
-2.593997e-01
-5.006121e-01
-2.393331e+00
-9.133954e-01
2.157175e-01
15
24
-3.290717e-12
3.497455e-12
-1.090649e-06
2.165830e-05
1.000685e-05
-2.051765e-02
-6.554633e-03
-3.141526e-01
-4.193045e+00
9.268759e-02
15
24
7.560256e-13
7.203241e-11
6.421931e-05
4.593218e-05
2.085135e-03
1.691036e-02
1.017826e-02
5.609404e-02
2.547928e-02
-4.332930e+00
0
14
1.104192e-01
-5.727820e-03
-8.587385e-02
-4.959690e-02
-9.864143e-03
8.505586e-03
1.600505e-03
4.899408e-03
1.448594e-03
2.217558e-05
1.724003e-05
3.184467e-05
2.367807e-05
1.753352e-06
6.908997e-09
1
14
1.180689e-01
5.810730e-03
-1.277159e-01
-3.684100e-02
-1.984827e-02
2.948617e-03
9.632764e-03
2.990536e-03
4.631234e-05
3.604246e-05
6.675554e-05
5.037413e-05
4.247455e-06
5.759791e-07
2
14
1.871200e-01
-7.762059e-02
-7.998836e-02
-1.140566e-01
4.327350e-03
1.602282e-02
5.397688e-03
8.495711e-05
6.617529e-05
1.227747e-04
9.350717e-05
8.318719e-06
2.072460e-06
3
14
2.222284e-01
4.438627e-03
-3.664713e-01
5.091933e-03
2.781078e-02
1.120962e-02
1.818324e-04
1.417900e-04
2.635819e-04
2.023756e-04
1.880477e-05
6.571751e-06
4
14
2.176364e-01
-4.035783e-01
1.664035e-03
3.707627e-02
1.902187e-02
3.187520e-04
2.487997e-04
4.631983e-04
3.572397e-04
3.388426e-05
1.368523e-05
5
19
6.868310e-02
-8.613838e-02
-2.665810e-01
6.764196e-02
1.846227e-03
1.456338e-03
2.748108e-03
2.161821e-03
2.131694e-04
1.066731e-04
3.147400e-06
2.893704e-07
3.574764e-07
-3.862713e-08
-1.313218e-08
6
19
6.128409e-01
-1.045985e+00
5.739738e-02
7.490603e-03
5.994616e-03
1.151237e-02
9.243782e-03
9.265484e-04
4.806576e-04
2.021814e-05
2.537121e-06
1.078823e-05
2.985807e-07
-1.518917e-06
7
23
3.670082e-01
-8.745864e-01
1.773144e-02
1.527702e-02
3.188252e-02
2.788428e-02
2.909382e-03
1.535424e-03
7.016835e-05
9.249178e-06
3.784010e-05
1.971523e-06
6.642808e-06
4.021664e-06
6.340511e-07
8.185480e-07
-6.286667e-08
8
24
-7.969016e-02
-1.395163e-01
-1.719414e-01
-2.399443e-01
9.515749e-02
3.070559e-02
1.801892e-02
8.870958e-04
1.199721e-04
5.151624e-04
2.874015e-05
1.031701e-04
8.423269e-05
1.807524e-05
3.249335e-05
5.013577e-05
3.392371e-05
9
24
9.040102e-01
4.063945e-01
-1.487495e+00
-4.745038e-01
8.693772e-02
5.915423e-02
3.052707e-03
4.144840e-04
1.787917e-03
1.004194e-04
3.617776e-04
2.979749e-04
6.449533e-05
1.168456e-04
1.850332e-04
1.617556e-04
10
24
9.051273e-01
-6.325384e-01
-9.538286e-01
9.927971e-02
7.399116e-02
3.912510e-03
5.319275e-04
2.296919e-03
1.291590e-04
4.655527e-04
3.837632e-04
8.314136e-05
1.507617e-04
2.392540e-04
2.160252e-04
11
24
1.022853e+00
-1.750585e+00
1.001428e-01
1.131274e-01
6.520942e-03
8.902759e-04
3.855526e-03
2.174256e-04
7.844215e-04
6.478785e-04
1.405772e-04
2.551983e-04
4.064955e-04
3.859533e-04
12
24
1.588225e-01
-7.701949e-01
5.119281e-02
2.587102e-02
3.703435e-03
1.651408e-02
9.546202e-04
3.465878e-03
2.889773e-03
6.306390e-04
1.148691e-03
1.843198e-03
1.875559e-03
13
24
8.350667e-01
-1.518550e+00
6.546361e-02
1.131940e-02
5.579095e-02
3.478757e-03
1.285399e-02
1.098299e-02
2.428833e-03
4.453576e-03
7.228598e-03
7.581350e-03
14
24
-2.768707e-01
-5.752385e-01
-4.419452e-02
5.927343e-02
1.630156e-02
6.716547e-02
6.133404e-02
1.335156e-02
2.373050e-02
3.494012e-02
2.695383e-02
14
24
4.328117e-03
-6.063325e-05
-3.891733e-01
-9.699103e-01
3.100141e-02
1.848139e-01
2.078158e-01
4.662656e-02
8.232476e-02
1.153337e-01
7.068136e-02
15
24
-9.444394e-03
4.102193e-01
-1.929312e+00
4.240769e-02
2.676090e-01
2.927444e-01
6.534301e-02
1.149302e-01
1.598065e-01
9.639413e-02
15
24
-6.415698e-04
-5.881617e-03
-1.618626e+00
-1.498694e-01
-2.210043e-02
4.397945e-01
1.148716e-01
2.017219e-01
2.664415e-01
1.476086e-01
15
24
1.344535e-08
1.923203e-07
-5.235332e-01
-4.997004e-01
-1.328434e+00
4.060350e-01
1.906860e-01
3.561690e-01
4.987947e-01
2.884019e-01
15
24
5.720749e-09
9.550946e-08
-5.818384e-02
-1.145488e-01
-2.037818e+00
-7.705194e-02
2.132296e-01
4.548357e-01
6.446752e-01
3.419003e-01
15
24
1.106684e-09
2.019001e-08
4.273357e-03
2.993584e-03
-8.885196e-02
-2.590522e+00
-1.304129e-01
6.322296e-01
1.072184e+00
5.617711e-01
15
24
4.276503e-10
8.643211e-09
2.637785e-03
2.846818e-03
6.364173e-02
-3.817525e-01
-1.908535e+00
-3.771021e-01
1.390761e+00
7.692039e-01
15
24
2.702943e-10
5.309924e-09
1.640430e-03
1.796681e-03
4.688888e-02
3.796066e-01
-1.469143e-01
-2.585776e+00
1.179920e+00
8.582610e-01
15
24
1.404077e-10
2.232546e-09
7.232850e-04
7.897027e-04
2.112733e-02
2.040292e-01
1.444543e-01
3.491086e-01
-1.173564e+00
1.390358e+00
15
24
2.757081e-11
1.092512e-09
3.261220e-04
3.825912e-04
9.053298e-03
8.817957e-02
6.519119e-02
2.172360e-01
1.184613e+00
3.965560e+00
0
14
5.525632e-02
-3.419239e-02
-8.912903e-02
-2.812569e-03
1.186602e-02
5.896938e-02
1.639617e-03
3.442979e-03
4.966519e-04
5.882579e-06
4.783038e-06
9.970289e-06
1.160394e-05
2.275776e-06
9.424157e-07
1
14
1.170376e-01
-1.247848e-01
-1.046218e-01
-8.244077e-04
1.033751e-01
3.938893e-03
8.395509e-03
1.173764e-03
1.172888e-05
9.316698e-06
1.872369e-05
2.070315e-05
3.969033e-06
2.460394e-06
2
14
1.330398e-01
-1.870765e-01
-6.667883e-02
9.577298e-02
8.092531e-03
1.784250e-02
2.492268e-03
2.154861e-05
1.670890e-05
3.219500e-05
3.318814e-05
6.260279e-06
4.595067e-06
3
14
1.642825e-01
-9.464706e-02
-1.385742e-01
1.866951e-02
4.452297e-02
6.474801e-03
4.870542e-05
3.667258e-05
6.687494e-05
6.175317e-05
1.097535e-05
9.461472e-06
4
14
2.143896e-01
-3.442955e-01
3.194934e-02
8.442343e-02
1.309882e-02
9.179534e-05
6.782162e-05
1.190016e-04
1.003530e-04
1.669374e-05
1.557036e-05
5
19
-1.347626e-01
-7.227553e-02
8.150765e-02
1.229520e-01
9.187301e-04
6.495944e-04
1.027164e-03
6.148171e-04
6.465026e-05
5.459934e-05
5.106534e-06
6.993925e-07
3.007331e-06
1.260523e-07
4.012605e-08
6
19
5.982509e-01
-1.160220e+00
5.443501e-01
5.400768e-03
3.795072e-03
5.866546e-03
3.114102e-03
2.375331e-04
1.704461e-04
1.645842e-05
2.742194e-06
1.315295e-05
9.914794e-07
6.260086e-06
7
23
-1.439987e-01
5.698269e-02
2.515517e-02
1.810189e-02
2.851431e-02
1.450422e-02
8.168049e-04
4.293074e-04
3.412107e-05
5.414931e-06
2.729284e-05
1.836526e-06
7.422303e-06
7.559347e-06
1.654145e-06
3.021292e-06
4.026036e-06
8
24
-3.330458e-01
-9.475124e-02
-7.779901e-02
1.330759e-01
3.406368e-01
2.365517e-02
7.686305e-03
2.374110e-04
3.247967e-05
1.494659e-04
9.421111e-06
3.606453e-05
3.371255e-05
8.093218e-06
1.578446e-05
3.006272e-05
4.132370e-05
9
24
8.807914e-01
-1.305149e-01
-1.682667e+00
7.808609e-01
1.130746e-01
3.651469e-02
8.740723e-04
1.092103e-04
4.551532e-04
2.568517e-05
9.481553e-05
8.379309e-05
1.944006e-05
3.733932e-05
6.907734e-05
1.173394e-04
10
24
8.818416e-01
-1.576852e+00
4.838457e-01
1.567557e-01
5.186130e-02
1.196333e-03
1.465403e-04
5.958284e-04
3.255682e-05
1.187149e-04
1.026885e-04
2.353566e-05
4.472861e-05
8.164820e-05
1.399731e-04
11
24
5.095550e-01
-9.126444e-01
2.907314e-01
1.076605e-01
2.396750e-03
2.837090e-04
1.101557e-03
5.637347e-05
2.001573e-04
1.647091e-04
3.643040e-05
6.784192e-05
1.186501e-04
1.987939e-04
12
24
-3.253243e-01
-2.717242e-01
5.605226e-01
2.091953e-02
2.405466e-03
8.767713e-03
4.001945e-04
1.342167e-03
9.782067e-04
1.955315e-04
3.393795e-04
5.026807e-04
5.978321e-04
13
24
2.017449e-01
-4.255216e-01
1.259886e-01
1.532026e-02
5.692377e-02
2.600719e-03
8.636323e-03
6.105670e-03
1.179951e-03
1.991117e-03
2.715237e-03
2.243679e-03
14
24
-7.063342e-01
-1.160176e-01
6.586678e-02
4.412609e-01
2.308002e-02
7.038372e-02
3.917879e-02
5.991424e-03
8.654634e-03
8.551317e-03
4.179449e-03
14
24
1.786416e-03
-7.766176e-01
-4.111961e-01
4.557271e-01
9.774896e-02
3.101930e-01
1.586187e-01
2.013815e-02
2.414354e-02
1.138150e-02
-3.369416e-03
15
24
-6.047415e-02
-9.798108e-02
-9.268976e-01
1.317463e-01
4.058951e-01
2.138629e-01
2.616365e-02
2.880466e-02
6.713703e-03
-9.300482e-03
15
24
-8.147753e-04
-1.650311e-02
-1.646035e+00
7.317962e-02
7.357291e-01
4.814481e-01
4.360110e-02
2.688457e-02
-5.246618e-02
-6.101059e-02
15
24
4.569087e-08
7.143239e-07
-4.230973e-01
-1.165775e+00
-3.345110e-03
1.190866e+00
1.470559e-01
1.127642e-01
-2.052000e-02
-6.732261e-02
15
24
1.149278e-08
1.627691e-07
3.804155e-02
-5.324666e-02
-1.928211e+00
1.326253e+00
2.830397e-01
3.004669e-01
-2.074868e-02
-1.398370e-01
15
24
9.356911e-10
1.365595e-08
9.285120e-03
1.118783e-02
1.927277e-01
-1.247890e+00
4.077560e-01
6.916493e-01
2.024702e-01
-2.127150e-01
15
24
1.720212e-10
2.845168e-09
1.678244e-03
2.237420e-03
9.224322e-02
7.029049e-01
-1.351297e+00
1.103226e+00
1.086396e-01
-2.343087e-01
15
24
6.707677e-11
1.019633e-09
5.695474e-04
5.931960e-04
3.439759e-02
4.386776e-01
3.629133e-01
-3.308274e-01
9.102916e-01
-4.124907e-01
15
24
6.456356e-12
-6.865113e-12
2.218770e-06
-4.258880e-05
-3.077583e-05
4.055051e-02
1.319483e-02
3.113592e-01
2.810117e+00
-3.208573e-01
15
24
-1.484536e-12
-1.412723e-10
-1.245225e-04
-8.972652e-05
-4.026367e-03
-3.277808e-02
-1.979699e-02
-1.071585e-01
-1.950322e-01
5.067053e+00
0