25
5
1.000000e+07
2.865050e+06
2.231300e+06
1.353350e+06
8.208500e+05
6.392790e+05
8.651700e+04
6.737950e+04
1.503440e+04
9.611170e+02
7.485180e+02
5.829470e+02
2.753650e+02
3.726650e+01
1.370960e+01
1.275200e+00
6.825600e-01
6.023600e-01
2.568300e-01
2.374200e-01
1.674300e-01
1.096300e-01
9.708000e-02
7.427600e-02
3.781300e-02
1.000000e-05
0.000000e+00
0.000000e+00
0.000000e+00
0.000000e+00
0.000000e+00
0.000000e+00
0.000000e+00
0.000000e+00
0.000000e+00
0.000000e+00
0.000000e+00
0.000000e+00
0.000000e+00
0.000000e+00
0.000000e+00
0.000000e+00
0.000000e+00
0.000000e+00
0.000000e+00
0.000000e+00
0.000000e+00
0.000000e+00
0.000000e+00
0.000000e+00
0.000000e+00
1.368194e-03
5.809264e-06
5.743087e-06
5.723256e-06
6.455407e-06
7.886838e-06
9.736203e-06
1.753551e-05
6.015998e-05
1.204920e-04
1.366665e-04
1.767333e-04
3.651317e-04
7.491503e-04
1.847656e-03
3.671198e-03
4.402067e-03
5.704248e-03
7.090325e-03
8.004886e-03
9.758311e-03
1.097042e-02
1.212990e-02
1.537486e-02
2.681670e-02
4.672897e-02
9.345794e-03
1.869159e-02
1.869159e-02
9.345794e-03
7.476635e-02
9.345794e-03
5.607476e-02
1.028037e-01
9.345794e-03
9.345794e-03
2.803738e-02
7.476635e-02
3.738318e-02
1.028037e-01
4.672897e-02
9.345794e-03
9.345794e-02
9.345794e-03
3.738318e-02
3.738318e-02
9.345794e-03
1.869159e-02
3.738318e-02
9.345794e-02
0.000000e+00
0.000000e+00
0.000000e+00
0.000000e+00
0.000000e+00
0.000000e+00
0.000000e+00
0.000000e+00
0.000000e+00
0.000000e+00
0.000000e+00
0.000000e+00
0.000000e+00
0.000000e+00
0.000000e+00
0.000000e+00
0.000000e+00
0.000000e+00
0.000000e+00
0.000000e+00
0.000000e+00
0.000000e+00
0.000000e+00
0.000000e+00
0.000000e+00
1.779355e-01
1.975916e-01
2.735502e-01
4.087968e-01
4.278648e-01
7.131498e-01
1.049158e+00
1.242391e+00
1.446919e+00
1.483525e+00
1.485161e+00
1.487378e+00
1.490093e+00
1.492175e+00
1.506837e+00
1.583533e+00
1.626837e+00
1.782096e+00
1.948784e+00
2.046686e+00
2.255147e+00
2.396033e+00
2.528371e+00
2.931733e+00
4.075936e+00
1.754123e-01
1.968448e-01
2.730347e-01
4.020054e-01
4.282323e-01
7.109630e-01
1.050650e+00
1.243320e+00
1.447099e+00
1.483558e+00
1.485186e+00
1.487392e+00
1.490099e+00
1.492187e+00
1.506842e+00
1.583533e+00
1.626837e+00
1.782096e+00
1.948784e+00
2.046686e+00
2.255147e+00
2.396033e+00
2.528371e+00
2.931733e+00
4.075936e+00
4.429414e+00
3.999121e+00
2.655181e+00
1.607688e+00
1.753034e+00
1.094837e+00
7.742344e-01
6.764391e-01
5.936142e-01
5.808920e-01
5.803367e-01
5.795756e-01
5.785454e-01
5.775880e-01
5.747597e-01
5.682906e-01
5.648706e-01
5.575643e-01
5.485986e-01
5.418065e-01
5.274444e-01
5.165983e-01
5.055784e-01
4.729960e-01
3.754024e-01
0.000000e+00
0.000000e+00
0.000000e+00
0.000000e+00
0.000000e+00
0.000000e+00
0.000000e+00
0.000000e+00
0.000000e+00
0.000000e+00
0.000000e+00
0.000000e+00
0.000000e+00
0.000000e+00
0.000000e+00
0.000000e+00
0.000000e+00
0.000000e+00
0.000000e+00
0.000000e+00
0.000000e+00
0.000000e+00
0.000000e+00
0.000000e+00
0.000000e+00
0.000000e+00
0.000000e+00
0.000000e+00
0.000000e+00
0.000000e+00
0.000000e+00
0.000000e+00
0.000000e+00
0.000000e+00
0.000000e+00
0.000000e+00
0.000000e+00
0.000000e+00
0.000000e+00
0.000000e+00
0.000000e+00
0.000000e+00
0.000000e+00
0.000000e+00
0.000000e+00
0.000000e+00
0.000000e+00
0.000000e+00
0.000000e+00
0.000000e+00
0
14
7.974086e-02
2.888490e-02
2.659540e-02
1.627678e-02
5.560172e-03
1.688475e-02
5.812111e-04
1.587802e-03
4.263003e-04
6.436568e-06
5.012767e-06
9.311892e-06
7.207946e-06
7.674299e-07
3.395273e-07
1
14
3.607893e-02
7.045553e-02
3.576944e-02
1.221444e-02
3.723371e-02
1.290305e-03
3.529640e-03
9.490590e-04
1.433795e-05
1.116625e-05
2.074309e-05
1.605734e-05
1.588661e-06
8.952188e-07
2
14
9.117056e-02
8.138467e-02
2.231223e-02
6.801928e-02
2.357236e-03
6.448273e-03
1.733837e-03
2.619274e-05
2.039883e-05
3.789557e-05
2.933487e-05
2.902653e-06
1.652431e-06
3
14
1.586288e-01
8.143055e-02
1.458711e-01
5.056111e-03
1.383141e-02
3.719120e-03
5.618432e-05
4.375644e-05
8.128652e-05
6.292396e-05
6.224989e-06
3.575587e-06
4
14
9.044048e-02
2.970714e-01
8.923216e-03
2.441092e-02
6.563979e-03
9.916339e-05
7.722887e-05
1.434674e-04
1.110568e-04
1.098726e-05
6.336056e-06
5
19
4.589203e-01
6.024602e-02
1.506856e-01
4.052251e-02
6.121884e-04
4.767701e-04
8.856987e-04
6.856190e-04
6.783368e-05
3.598718e-05
1.933790e-06
2.642323e-07
1.112127e-06
6.170985e-08
1.982202e-08
6
19
1.674194e-01
6.985898e-01
1.714312e-01
2.589892e-03
2.016994e-03
3.746997e-03
2.900543e-03
2.869693e-04
1.514797e-04
7.220512e-06
9.780675e-07
4.225424e-06
2.386482e-07
2.732791e-06
7
23
6.529881e-01
5.523088e-01
8.201472e-03
6.387276e-03
1.186571e-02
9.185242e-03
9.087671e-04
4.796919e-04
2.286250e-05
3.093978e-06
1.333039e-05
7.483348e-07
2.830453e-06
2.812627e-06
6.040035e-07
1.099534e-06
1.619236e-06
8
24
9.897188e-01
1.054457e-01
7.779448e-02
1.445186e-01
1.118718e-01
1.106834e-02
5.842372e-03
2.784573e-04
3.768269e-05
1.623503e-04
9.119880e-06
3.288509e-05
2.715780e-05
5.896560e-06
1.071475e-05
1.720187e-05
1.746752e-05
9
24
2.221525e-01
3.272162e-01
4.928305e-01
3.814950e-01
3.774426e-02
1.992314e-02
9.495582e-04
1.285029e-04
5.536276e-04
3.110063e-05
1.121408e-04
9.261050e-05
2.010624e-05
3.653841e-05
5.842509e-05
6.035193e-05
10
24
2.223524e-01
6.954851e-01
4.904269e-01
4.852181e-02
2.561200e-02
1.220697e-03
1.651978e-04
7.117214e-04
3.997882e-05
1.441647e-04
1.190516e-04
2.584883e-05
4.697259e-05
7.510704e-05
7.765095e-05
11
24
5.099577e-01
8.477874e-01
8.183217e-02
4.319473e-02
2.058717e-03
2.785969e-04
1.200302e-03
6.742799e-05
2.431394e-04
2.007846e-04
4.359712e-05
7.921482e-05
1.266658e-04
1.311197e-04
12
24
8.919915e-01
3.807058e-01
1.968441e-01
9.381840e-03
1.269614e-03
5.469946e-03
3.072712e-04
1.107982e-03
9.150105e-04
1.986743e-04
3.610007e-04
5.772323e-04
5.983679e-04
13
24
6.138167e-01
7.974197e-01
3.726745e-02
5.043270e-03
2.172823e-02
1.220572e-03
4.401236e-03
3.634681e-03
7.891926e-04
1.434004e-03
2.292930e-03
2.377585e-03
14
24
9.900853e-01
2.528507e-01
3.313053e-02
1.411042e-01
7.712854e-03
2.723603e-02
2.133490e-02
4.398649e-03
7.678668e-03
1.107162e-02
8.385705e-03
14
24
1.791823e-03
6.203537e-01
1.443083e-01
5.153623e-01
2.768318e-02
9.778737e-02
7.498651e-02
1.507945e-02
2.581472e-02
3.522873e-02
2.146581e-02
15
24
2.965476e-02
3.063173e-01
8.758895e-01
3.725672e-02
1.323043e-01
1.052053e-01
2.120457e-02
3.616357e-02
4.900572e-02
2.943343e-02
15
24
1.900220e-04
5.284238e-03
9.311244e-01
9.559912e-02
2.886422e-01
2.052641e-01
4.040944e-02
6.847777e-02
9.044004e-02
5.096088e-02
15
24
1.241707e-08
1.943878e-07
1.918545e-01
3.440968e-01
6.192804e-01
3.637299e-01
6.800188e-02
1.128266e-01
1.526241e-01
8.927953e-02
15
24
3.084491e-09
4.566777e-08
2.809073e-02
4.175448e-02
8.220542e-01
5.718631e-01
9.880261e-02
1.622563e-01
2.033350e-01
1.105245e-01
15
24
3.723269e-10
6.557681e-09
2.643812e-03
3.143302e-03
1.066007e-01
1.067363e+00
2.466136e-01
2.924125e-01
3.450788e-01
1.815331e-01
15
24
1.358409e-10
2.710491e-09
8.928480e-04
1.012718e-03
3.027541e-02
4.558920e-01
5.739677e-01
6.294690e-01
4.521397e-01
2.414129e-01
15
24
8.335465e-11
1.628320e-09
5.159947e-04
5.646301e-04
1.663938e-02
1.773887e-01
2.116698e-01
1.015722e+00
8.117919e-01
2.819489e-01
15
24
4.249976e-11
6.697210e-10
2.197202e-04
2.385389e-04
6.451723e-03
6.400051e-02
4.643774e-02
2.524547e-01
1.857515e+00
6.890406e-01
15
24
7.976265e-12
3.342428e-10
1.029288e-04
1.178573e-04
2.895526e-03
2.779449e-02
2.034547e-02
7.126905e-02
5.727434e-01
3.353851e+00
0
14
1.492901e-01
3.369363e-02
5.426858e-02
2.578043e-02
7.201019e-03
1.511089e-02
2.511962e-04
5.039715e-04
6.979100e-05
8.344505e-07
6.799964e-07
1.425633e-06
1.704885e-06
4.315802e-07
3.586208e-07
1
14
7.150711e-02
1.348152e-01
7.061183e-02
1.980717e-02
4.149053e-02
6.875450e-04
1.370389e-03
1.790628e-04
1.765609e-06
1.403678e-06
2.823512e-06
3.166001e-06
6.694486e-07
7.970910e-07
2
14
1.555764e-01
1.431324e-01
4.414522e-02
9.242271e-02
1.526535e-03
3.029422e-03
3.815353e-04
3.231669e-06
2.505709e-06
4.833072e-06
5.030124e-06
9.907832e-07
1.269426e-06
3
14
2.362376e-01
7.334308e-02
2.534563e-01
4.176020e-03
8.258247e-03
1.008227e-03
7.310243e-06
5.502450e-06
1.003250e-05
9.309960e-06
1.705728e-06
2.215255e-06
4
14
1.746964e-01
5.112671e-01
8.790097e-03
1.735382e-02
2.086702e-03
1.385574e-05
1.022645e-05
1.792586e-05
1.515075e-05
2.563442e-06
3.353099e-06
5
19
8.080040e-01
1.095412e-01
2.255495e-01
2.638433e-02
1.453241e-04
1.020682e-04
1.600545e-04
9.478415e-05
9.939725e-06
8.839091e-06
1.256156e-06
1.997030e-07
1.073188e-06
7.384625e-08
2.350471e-08
6
19
3.695300e-01
1.326671e+00
1.612544e-01
8.551066e-04
5.936610e-04
9.044867e-04
4.722045e-04
3.578138e-05
2.592452e-05
2.777782e-06
4.744972e-07
2.835044e-06
2.777793e-07
3.252825e-06
7
23
1.362739e+00
8.694774e-01
4.562928e-03
3.147430e-03
4.716326e-03
2.267220e-03
1.239435e-04
6.510522e-05
5.257522e-06
8.563153e-07
4.606842e-06
3.349718e-07
1.491610e-06
2.039967e-06
4.790858e-07
9.436940e-07
1.673549e-06
8
24
2.025642e+00
1.933117e-01
1.363920e-01
2.026123e-01
9.295886e-02
3.898277e-03
1.198160e-03
3.619496e-05
4.950615e-06
2.282052e-05
1.442504e-06
5.543400e-06
5.223453e-06
1.261633e-06
2.478014e-06
4.896506e-06
9.937820e-06
9
24
5.229071e-01
6.503948e-01
1.049736e+00
4.803334e-01
1.978153e-02
5.741795e-03
1.319361e-04
1.646054e-05
6.856961e-05
3.880822e-06
1.429122e-05
1.261821e-05
2.964146e-06
5.632150e-06
1.048296e-05
2.211921e-05
10
24
5.234749e-01
1.472263e+00
6.993108e-01
2.872575e-02
8.267646e-03
1.808260e-04
2.210070e-05
8.977900e-05
4.902646e-06
1.788264e-05
1.548785e-05
3.530873e-06
6.808115e-06
1.235295e-05
2.537880e-05
11
24
1.120768e+00
1.533710e+00
6.353555e-02
1.805565e-02
3.646423e-04
4.297575e-05
1.664598e-04
8.504714e-06
3.017820e-05
2.482491e-05
5.496104e-06
1.022905e-05
1.792613e-05
3.434992e-05
12
24
1.882015e+00
6.655480e-01
1.883919e-01
3.437174e-03
3.841250e-04
1.377309e-03
6.189933e-05
2.068589e-04
1.499705e-04
2.988684e-05
5.179934e-05
7.653130e-05
9.500851e-05
13
24
1.344391e+00
1.359949e+00
2.459482e-02
2.718580e-03
9.580781e-03
4.168026e-04
1.369049e-03
9.527075e-04
1.824956e-04
3.066333e-04
4.151658e-04
3.435616e-04
14
24
2.047310e+00
4.085583e-01
4.249693e-02
1.308827e-01
4.297931e-03
1.231762e-02
6.381512e-03
9.491972e-04
1.359680e-03
1.327550e-03
6.347807e-04
14
24
4.380781e-03
1.331125e+00
2.618097e-01
7.154625e-01
2.199602e-02
6.017676e-02
2.626169e-02
3.135325e-03
3.689489e-03
1.706477e-03
-5.038987e-04
15
24
6.482117e-02
7.487209e-01
1.384732e+00
2.950436e-02
7.693359e-02
3.555011e-02
4.116923e-03
4.457627e-03
1.028100e-03
-1.392342e-03
15
24
3.236334e-04
1.120693e-02
1.793307e+00
1.348056e-01
2.897867e-01
1.025058e-01
8.484742e-03
6.112305e-03
-7.287233e-03
-1.014868e-02
15
24
1.007327e-08
1.598248e-07
3.428773e-01
7.953838e-01
8.879307e-01
2.622015e-01
2.339447e-02
1.717471e-02
-3.112548e-03
-1.016021e-02
15
24
2.040252e-09
2.754731e-08
3.402023e-02
6.617002e-02
1.562033e+00
5.584345e-01
4.885808e-02
4.818334e-02
-2.863557e-03
-2.218700e-02
15
24
1.375130e-10
1.997774e-09
1.703002e-03
2.322682e-03
1.135766e-01
1.763152e+00
2.705618e-01
1.201840e-01
2.269155e-02
-3.301465e-02
15
24
2.622889e-11
4.315793e-10
2.615468e-04
3.515582e-04
1.537514e-02
5.129488e-01
1.068347e+00
6.753005e-01
-2.189272e-03
-3.682541e-02
15
24
1.002162e-11
1.518231e-10
8.572416e-05
8.798775e-05
5.182917e-03
7.438011e-02
2.296491e-01
1.593200e+00
3.682724e-01
-6.851829e-02
15
24
9.159899e-13
-1.707602e-12
-2.991307e-07
-6.588523e-06
-5.005586e-05
4.203452e-03
-1.220992e-04
1.180375e-01
1.989207e+00
-1.669777e-02
15
24
-2.110077e-13
-2.114920e-11
-1.893357e-05
-1.360217e-05
-6.149476e-04
-5.067900e-03
-3.138324e-03
-1.754812e-02
-9.334001e-03
1.672829e+00
0
14
1.774985e-01
5.452175e-02
2.847609e-02
-5.231499e-03
-5.715335e-03
-2.956767e-02
-1.355596e-03
-3.820996e-03
-1.055096e-03
-1.599781e-05
-1.245206e-05
-2.309211e-05
-1.765651e-05
-1.671118e-06
-4.761912e-07
1
14
7.933060e-02
1.776132e-01
2.747359e-02
-3.701364e-03
-5.231461e-02
-2.919714e-03
-8.365285e-03
-2.343338e-03
-3.566250e-05
-2.776638e-05
-5.153525e-05
-3.959514e-05
-3.739790e-06
-1.488244e-06
2
14
2.178029e-01
1.637909e-01
1.746023e-02
-5.887415e-02
-5.064309e-03
-1.488757e-02
-4.260792e-03
-6.514784e-05
-5.073997e-05
-9.422433e-05
-7.258806e-05
-6.964917e-06
-3.094558e-06
3
14
3.608010e-01
1.653539e-01
2.533231e-02
-9.748100e-03
-3.030117e-02
-9.054907e-03
-1.396713e-04
-1.088132e-04
-2.021883e-04
-1.561314e-04
-1.516410e-05
-7.395648e-06
4
14
1.798326e-01
3.210942e-01
-1.507398e-02
-5.035831e-02
-1.581894e-02
-2.462881e-04
-1.919421e-04
-3.568008e-04
-2.758928e-04
-2.695849e-05
-1.377781e-05
5
19
8.388299e-01
7.225477e-02
-6.847561e-02
-8.501167e-02
-1.500566e-03
-1.173051e-03
-2.189348e-03
-1.702982e-03
-1.683337e-04
-8.770795e-05
-3.922579e-06
-4.881266e-07
-1.800013e-06
-7.305445e-08
-2.350469e-08
6
19
4.704961e-01
1.010016e+00
-2.916724e-01
-6.238930e-03
-4.896592e-03
-9.183849e-03
-7.185926e-03
-7.137308e-04
-3.747936e-04
-1.723242e-05
-2.277724e-06
-8.868594e-06
-4.629655e-07
-3.386432e-06
7
23
1.514645e+00
-2.809863e-02
-1.831033e-02
-1.462890e-02
-2.803343e-02
-2.246421e-02
-2.257692e-03
-1.191684e-03
-5.610305e-05
-7.533895e-06
-3.205133e-05
-1.749392e-06
-6.317735e-06
-5.416412e-06
-1.098363e-06
-1.873957e-06
-2.250432e-06
8
24
1.877229e+00
1.057120e-01
2.148923e-02
-1.023387e-01
-2.062172e-01
-2.642624e-02
-1.438324e-02
-6.921955e-04
-9.365828e-05
-4.031043e-04
-2.259814e-05
-8.138001e-05
-6.698281e-05
-1.449112e-05
-2.626021e-05
-4.163757e-05
-3.685298e-05
9
24
6.982245e-01
9.058371e-01
6.543220e-01
-4.203486e-01
-8.555694e-02
-4.835013e-02
-2.358560e-03
-3.195086e-04
-1.376960e-03
-7.735682e-05
-2.788304e-04
-2.301039e-04
-4.990599e-05
-9.061216e-05
-1.444746e-04
-1.409087e-04
10
24
6.990759e-01
1.523541e+00
-3.464980e-01
-1.068598e-01
-6.167197e-02
-3.029334e-03
-4.105234e-04
-1.769853e-03
-9.944631e-05
-3.585492e-04
-2.959651e-04
-6.423716e-05
-1.166183e-04
-1.860508e-04
-1.837222e-04
11
24
1.451448e+00
5.268022e-01
-1.622667e-01
-1.012270e-01
-5.092433e-03
-6.909488e-04
-2.981477e-03
-1.676761e-04
-6.047124e-04
-4.994160e-04
-1.084143e-04
-1.969479e-04
-3.145305e-04
-3.160229e-04
12
24
1.922091e+00
1.559648e-01
-3.222779e-01
-2.234510e-02
-3.072640e-03
-1.337059e-02
-7.574297e-04
-2.736798e-03
-2.266577e-03
-4.928887e-04
-8.962392e-04
-1.434581e-03
-1.477747e-03
13
24
1.650319e+00
2.395611e-01
-7.929300e-02
-1.136485e-02
-5.069285e-02
-2.930872e-03
-1.064185e-02
-8.874976e-03
-1.937346e-03
-3.529620e-03
-5.668771e-03
-5.897365e-03
14
24
1.913660e+00
5.599451e-03
-3.508165e-02
-2.420272e-01
-1.711420e-02
-6.285659e-02
-5.136837e-02
-1.075808e-02
-1.887849e-02
-2.738489e-02
-2.084155e-02
14
24
5.552476e-03
1.437334e+00
1.535580e-01
-3.315194e-01
-5.404112e-02
-2.109185e-01
-1.782232e-01
-3.698839e-02
-6.390238e-02
-8.789253e-02
-5.364921e-02
15
24
6.875033e-02
9.243868e-01
2.450460e-01
-7.294476e-02
-2.900570e-01
-2.505368e-01
-5.200859e-02
-8.951321e-02
-1.222411e-01
-7.351444e-02
15
24
2.185569e-04
1.108220e-02
1.214882e+00
-3.344593e-02
-3.996290e-01
-4.562480e-01
-9.874490e-02
-1.696290e-01
-2.245329e-01
-1.255571e-01
15
24
-2.420343e-08
-3.718566e-07
1.440108e-01
7.816156e-01
-1.273960e-01
-6.885153e-01
-1.617204e-01
-2.783978e-01
-3.809274e-01
-2.220747e-01
15
24
-6.562996e-09
-9.947109e-08
-2.229202e-02
7.693803e-03
8.050671e-01
-7.359673e-01
-2.159437e-01
-3.849903e-01
-5.049113e-01
-2.722911e-01
15
24
-8.864512e-10
-1.585315e-08
-5.416537e-03
-5.841161e-03
-1.159751e-01
2.077821e-01
-2.681232e-01
-6.284774e-01
-8.404828e-01
-4.478549e-01
15
24
-3.353290e-10
-6.716293e-09
-2.159766e-03
-2.408398e-03
-6.555138e-02
-4.723364e-01
3.412493e-01
-7.347983e-01
-1.080152e+00
-5.962121e-01
15
24
-2.073253e-10
-4.057533e-09
-1.275169e-03
-1.394232e-03
-3.929712e-02
-3.792287e-01
-2.425312e-01
-1.923039e-01
-1.535279e+00
-6.834746e-01
15
24
-1.062018e-10
-1.673681e-09
-5.477456e-04
-5.957389e-04
-1.602315e-02
-1.557687e-01
-1.108859e-01
-4.739320e-01
-2.193724e+00
-1.466901e+00
15
24
-1.993527e-11
-8.344278e-10
-2.542752e-04
-2.932202e-04
-7.124447e-03
-6.856275e-02
-5.023534e-02
-1.726491e-01
-1.217758e+00
-6.330245e+00
0
14
1.607216e-01
2.435120e-02
-3.344592e-02
-4.495697e-02
-1.679503e-02
-4.318954e-02
-8.494053e-04
-1.731802e-03
-2.434839e-04
-2.912387e-06
-2.372599e-06
-4.969311e-06
-5.899548e-06
-1.349465e-06
-8.474330e-07
1
14
9.980738e-02
1.039571e-01
-6.539851e-02
-3.530690e-02
-1.061243e-01
-2.278952e-03
-4.648648e-03
-6.220934e-04
-6.163435e-06
-4.897358e-06
-9.852123e-06
-1.099029e-05
-2.241594e-06
-2.054788e-06
2
14
2.102074e-01
5.407885e-02
-4.040151e-02
-1.924990e-01
-4.920394e-03
-1.011824e-02
-1.321451e-03
-1.127858e-05
-8.746500e-06
-1.686423e-05
-1.748615e-05
-3.410388e-06
-3.454218e-06
3
14
2.857716e-01
6.847585e-02
-2.992304e-01
-1.273518e-02
-2.676231e-02
-3.471354e-03
-2.550539e-05
-1.920158e-05
-3.501777e-05
-3.244571e-05
-5.881046e-06
-6.415936e-06
4
14
2.058909e-01
-1.255216e-01
-2.519465e-02
-5.441794e-02
-7.139187e-03
-4.831978e-05
-3.567646e-05
-6.255710e-05
-5.283070e-05
-8.878157e-06
-1.005534e-05
5
19
4.799400e-01
-2.528599e-02
-3.660667e-01
-8.200358e-02
-5.026897e-04
-3.538827e-04
-5.564608e-04
-3.305226e-04
-3.462734e-05
-3.014898e-05
-3.577959e-06
-5.587790e-07
-2.723660e-06
-1.582400e-07
-4.935965e-08
6
19
5.800738e-01
-1.198860e-01
-4.496577e-01
-2.932077e-03
-2.044291e-03
-3.130647e-03
-1.644113e-03
-1.248877e-04
-9.025261e-05
-8.969237e-06
-1.296299e-06
-8.425959e-06
-6.481517e-07
-7.022091e-06
7
23
1.074889e+00
-1.024592e+00
-1.495499e-02
-1.046746e-02
-1.596021e-02
-7.826481e-03
-4.322752e-04
-2.270006e-04
-1.828054e-05
-2.929323e-06
-1.515587e-05
-1.067737e-06
-4.547187e-06
-5.569450e-06
-1.295816e-06
-2.512716e-06
-4.069908e-06
8
24
8.667620e-01
-6.408443e-02
-1.397886e-01
-3.794405e-01
-2.656264e-01
-1.324785e-02
-4.151901e-03
-1.262810e-04
-1.727349e-05
-7.932680e-05
-4.996130e-06
-1.916854e-05
-1.801770e-05
-4.348500e-06
-8.512545e-06
-1.658154e-05
-2.845281e-05
9
24
8.570434e-01
8.054551e-01
-4.730821e-01
-1.103126e+00
-6.551364e-02
-1.973551e-02
-4.601241e-04
-5.743935e-05
-2.392564e-04
-1.351326e-05
-4.985628e-05
-4.405957e-05
-1.023946e-05
-1.974953e-05
-3.652610e-05
-6.980224e-05
10
24
8.580890e-01
6.330301e-01
-1.367850e+00
-9.363939e-02
-2.827983e-02
-6.302675e-04
-7.709886e-05
-3.133177e-04
-1.710140e-05
-6.241670e-05
-5.403643e-05
-1.236655e-05
-2.354621e-05
-4.309756e-05
-8.185910e-05
11
24
1.415849e+00
-1.157322e+00
-1.953509e-01
-6.069432e-02
-1.268632e-03
-1.497509e-04
-5.804629e-04
-2.966800e-05
-1.053098e-04
-8.665467e-05
-1.917820e-05
-3.572583e-05
-6.252019e-05
-1.128134e-04
12
24
1.129099e+00
-6.064434e-01
-5.025413e-01
-1.167996e-02
-1.318514e-03
-4.754940e-03
-2.148632e-04
-7.188861e-04
-5.221237e-04
-1.041472e-04
-1.805819e-04
-2.669737e-04
-3.250047e-04
13
24
1.439943e+00
-1.306374e+00
-7.859840e-02
-8.975373e-03
-3.221399e-02
-1.425762e-03
-4.701228e-03
-3.289804e-03
-6.321458e-04
-1.063739e-03
-1.443839e-03
-1.193406e-03
14
24
8.435695e-01
-5.318018e-01
-9.654839e-02
-3.638603e-01
-1.395314e-02
-4.084520e-02
-2.168836e-02
-3.255546e-03
-4.674757e-03
-4.577378e-03
-2.201258e-03
14
24
5.587383e-03
9.241418e-01
-1.372413e-01
-1.372759e+00
-6.688408e-02
-1.920023e-01
-8.847544e-02
-1.079523e-02
-1.278691e-02
-5.951293e-03
1.763221e-03
15
24
4.297235e-02
8.205897e-01
-1.446980e+00
-8.996832e-02
-2.477697e-01
-1.197996e-01
-1.414616e-02
-1.540793e-02
-3.567283e-03
4.869859e-03
15
24
-1.269224e-04
5.256436e-03
-3.020811e-01
-2.226482e-01
-7.654291e-01
-3.356723e-01
-2.922975e-02
-2.120032e-02
2.530109e-02
3.518980e-02
15
24
-3.090432e-08
-4.910236e-07
-2.566077e-01
2.815340e-01
-1.353223e+00
-8.293586e-01
-8.108318e-02
-6.021692e-02
1.078130e-02
3.543327e-02
15
24
-6.525905e-09
-8.956514e-08
-7.627149e-02
-7.661359e-02
-8.349286e-01
-1.360673e+00
-1.712210e-01
-1.728562e-01
8.111510e-03
7.692584e-02
15
24
-4.673956e-10
-6.847613e-09
-5.517534e-03
-7.324806e-03
-2.496002e-01
-1.994400e+00
-5.865087e-01
-4.273422e-01
-1.073740e-01
1.136422e-01
15
24
-9.114306e-11
-1.502460e-09
-9.080519e-04
-1.226864e-03
-5.410685e-02
-1.090691e+00
-1.075786e+00
-1.502864e+00
-5.507637e-02
1.237757e-01
15
24
-3.496570e-11
-5.301998e-10
-2.993868e-04
-3.106830e-04
-1.870876e-02
-2.628535e-01
-5.068655e-01
-2.460978e+00
-9.520060e-01
2.228069e-01
15
24
-3.203876e-12
5.974077e-12
8.834532e-07
2.271256e-05
9.686304e-05
-2.016741e-02
-6.038095e-03
-3.036174e-01
-4.318180e+00
7.748677e-02
15
24
7.383839e-13
7.395821e-11
6.579375e-05
4.745776e-05
2.131128e-03
1.742437e-02
1.053471e-02
5.701931e-02
5.128225e-02
-4.449636e+00
0
14
1.049114e-01
-1.050745e-02
-8.302871e-02
-4.609714e-02
-8.905960e-03
9.299841e-03
1.549098e-03
4.725671e-03
1.393395e-03
2.131407e-05
1.656868e-05
3.059715e-05
2.271526e-05
1.645525e-06
-2.193641e-09
1
14
1.183967e-01
5.380450e-03
-1.311916e-01
-3.784360e-02
-2.038847e-02
3.028880e-03
9.894930e-03
3.071922e-03
4.757266e-05
3.702330e-05
6.857220e-05
5.174506e-05
4.363044e-06
5.916540e-07
2
14
1.898296e-01
-8.129034e-02
-8.183190e-02
-1.161628e-01
4.434927e-03
1.640315e-02
5.522213e-03
8.690652e-05
6.769334e-05
1.255898e-04
9.564618e-05
8.506397e-06
2.113859e-06
3
14
2.285821e-01
2.117312e-03
-3.749363e-01
5.236199e-03
2.849859e-02
1.147264e-02
1.860639e-04
1.450889e-04
2.697115e-04
2.070748e-04
1.923809e-05
6.714956e-06
4
14
2.235025e-01
-4.144884e-01
1.709330e-03
3.808547e-02
1.953964e-02
3.274283e-04
2.555719e-04
4.758065e-04
3.669637e-04
3.480657e-05
1.405773e-05
5
19
7.879517e-02
-8.906705e-02
-2.837461e-01
7.023098e-02
1.932721e-03
1.524778e-03
2.877751e-03
2.264297e-03
2.233303e-04
1.118433e-04
3.343324e-06
3.095587e-07
3.853469e-07
-4.148220e-08
-1.410283e-08
6
19
6.294629e-01
-1.074402e+00
5.896302e-02
7.694924e-03
6.158131e-03
1.182639e-02
9.495927e-03
9.518218e-04
4.937685e-04
2.076963e-05
2.606327e-06
1.108250e-05
3.067251e-07
-1.560348e-06
7
23
3.823144e-01
-9.044606e-01
1.827506e-02
1.575259e-02
3.289080e-02
2.877924e-02
3.003350e-03
1.585105e-03
7.245318e-05
9.551446e-06
3.908629e-05
2.036596e-06
6.865655e-06
4.173594e-06
6.593368e-07
8.537951e-07
-6.333163e-08
8
24
-7.109042e-02
-1.446883e-01
-1.799684e-01
-2.528563e-01
9.727526e-02
3.188289e-02
1.872399e-02
9.220756e-04
1.247079e-04
5.355292e-04
2.987930e-05
1.072653e-04
8.758828e-05
1.879781e-05
3.379706e-05
5.217037e-05
3.543569e-05
9
24
9.285000e-01
4.179142e-01
-1.528340e+00
-4.874627e-01
8.931201e-02
6.076976e-02
3.136077e-03
4.258036e-04
1.836745e-03
1.031619e-04
3.716579e-04
3.061126e-04
6.625671e-05
1.200367e-04
1.900865e-04
1.661732e-04
10
24
9.296218e-01
-6.495880e-01
-9.798779e-01
1.019911e-01
7.601188e-02
4.019362e-03
5.464546e-04
2.359648e-03
1.326864e-04
4.782671e-04
3.942439e-04
8.541198e-05
1.548790e-04
2.457881e-04
2.219249e-04
11
24
1.050747e+00
-1.798405e+00
1.028369e-01
1.162955e-01
6.704738e-03
9.153766e-04
3.964250e-03
2.235580e-04
8.065471e-04
6.661546e-04
1.445431e-04
2.623982e-04
4.179659e-04
3.968699e-04
12
24
1.749990e-01
-8.007809e-01
4.981104e-02
2.678151e-02
3.835274e-03
1.710593e-02
9.890206e-04
3.590938e-03
2.994243e-03
6.534621e-04
1.190287e-03
1.910014e-03
1.943964e-03
13
24
8.611413e-01
-1.563737e+00
6.731671e-02
1.165534e-02
5.748249e-02
3.585789e-03
1.325075e-02
1.132350e-02
2.504311e-03
4.592134e-03
7.453919e-03
7.818411e-03
14
24
-2.795421e-01
-5.960718e-01
-4.608577e-02
6.019814e-02
1.683270e-02
6.938459e-02
6.336888e-02
1.379170e-02
2.450710e-02
3.605952e-02
2.775340e-02
14
24
4.165151e-03
-4.820853e-03
-3.984120e-01
-9.899977e-01
3.186682e-02
1.895571e-01
2.128429e-01
4.774684e-02
8.429900e-02
1.180941e-01
7.237841e-02
15
24
-9.306679e-03
4.225266e-01
-1.979985e+00
4.356544e-02
2.749173e-01
3.007394e-01
6.712756e-02
1.180690e-01
1.641709e-01
9.902671e-02
15
24
-5.212554e-04
-4.726202e-03
-1.599379e+00
-1.990575e-01
-1.118982e-01
4.635803e-01
1.264835e-01
2.242081e-01
2.982316e-01
1.637508e-01
15
24
1.381226e-08
1.975254e-07
-5.365092e-01
-5.138629e-01
-1.361803e+00
4.171290e-01
1.958965e-01
3.658945e-01
5.124160e-01
2.962784e-01
15
24
5.566452e-09
9.252629e-08
-5.137877e-02
-1.009387e-01
-2.081610e+00
-1.342582e-01
2.198024e-01
4.734342e-01
6.745183e-01
3.550900e-01
15
24
1.061294e-09
1.973649e-08
4.354350e-03
3.248807e-03
-6.284868e-02
-2.666587e+00
-1.817344e-01
6.544321e-01
1.118471e+00
5.878573e-01
15
24
4.393298e-10
8.879263e-09
2.709815e-03
2.924628e-03
6.537628e-02
-3.904876e-01
-1.961147e+00
-3.849241e-01
1.428737e+00
7.902193e-01
15
24
2.765572e-10
5.435949e-09
1.678444e-03
1.838140e-03
4.801853e-02
3.901391e-01
-1.399262e-01
-2.654783e+00
1.204919e+00
8.820297e-01
15
24
1.432223e-10
2.257517e-09
7.348150e-04
8.029744e-04
2.144782e-02
2.074165e-01
1.466283e-01
3.639863e-01
-1.192409e+00
1.444884e+00
15
24
2.689561e-11
1.122768e-09
3.337466e-04
3.913837e-04
9.262940e-03
9.001112e-02
6.658029e-02
2.225992e-01
1.195011e+00
4.227842e+00
0
14
4.620467e-02
-3.607698e-02
-8.083126e-02
2.443053e-04
1.196952e-02
5.686853e-02
1.558256e-03
3.270597e-03
4.735473e-04
5.687890e-06
4.632386e-06
9.680962e-06
1.129984e-05
2.231963e-06
8.636537e-07
1
14
1.180010e-01
-1.276833e-01
-1.074690e-01
-8.468434e-04
1.061883e-01
4.046119e-03
8.623980e-03
1.205698e-03
1.204799e-05
9.570177e-06
1.923311e-05
2.126654e-05
4.077048e-06
2.527351e-06
2
14
1.350819e-01
-1.923789e-01
-6.778725e-02
9.874576e-02
8.272871e-03
1.823523e-02
2.546965e-03
2.204056e-05
1.709309e-05
3.294470e-05
3.397871e-05
6.410391e-06
4.700592e-06
3
14
1.683260e-01
-9.884997e-02
-1.401233e-01
1.910136e-02
4.552858e-02
6.618895e-03
4.981842e-05
3.751595e-05
6.843174e-05
6.322908e-05
1.124198e-05
9.685031e-06
4
14
2.202986e-01
-3.537257e-01
3.281899e-02
8.672141e-02
1.345537e-02
9.429397e-05
6.966769e-05
1.222408e-04
1.030846e-04
1.714814e-05
1.599418e-05
5
19
-1.320847e-01
-7.773582e-02
7.799708e-02
1.291124e-01
9.666546e-04
6.833495e-04
1.079966e-03
6.449269e-04
6.749073e-05
5.690056e-05
5.323392e-06
7.364451e-07
3.198101e-06
1.353693e-07
4.309190e-08
6
19
6.146592e-01
-1.191937e+00
5.591982e-01
5.548085e-03
3.898591e-03
6.026568e-03
3.199046e-03
2.440123e-04
1.750954e-04
1.690736e-05
2.816993e-06
1.351173e-05
1.018524e-06
6.430843e-06
7
23
-1.419016e-01
5.196036e-02
2.599932e-02
1.871161e-02
2.947823e-02
1.499425e-02
8.437156e-04
4.429195e-04
3.516858e-05
5.581042e-06
2.813184e-05
1.893370e-06
7.648553e-06
7.786198e-06
1.709268e-06
3.126532e-06
4.185437e-06
8
24
-3.369754e-01
-1.010583e-01
-8.389061e-02
1.344654e-01
3.542230e-01
2.466407e-02
8.009769e-03
2.466332e-04
3.371178e-05
1.549969e-04
9.761110e-06
3.735728e-05
3.491048e-05
8.379815e-06
1.634265e-05
3.112176e-05
4.292305e-05
9
24
9.049652e-01
-1.343300e-01
-1.728489e+00
8.021864e-01
1.161627e-01
3.751192e-02
8.979436e-04
1.121929e-04
4.675836e-04
2.638664e-05
9.740498e-05
8.608151e-05
1.997097e-05
3.835907e-05
7.096386e-05
1.205440e-04
10
24
9.060576e-01
-1.620049e+00
4.970596e-01
1.610368e-01
5.327765e-02
1.229006e-03
1.505424e-04
6.121008e-04
3.344596e-05
1.219571e-04
1.054929e-04
2.417843e-05
4.595015e-05
8.387803e-05
1.437959e-04
11
24
5.251157e-01
-9.396345e-01
2.989559e-01
1.107321e-01
2.465082e-03
2.917846e-04
1.132839e-03
5.796868e-05
2.058126e-04
1.693492e-04
3.745450e-05
6.974638e-05
1.219717e-04
2.043449e-04
12
24
-3.240915e-01
-2.936989e-01
5.798395e-01
2.174009e-02
2.499895e-03
9.111029e-03
4.157624e-04
1.394170e-03
1.015743e-03
2.029651e-04
3.521893e-04
5.212886e-04
6.185833e-04
13
24
2.159203e-01
-4.469453e-01
1.300417e-01
1.581870e-02
5.878568e-02
2.686117e-03
8.920001e-03
6.306138e-03
1.218647e-03
2.056330e-03
2.803770e-03
2.314713e-03
14
24
-7.237767e-01
-1.255823e-01
6.760647e-02
4.554561e-01
2.384657e-02
7.268487e-02
4.039413e-02
6.165058e-03
8.891529e-03
8.750989e-03
4.252482e-03
14
24
1.730714e-03
-8.110247e-01
-4.160408e-01
4.756060e-01
1.000985e-01
3.173591e-01
1.621821e-01
2.058788e-02
2.467655e-02
1.161388e-02
-3.462355e-03
15
24
-6.212182e-02
-1.015852e-01
-9.544729e-01
1.353445e-01
4.169803e-01
2.197037e-01
2.687820e-02
2.959133e-02
6.897065e-03
-9.554485e-03
15
24
-6.621581e-04
-1.339618e-02
-1.736569e+00
2.926741e-02
7.733580e-01
5.665946e-01
5.541994e-02
4.080700e-02
-4.900104e-02
-6.796766e-02
15
24
4.693884e-08
7.338384e-07
-4.349191e-01
-1.199893e+00
-4.826650e-03
1.223231e+00
1.510707e-01
1.158436e-01
-2.108018e-02
-6.916122e-02
15
24
1.081335e-08
1.517917e-07
3.926867e-02
-3.778560e-02
-1.995115e+00
1.336454e+00
3.003202e-01
3.228529e-01
-1.611984e-02
-1.486177e-01
15
24
8.703112e-10
1.295016e-08
8.783132e-03
1.066171e-02
2.020050e-01
-1.288279e+00
4.125571e-01
7.287871e-01
2.111765e-01
-2.201957e-01
15
24
1.767192e-10
2.922871e-09
1.724073e-03
2.298503e-03
9.474441e-02
7.217042e-01
-1.390593e+00
1.133070e+00
1.108645e-01
-2.407140e-01
15
24
6.829503e-11
1.037300e-09
5.795557e-04
6.005250e-04
3.498195e-02
4.453647e-01
3.738282e-01
-3.399536e-01
9.445421e-01
-4.261759e-01
15
24
6.285978e-12
-1.172629e-11
-1.626614e-06
-4.463922e-05
-1.991263e-04
3.975535e-02
1.210603e-02
2.997445e-01
2.912721e+00
-3.054032e-01
15
24
-1.449894e-12
-1.450492e-10
-1.275738e-04
-9.269823e-05
-4.115013e-03
-3.376690e-02
-2.048823e-02
-1.090391e-01
-2.347291e-01
5.233167e+00
0