2.226451090378235576e-01
2.012345105473936288e-02
2.255269208807482093e-02
1.769047426628488073e-02
1.484375171997329591e-03
8.644268137250445949e-06
1.202005575289995802e-06
1.215406907706089000e-07
1.489360979634904354e-15
0.000000000000000000e+00
0.000000000000000000e+00
0.000000000000000000e+00
0.000000000000000000e+00
1.787289999999999990e-01
1.861290000000000999e-01
8.713536999999998978e-02
7.738396700000003958e-03
4.538824000000004369e-05
5.869685000000003078e-06
1.197481499999999988e-06
0.000000000000000000e+00
0.000000000000000000e+00
0.000000000000000000e+00
0.000000000000000000e+00
0.000000000000000000e+00
0.000000000000000000e+00
2.937507453274814107e-01
2.053925537249970956e-01
1.647931547390531562e-02
9.665624860298077561e-05
1.249981516807992022e-05
2.581750982807218861e-06
0.000000000000000000e+00
0.000000000000000000e+00
0.000000000000000000e+00
0.000000000000000000e+00
0.000000000000000000e+00
0.000000000000000000e+00
0.000000000000000000e+00
5.494677527634442837e-01
1.779795508933819381e-01
1.013693578141593816e-03
1.310898923222437963e-04
2.216272847835977700e-05
1.085949362946703071e-06
3.361556021602011890e-07
1.497866561189265089e-06
2.404037347067460917e-06
0.000000000000000000e+00
0.000000000000000000e+00
0.000000000000000000e+00
0.000000000000000000e+00
7.690657715748696610e-01
1.046038259532473952e-01
1.316666885675264395e-02
2.224077734221243351e-03
1.005382508307485110e-04
3.123912594992518237e-05
1.391204431855238796e-04
2.741921304886011323e-04
0.000000000000000000e+00
0.000000000000000000e+00
0.000000000000000000e+00
0.000000000000000000e+00
0.000000000000000000e+00
6.084630022280298478e-01
2.334408883614421393e-01
3.817706617009697379e-02
1.725771756140993861e-03
5.362286432332394890e-04
2.388050438559601897e-03
4.708355108360124698e-03
0.000000000000000000e+00
0.000000000000000000e+00
0.000000000000000000e+00
0.000000000000000000e+00
0.000000000000000000e+00
0.000000000000000000e+00
5.617313134610739667e-01
2.557324371325129242e-01
1.081429624376857579e-02
3.320791566817787605e-03
1.439667277680141931e-02
2.169007477262778830e-02
0.000000000000000000e+00
0.000000000000000000e+00
0.000000000000000000e+00
0.000000000000000000e+00
0.000000000000000000e+00
0.000000000000000000e+00
7.125954695705158295e-04
6.314150459970889750e-01
7.178570657013265410e-02
2.025600940377429368e-02
8.328064616629139716e-02
1.149278522688289977e-01
0.000000000000000000e+00
0.000000000000000000e+00
0.000000000000000000e+00
0.000000000000000000e+00
0.000000000000000000e+00
0.000000000000000000e+00
0.000000000000000000e+00
8.432313287554364656e-02
3.416990879282120197e-01
7.896422162008731593e-02
2.451668909020663090e-01
2.880841101108048141e-01
0.000000000000000000e+00
0.000000000000000000e+00
0.000000000000000000e+00
0.000000000000000000e+00
0.000000000000000000e+00
0.000000000000000000e+00
0.000000000000000000e+00
3.365257850825102010e-02
1.264710000000000556e-01
2.089199999999999946e-01
3.498547000000000740e-01
3.485270526000002755e-01
0.000000000000000000e+00
0.000000000000000000e+00
0.000000000000000000e+00
0.000000000000000000e+00
0.000000000000000000e+00
0.000000000000000000e+00
0.000000000000000000e+00
1.151296871612872072e-02
3.878839619883586720e-02
3.181633608855784917e-02
5.134512091635979880e-01
5.217094661991854565e-01
0.000000000000000000e+00
0.000000000000000000e+00
0.000000000000000000e+00
0.000000000000000000e+00
0.000000000000000000e+00
0.000000000000000000e+00
0.000000000000000000e+00
1.424610132683679130e-03
4.650437333008620132e-03
3.461960117796872988e-03
6.528061433791533530e-02
1.481408195600870004e+00
2.192365818016357715e-01
2.644116873375370463e-02
3.770886434816519278e-02
3.100226551525523538e-02
2.754338688323859120e-03
1.618331886034680826e-05
2.247481754883878631e-06
2.143494361418312491e-07
0.000000000000000000e+00
0.000000000000000000e+00
0.000000000000000000e+00
0.000000000000000000e+00
0.000000000000000000e+00
1.142329999999999596e-01
3.093390000000000306e-01
1.917713700000000243e-01
1.704130160000002017e-02
9.996168999999987268e-05
1.292721600000000264e-05
2.637297999999996700e-06
0.000000000000000000e+00
0.000000000000000000e+00
0.000000000000000000e+00
0.000000000000000000e+00
0.000000000000000000e+00
0.000000000000000000e+00
2.860167420584975306e-01
4.258426900273873383e-01
3.622753057920574671e-02
2.125049354537192304e-04
2.748166494659863750e-05
5.676428626834823662e-06
0.000000000000000000e+00
0.000000000000000000e+00
0.000000000000000000e+00
0.000000000000000000e+00
0.000000000000000000e+00
0.000000000000000000e+00
0.000000000000000000e+00
7.707296193789733296e-01
3.856214864205834703e-01
2.231578446105115208e-03
2.885861575691065438e-04
4.878765630638343841e-05
2.380900040990754617e-06
7.378408889554992616e-07
3.289463225386097862e-06
5.317287011780077004e-06
0.000000000000000000e+00
0.000000000000000000e+00
0.000000000000000000e+00
0.000000000000000000e+00
1.198940070511480327e+00
2.369207086881114366e-01
3.023536213464387071e-02
5.107271532564131716e-03
2.308713942285790138e-04
7.173607629359246172e-05
3.194701440639758933e-04
6.296594790588842198e-04
0.000000000000000000e+00
0.000000000000000000e+00
0.000000000000000000e+00
0.000000000000000000e+00
0.000000000000000000e+00
8.947234235092389465e-01
4.956396627476509775e-01
8.240957598566199527e-02
3.725277612630123643e-03
1.157510649125545032e-03
5.154881717813866553e-03
1.016353195865329559e-02
0.000000000000000000e+00
0.000000000000000000e+00
0.000000000000000000e+00
0.000000000000000000e+00
0.000000000000000000e+00
0.000000000000000000e+00
8.594504592625877848e-01
5.286934716409190660e-01
2.299442053099394132e-02
7.093271767339082851e-03
3.107484529490306402e-02
5.175442901292897496e-02
0.000000000000000000e+00
0.000000000000000000e+00
0.000000000000000000e+00
0.000000000000000000e+00
0.000000000000000000e+00
0.000000000000000000e+00
3.160472821159961642e-04
1.007029721520480647e+00
1.452634282419116019e-01
4.199515990732603787e-02
1.759083813977395105e-01
2.477664642913318671e-01
0.000000000000000000e+00
0.000000000000000000e+00
0.000000000000000000e+00
0.000000000000000000e+00
0.000000000000000000e+00
0.000000000000000000e+00
0.000000000000000000e+00
5.993562792910097498e-02
5.227256370507469274e-01
1.482826700726302405e-01
4.903627469936669425e-01
6.159366111643741482e-01
0.000000000000000000e+00
0.000000000000000000e+00
0.000000000000000000e+00
0.000000000000000000e+00
0.000000000000000000e+00
0.000000000000000000e+00
0.000000000000000000e+00
8.128563609682696797e-03
1.532513999999999821e-01
3.127339999999998454e-01
6.791530000000000067e-01
7.357965185999989499e-01
0.000000000000000000e+00
0.000000000000000000e+00
0.000000000000000000e+00
0.000000000000000000e+00
0.000000000000000000e+00
0.000000000000000000e+00
0.000000000000000000e+00
1.078254051950926912e-03
1.548915561699982894e-02
2.734563189863418661e-02
8.315364282965153064e-01
1.115356186440359165e+00
0.000000000000000000e+00
0.000000000000000000e+00
0.000000000000000000e+00
0.000000000000000000e+00
0.000000000000000000e+00
0.000000000000000000e+00
0.000000000000000000e+00
7.564270830814151979e-06
9.326751903465615621e-05
1.270372308019514815e-04
9.673678643934502733e-03
3.252696924449037130e+00
