2.876529123815841915e-01
6.732735570434043859e-03
3.257836909672379155e-03
2.269136691912939874e+00
9.405343695716621231e-05
9.138340000000000352e-01
4.611000000000001764e-01
9.776000000000003437e-04
1.351000000000000855e-03
1.091000000000000414e+00
0.000000000000000000e+00
2.576000000000000165e-02
5.172505549552062210e-01
1.043833942922997582e-03
1.522475081596975184e-03
1.072000738864315794e+00
0.000000000000000000e+00
4.015699999999999825e-02
7.319708550340818798e-01
1.434422316200611135e-03
3.352981237852916720e-03
8.347026378400754787e-01
0.000000000000000000e+00
1.975770000000000304e-02
9.056458991367599687e-01
7.748924234595233780e-03
1.602745920742787433e-02
5.906983831276465535e-01
0.000000000000000000e+00
4.862711000000000138e-04
9.384599383525777938e-01
2.995401163753834764e-02
4.895040344256131049e-02
5.311470164531003624e-01
0.000000000000000000e+00
2.561340000000000620e-07
9.142956251353056008e-01
2.034171931932295813e-02
4.655554961112210594e-02
6.271957161225282240e-01
0.000000000000000000e+00
1.244990000000000020e-08
9.531179699486957979e-01
4.735416635896572829e-02
3.076983477094753089e-02
5.875485497092102216e-01
0.000000000000000000e+00
8.860309999999998947e-10
1.109814143148328158e+00
1.207152369350541626e-01
7.150970786955465619e-02
4.534538191901120729e-01
0.000000000000000000e+00
2.236599999999999739e-11
1.148999999999999577e+00
1.373000000000000054e-01
8.198999999999999344e-02
4.306000000000003158e-01
0.000000000000000000e+00
6.471000000000000195e-12
1.196501329800510494e+00
1.292835544912966095e-01
7.917235687207177519e-02
4.045731702370014560e-01
0.000000000000000000e+00
2.575100000000000367e-11
1.689445286670864466e+00
2.231272198986524458e-01
1.330717816871451464e-01
2.761635878669710387e-01
0.000000000000000000e+00
3.012146860000000292e-11
3.175083082028649639e-01
0.000000000000000000e+00
3.441617309694342333e-04
2.853694611791670610e+00
0.000000000000000000e+00
1.214979999999999671e-01
6.324999999999999512e-01
0.000000000000000000e+00
6.563999999999999326e-06
1.034000000000000030e+00
0.000000000000000000e+00
9.346000000000000141e-03
7.482972291218189520e-01
0.000000000000000000e+00
5.837079944084722429e-06
9.962878725533412805e-01
0.000000000000000000e+00
2.803800000000000042e-02
1.158785695702855723e+00
0.000000000000000000e+00
1.522054325009043028e-05
7.236921738451929098e-01
0.000000000000000000e+00
9.345999999999998753e-02
1.472617380219030547e+00
0.000000000000000000e+00
1.449797215235756908e-04
5.845664193245398987e-01
0.000000000000000000e+00
1.869199999999999195e-01
1.493751399883836983e+00
0.000000000000000000e+00
6.826850820394552398e-04
5.770247646558275267e-01
0.000000000000000000e+00
7.476800000000000113e-02
1.502782747894175319e+00
0.000000000000000000e+00
1.737694411769167072e-03
5.744821871748587716e-01
0.000000000000000000e+00
6.542200000000000792e-02
1.622371407630719631e+00
0.000000000000000000e+00
4.051136894197989412e-03
5.656121441661962068e-01
0.000000000000000000e+00
1.308439999999999603e-01
1.843493581692000394e+00
0.000000000000000000e+00
6.148975901620692269e-03
5.543708731478593776e-01
0.000000000000000000e+00
2.803800000000000042e-02
1.896000000000000130e+00
0.000000000000000000e+00
6.581999999999999310e-03
5.514999999999997682e-01
0.000000000000000000e+00
9.346000000000000141e-03
1.998259381549042368e+00
0.000000000000000000e+00
7.555126720302630591e-03
5.445648466598458359e-01
0.000000000000000000e+00
4.673000000000000070e-02
3.281705611893113606e+00
0.000000000000000000e+00
1.908395873218182021e-02
4.423622863663767002e-01
0.000000000000000000e+00
2.056119999999999060e-01
