6.292242163076752770e-02
1.654375646265389063e-02
3.347302952029256734e-02
8.619155398600371332e-03
1.315949467332898359e-02
3.814815380234471125e-04
3.836922512137038902e-05
9.122666366910080584e-05
1.501333585280765516e-05
0.000000000000000000e+00
0.000000000000000000e+00
0.000000000000000000e+00
0.000000000000000000e+00
0.000000000000000000e+00
7.211570000000004643e-02
5.915401000000007625e-02
9.913469999999997145e-03
1.513409700000000087e-02
4.263080000000002423e-04
4.685780000000000392e-05
1.251491200000000802e-04
2.420487309999998004e-05
0.000000000000000000e+00
0.000000000000000000e+00
0.000000000000000000e+00
0.000000000000000000e+00
0.000000000000000000e+00
0.000000000000000000e+00
1.474917609161767174e-01
3.527827423392819461e-02
4.104131798546654941e-02
1.819445637812734965e-03
2.233724424114999876e-04
6.330833574089912881e-04
1.298915717404955307e-04
8.358260794318409595e-08
0.000000000000000000e+00
0.000000000000000000e+00
0.000000000000000000e+00
0.000000000000000000e+00
0.000000000000000000e+00
0.000000000000000000e+00
1.996930691741425068e-01
1.330975839902803215e-01
6.246195808076999804e-03
7.915744842903584336e-04
2.275595978763995681e-03
4.715830048750779087e-04
6.829824861604744784e-07
2.522644370062562969e-14
0.000000000000000000e+00
0.000000000000000000e+00
0.000000000000000000e+00
0.000000000000000000e+00
0.000000000000000000e+00
0.000000000000000000e+00
4.200654951823823424e-01
7.012853613908523465e-02
8.524159633227751387e-03
2.476264553573381821e-02
5.194149517362556777e-03
6.951485905185043949e-06
8.210176664615367978e-07
0.000000000000000000e+00
0.000000000000000000e+00
0.000000000000000000e+00
0.000000000000000000e+00
0.000000000000000000e+00
0.000000000000000000e+00
0.000000000000000000e+00
4.330651618201892261e-01
8.834399687814048496e-02
2.125279022992056510e-01
4.463230556827104539e-02
5.810126382233248834e-05
9.002259127169613101e-06
0.000000000000000000e+00
0.000000000000000000e+00
0.000000000000000000e+00
0.000000000000000000e+00
0.000000000000000000e+00
0.000000000000000000e+00
0.000000000000000000e+00
0.000000000000000000e+00
2.858439999999999315e-01
4.831674000000002467e-01
8.756353800000002408e-02
1.140035899999999999e-04
1.774137099999999653e-05
0.000000000000000000e+00
0.000000000000000000e+00
0.000000000000000000e+00
0.000000000000000000e+00
0.000000000000000000e+00
0.000000000000000000e+00
0.000000000000000000e+00
0.000000000000000000e+00
0.000000000000000000e+00
5.836922202668609616e-01
2.940890297515226237e-01
3.703447620790533898e-04
5.704077180356176470e-05
8.193054860499263779e-07
0.000000000000000000e+00
0.000000000000000000e+00
0.000000000000000000e+00
0.000000000000000000e+00
0.000000000000000000e+00
0.000000000000000000e+00
0.000000000000000000e+00
0.000000000000000000e+00
0.000000000000000000e+00
8.050832761205325427e-01
7.385303849625589334e-02
1.040638905704659167e-02
1.629410629399248892e-04
1.670481718209583711e-05
0.000000000000000000e+00
0.000000000000000000e+00
0.000000000000000000e+00
0.000000000000000000e+00
0.000000000000000000e+00
0.000000000000000000e+00
0.000000000000000000e+00
0.000000000000000000e+00
8.865739262373625894e-05
6.313572689392753512e-01
2.550012046164917279e-01
1.567180771929319125e-03
5.865977257142697328e-05
0.000000000000000000e+00
0.000000000000000000e+00
0.000000000000000000e+00
0.000000000000000000e+00
0.000000000000000000e+00
0.000000000000000000e+00
0.000000000000000000e+00
0.000000000000000000e+00
0.000000000000000000e+00
2.660344419383074092e-03
1.331169088355196317e+00
3.982868453521637431e-02
1.063599688438159920e-03
0.000000000000000000e+00
0.000000000000000000e+00
0.000000000000000000e+00
0.000000000000000000e+00
0.000000000000000000e+00
0.000000000000000000e+00
0.000000000000000000e+00
0.000000000000000000e+00
0.000000000000000000e+00
1.727850906774392511e-05
1.905579146478984631e+00
1.399871057034940636e+00
4.994808203420667697e-02
0.000000000000000000e+00
0.000000000000000000e+00
0.000000000000000000e+00
0.000000000000000000e+00
0.000000000000000000e+00
0.000000000000000000e+00
0.000000000000000000e+00
0.000000000000000000e+00
0.000000000000000000e+00
5.082308254451837809e-05
4.077767847733431594e+00
4.166795647886087473e+00
8.264661020619390452e-01
3.150020635573540922e-02
2.365482939492949410e-02
4.545897595493955667e-02
6.084253356646251998e-03
8.081967771717874296e-03
4.071539076278443518e-04
5.175663627023057822e-05
1.495241058911933021e-04
3.116312738890010092e-05
0.000000000000000000e+00
0.000000000000000000e+00
0.000000000000000000e+00
0.000000000000000000e+00
0.000000000000000000e+00
3.573630000000000556e-02
8.754130000000004408e-02
8.262680000000001412e-03
1.171893099999999320e-02
6.633930000000002941e-04
8.540630000000000931e-05
2.484586000000001084e-04
5.223891600000007046e-05
0.000000000000000000e+00
0.000000000000000000e+00
0.000000000000000000e+00
0.000000000000000000e+00
0.000000000000000000e+00
0.000000000000000000e+00
1.381361183960660988e-01
5.010197694852126099e-02
5.990378039271734845e-02
3.389915723011188101e-03
4.364146005112278068e-04
1.269573343011691502e-03
2.668387459876671829e-04
1.559810188347812358e-07
0.000000000000000000e+00
0.000000000000000000e+00
0.000000000000000000e+00
0.000000000000000000e+00
0.000000000000000000e+00
0.000000000000000000e+00
1.612975074657131691e-01
2.544853793752279159e-01
1.320165575348409941e-02
1.699597278741264835e-03
4.944342452948914494e-03
1.038381060741959102e-03
1.508217751234977458e-06
0.000000000000000000e+00
0.000000000000000000e+00
0.000000000000000000e+00
0.000000000000000000e+00
0.000000000000000000e+00
0.000000000000000000e+00
0.000000000000000000e+00
5.268063582541341328e-01
1.509093013652621218e-01
1.892081505891885299e-02
5.504469847974987479e-02
1.156043762824993971e-02
1.545695818687647764e-05
1.843583077448424258e-06
0.000000000000000000e+00
0.000000000000000000e+00
0.000000000000000000e+00
0.000000000000000000e+00
0.000000000000000000e+00
0.000000000000000000e+00
0.000000000000000000e+00
5.246419701587363704e-01
1.726245194487492918e-01
4.595980793735546244e-01
9.652504157155770981e-02
1.256726136444764452e-04
1.947229919162976987e-05
0.000000000000000000e+00
0.000000000000000000e+00
0.000000000000000000e+00
0.000000000000000000e+00
0.000000000000000000e+00
0.000000000000000000e+00
0.000000000000000000e+00
0.000000000000000000e+00
2.062180000000000124e-01
9.599990000000001578e-01
1.886374054000002354e-01
2.455987300000002024e-04
3.822033699999997138e-05
0.000000000000000000e+00
0.000000000000000000e+00
0.000000000000000000e+00
0.000000000000000000e+00
0.000000000000000000e+00
0.000000000000000000e+00
0.000000000000000000e+00
0.000000000000000000e+00
0.000000000000000000e+00
8.054182458624287166e-01
6.256965812776640323e-01
8.032819828045464948e-04
1.237015361186458292e-04
1.799653934522392616e-06
0.000000000000000000e+00
0.000000000000000000e+00
0.000000000000000000e+00
0.000000000000000000e+00
0.000000000000000000e+00
0.000000000000000000e+00
0.000000000000000000e+00
0.000000000000000000e+00
0.000000000000000000e+00
1.276853073856629273e+00
1.844458676934812302e-01
2.776781865434829397e-02
6.477169456450141208e-04
7.797855996846877471e-05
0.000000000000000000e+00
0.000000000000000000e+00
0.000000000000000000e+00
0.000000000000000000e+00
0.000000000000000000e+00
0.000000000000000000e+00
0.000000000000000000e+00
0.000000000000000000e+00
0.000000000000000000e+00
1.008100462294215793e+00
5.434776982193288974e-01
3.434137268695165376e-03
1.284588266815198110e-04
0.000000000000000000e+00
0.000000000000000000e+00
0.000000000000000000e+00
0.000000000000000000e+00
0.000000000000000000e+00
0.000000000000000000e+00
0.000000000000000000e+00
0.000000000000000000e+00
0.000000000000000000e+00
1.600997540929397574e-04
2.840101863936067783e+00
1.908444674654414253e-01
2.820772195964320328e-03
0.000000000000000000e+00
0.000000000000000000e+00
0.000000000000000000e+00
0.000000000000000000e+00
0.000000000000000000e+00
0.000000000000000000e+00
0.000000000000000000e+00
0.000000000000000000e+00
0.000000000000000000e+00
5.005745310123001758e-09
1.938034074340585500e+00
2.978004712466931991e+00
9.728804710776244036e-02
0.000000000000000000e+00
0.000000000000000000e+00
0.000000000000000000e+00
0.000000000000000000e+00
0.000000000000000000e+00
0.000000000000000000e+00
0.000000000000000000e+00
0.000000000000000000e+00
0.000000000000000000e+00
1.122193737904834332e-08
1.748333387456759702e+00
6.122695135241933428e+00
1.569273207737622355e+00
