1.413616236154562888e-01
2.392781529666842405e-02
1.036021028184866584e-02
4.510841682254790541e+00
4.203315271447503366e-03
2.531399999999999970e-02
1.630000000000000893e-01
1.381000000000000630e-02
6.038000000000000832e-03
3.994000000000000661e+00
1.043000000000000178e-05
4.078999999999999987e-02
2.306462766767891637e-01
9.400171715381632973e-03
4.045677725783393582e-03
2.576558500848020739e+00
0.000000000000000000e+00
6.199100000000000721e-01
3.439761584055177623e-01
1.067795829880201957e-03
1.438856412489157273e-03
1.604671868197098394e+00
0.000000000000000000e+00
1.437999999999999834e-01
5.303007813573282769e-01
1.051018332644799861e-03
1.626999623989059274e-03
1.118122725406050622e+00
0.000000000000000000e+00
1.655899999999999872e-01
7.826058476490747040e-01
1.508060196413864209e-03
3.962398434016575072e-03
7.837683643023127811e-01
0.000000000000000000e+00
3.563100000000000468e-03
8.616999999999995774e-01
1.815999999999999906e-03
5.007000000000001033e-03
7.035999999999996701e-01
0.000000000000000000e+00
3.210999999999999987e-04
8.855530616810474154e-01
2.738639995329091460e-03
7.344979919097923381e-03
7.036219689391582932e-01
0.000000000000000000e+00
6.557400000000001422e-04
9.240392354766326921e-01
1.742965418922314338e-02
3.447056077537215268e-02
5.390291642806381844e-01
0.000000000000000000e+00
5.129766199999999106e-05
9.100232013529080399e-01
2.963056634750434529e-02
2.195122336790087531e-02
6.474413806769926394e-01
0.000000000000000000e+00
2.843759999999999701e-09
1.484709245381668596e+00
1.839814239546173347e-01
1.098972833281573469e-01
3.292058198200968344e-01
0.000000000000000000e+00
1.483813000000000354e-10
3.703995926652495108e+00
5.692167794688627325e-01
3.481611658702025713e-01
1.002545377816536354e-01
0.000000000000000000e+00
4.930800000000000558e-13
9.773053949375533733e+00
1.005409463236609069e+00
7.018068159040581344e-01
3.582684906874541997e-02
0.000000000000000000e+00
6.088599999999999579e-15
1.189923659765760589e-01
0.000000000000000000e+00
3.552922861219349766e-03
6.311437706180011098e+00
0.000000000000000000e+00
1.869200000000000028e-02
1.460000000000000742e-01
0.000000000000000000e+00
1.658000000000001486e-03
5.415000000000000924e+00
0.000000000000000000e+00
9.346000000000000141e-03
2.536906670818923626e-01
0.000000000000000000e+00
1.841159339689084188e-04
3.072219397715728384e+00
0.000000000000000000e+00
5.607600000000000084e-02
4.366719701259991759e-01
0.000000000000000000e+00
6.173016328167212732e-06
1.597178533050234828e+00
0.000000000000000000e+00
1.869200000000000028e-02
7.631880534135805361e-01
0.000000000000000000e+00
8.218096236451216609e-06
1.049382953981017996e+00
0.000000000000000000e+00
9.345999999999998753e-02
1.253519763447809243e+00
0.000000000000000000e+00
1.757898052615936463e-05
6.700677647533068715e-01
0.000000000000000000e+00
3.738400000000000056e-02
1.355000000000000204e+00
0.000000000000000000e+00
2.486000000000002626e-05
6.271000000000002128e-01
0.000000000000000000e+00
9.346000000000000141e-03
1.432018809409428606e+00
0.000000000000000000e+00
4.431203112641003499e-05
5.986892456285182185e-01
0.000000000000000000e+00
6.542200000000000792e-02
1.490367250149833733e+00
0.000000000000000000e+00
5.275683972220369077e-04
5.782614673322052923e-01
0.000000000000000000e+00
2.429959999999998788e-01
1.558218688852976985e+00
0.000000000000000000e+00
3.103337110472561070e-03
5.696812160414578274e-01
0.000000000000000000e+00
1.214979999999999671e-01
3.050355758099221770e+00
0.000000000000000000e+00
1.642099808940152353e-02
4.622550950931080815e-01
0.000000000000000000e+00
2.710339999999999416e-01
5.053919652983238642e+00
0.000000000000000000e+00
4.039758908637661183e-02
2.824797426467864914e-01
0.000000000000000000e+00
3.738400000000000056e-02
9.559248437094225892e+00
0.000000000000000000e+00
1.192754819324765708e-01
1.119720954348281672e-01
0.000000000000000000e+00
1.869200000000000028e-02
