1.413616236154562888e-01
2.392781529666842405e-02
1.036021028184866584e-02
4.510841682254790541e+00
4.203315271447503366e-03
2.531399999999999970e-02
1.929159806404000810e-01
1.260188774488957796e-02
5.084644736609501836e-03
3.168242548934542491e+00
1.290749752155442657e-06
3.272999999999999798e-01
2.332886711144113723e-01
9.424067487998691317e-03
4.163731932254728652e-03
2.419533643135720613e+00
0.000000000000000000e+00
2.358999999999999986e-01
3.337724113608045440e-01
1.557732660992718066e-03
1.540629956584113960e-03
1.569895859711239794e+00
0.000000000000000000e+00
1.779100000000000126e-01
4.181276427578914934e-01
9.450540830237772741e-04
1.339779222366770540e-03
1.448385798403854174e+00
0.000000000000000000e+00
1.731699999999999906e-01
4.997666392157214532e-01
1.025040604589598069e-03
1.472190397759203786e-03
1.095611754794182602e+00
0.000000000000000000e+00
3.116999999999999979e-02
6.109674411238708025e-01
1.154703930848752658e-03
1.920609854487685024e-03
9.577382820671072050e-01
0.000000000000000000e+00
2.256500000000000172e-02
7.427243486172165898e-01
1.381864641521891608e-03
3.301024445472881298e-03
8.169364190255360425e-01
0.000000000000000000e+00
4.492099999999999739e-03
8.059082094328513524e-01
1.629793347278708218e-03
4.384452228598576320e-03
7.683384996960916924e-01
0.000000000000000000e+00
1.145999999999999883e-03
8.672568904017874392e-01
2.167492290481340400e-03
6.116424459705456507e-03
7.159761505689383743e-01
0.000000000000000000e+00
8.700399999999999844e-04
8.831999999999997630e-01
3.040000000000000167e-03
7.583000000000000330e-03
7.141999999999997240e-01
0.000000000000000000e+00
4.945000000000000258e-05
9.079537303258780057e-01
6.501267385968362983e-03
1.381850710343799499e-02
6.140910409737181386e-01
0.000000000000000000e+00
1.068945999999999980e-04
9.433015839787383117e-01
1.543265087780326325e-02
3.015325805481806204e-02
3.821250690335127320e-01
0.000000000000000000e+00
1.363799999999999970e-06
9.345200679577466696e-01
2.735520341820980514e-02
5.360799609504399849e-02
5.394728803566933850e-01
0.000000000000000000e+00
3.892620000000000349e-07
8.766999999999998128e-01
2.370999999999999497e-02
2.089999999999999497e-02
7.131999999999996120e-01
0.000000000000000000e+00
9.363999999999999924e-10
8.729000000000001203e-01
1.064999999999999801e-02
1.106000000000000039e-02
7.124999999999999112e-01
0.000000000000000000e+00
6.435000000000000009e-10
8.946397491509232580e-01
1.822455830238947985e-02
1.678204733574265028e-02
6.689812007857847131e-01
0.000000000000000000e+00
9.537600000000000234e-10
1.201870491474897662e+00
1.199633812247579701e-01
7.281806461229792249e-02
4.220938112087265215e-01
0.000000000000000000e+00
4.495179999999998430e-10
1.769377065603881194e+00
2.480686275139740993e-01
1.462057681533199816e-01
2.409283741936431855e-01
0.000000000000000000e+00
7.533499999999999757e-12
2.691949714309026298e+00
4.152335669923797323e-01
2.476145888794314409e-01
1.450674716435748912e-01
0.000000000000000000e+00
1.827699999999999977e-12
5.192404438553228196e+00
7.363320736550558188e-01
4.667897389433778854e-01
7.003172688332102991e-02
0.000000000000000000e+00
1.012685999999999937e-13
1.189923659765760589e-01
0.000000000000000000e+00
3.552922861219349766e-03
6.311437706180011098e+00
0.000000000000000000e+00
1.869200000000000028e-02
1.930756123048054107e-01
0.000000000000000000e+00
5.678627922308725163e-04
4.026832236786074048e+00
0.000000000000000000e+00
3.738400000000000056e-02
2.742742929295604593e-01
0.000000000000000000e+00
5.749542233044291313e-06
2.648249725827124923e+00
0.000000000000000000e+00
1.869200000000000028e-02
4.095542794127659536e-01
0.000000000000000000e+00
5.730969263008733597e-06
1.604287727808634934e+00
0.000000000000000000e+00
1.869200000000000028e-02
5.461965072824129797e-01
0.000000000000000000e+00
8.410277160401326667e-06
1.421356497192183266e+00
0.000000000000000000e+00
3.738400000000000056e-02
7.156241403346413898e-01
0.000000000000000000e+00
5.631339180550711192e-06
1.023243417135153210e+00
0.000000000000000000e+00
1.869200000000000028e-02
9.319325561499277599e-01
0.000000000000000000e+00
7.800903648320467958e-06
8.545329179286941246e-01
0.000000000000000000e+00
3.738400000000000056e-02
1.176024239718015840e+00
0.000000000000000000e+00
1.368138091540566304e-05
7.061091829576399137e-01
0.000000000000000000e+00
2.803800000000000042e-02
1.303218068774275817e+00
0.000000000000000000e+00
2.050236122587780380e-05
6.480649411920255121e-01
0.000000000000000000e+00
1.869200000000000028e-02
1.400487752144607301e+00
0.000000000000000000e+00
3.335354230711788361e-05
6.100897794705983923e-01
0.000000000000000000e+00
4.673000000000000070e-02
1.450000000000000178e+00
0.000000000000000000e+00
4.911999999999999049e-05
5.920999999999998487e-01
0.000000000000000000e+00
9.346000000000000141e-03
1.480008663610262731e+00
0.000000000000000000e+00
1.148539317939169881e-04
5.819970244927376024e-01
0.000000000000000000e+00
1.028059999999999807e-01
1.491500762884011344e+00
0.000000000000000000e+00
2.756666263290076871e-04
5.780998711375497923e-01
0.000000000000000000e+00
3.738400000000000056e-02
1.494614994422299503e+00
0.000000000000000000e+00
8.797284452327970052e-04
5.766081048116115104e-01
0.000000000000000000e+00
1.214979999999999671e-01
1.497000000000000552e+00
0.000000000000000000e+00
1.897000000000000899e-03
5.741000000000001657e-01
0.000000000000000000e+00
9.346000000000000141e-03
1.509999999999999787e+00
0.000000000000000000e+00
2.149999999999999568e-03
5.732000000000000428e-01
0.000000000000000000e+00
9.346000000000000141e-03
1.539194242776164678e+00
0.000000000000000000e+00
2.778390875985822014e-03
5.712012201621722296e-01
0.000000000000000000e+00
4.673000000000000070e-02
2.222371580817954051e+00
0.000000000000000000e+00
9.458746902493252520e-03
5.279859801226561844e-01
0.000000000000000000e+00
2.429959999999998788e-01
2.979928748304720987e+00
0.000000000000000000e+00
1.573173106126710824e-02
4.689467778873125936e-01
0.000000000000000000e+00
5.607600000000000084e-02
4.144201700231186614e+00
0.000000000000000000e+00
2.685466591477727108e-02
3.680569065996920353e-01
0.000000000000000000e+00
4.673000000000000070e-02
6.169040939772288290e+00
0.000000000000000000e+00
6.103717504959706164e-02
2.050596328406110169e-01
0.000000000000000000e+00
3.738400000000000056e-02
