6.292242163076752770e-02
3.453486746824280251e-02
1.051755599428457269e-02
9.549386199857588797e-03
1.213767861657502611e-02
2.711793792156269069e-03
2.136488705443523230e-03
4.603009117381102696e-04
1.288459046013800129e-04
1.110455062774127252e-04
7.999176256077684624e-06
2.406263831784923840e-05
9.562648865295528790e-07
5.456389054097487001e-07
0.000000000000000000e+00
0.000000000000000000e+00
0.000000000000000000e+00
0.000000000000000000e+00
0.000000000000000000e+00
0.000000000000000000e+00
0.000000000000000000e+00
0.000000000000000000e+00
1.091620287815902868e-01
2.795125136469816043e-02
1.786517656143716062e-02
2.193495747268762661e-02
4.961871805515062281e-03
4.155789689464961696e-03
1.021953198468835474e-03
3.218866035636196166e-04
3.275593216324400813e-04
2.775586693333630077e-05
8.975900737886465561e-05
3.814806875541291261e-06
2.206153570015581249e-06
5.065291721096943828e-15
2.723647592110388336e-15
2.016457509621441121e-15
0.000000000000000000e+00
0.000000000000000000e+00
0.000000000000000000e+00
0.000000000000000000e+00
0.000000000000000000e+00
0.000000000000000000e+00
1.161572498652228003e-01
5.107990003771421123e-02
4.088439130595011156e-02
8.917227657668844523e-03
8.022459419654071056e-03
2.229116917500861481e-03
7.502813315416636923e-04
8.023230707438470553e-04
6.994980949272909120e-05
2.289970774450808555e-04
9.832559926954270916e-06
5.656701301155693064e-06
4.704314165375415865e-08
5.219913114756492644e-14
0.000000000000000000e+00
0.000000000000000000e+00
0.000000000000000000e+00
0.000000000000000000e+00
0.000000000000000000e+00
0.000000000000000000e+00
0.000000000000000000e+00
0.000000000000000000e+00
1.877013110704849885e-01
1.023201440969860182e-01
1.734878818716986335e-02
1.627677129141198720e-02
4.645033100052680351e-03
1.593022397531341757e-03
1.713527820906013150e-03
1.497714664598764076e-04
4.904475045050930588e-04
2.104063007145453239e-05
1.176145907418546501e-05
1.946332448930068035e-07
1.989951376734970293e-07
5.897131397175008797e-08
0.000000000000000000e+00
0.000000000000000000e+00
0.000000000000000000e+00
0.000000000000000000e+00
0.000000000000000000e+00
0.000000000000000000e+00
0.000000000000000000e+00
0.000000000000000000e+00
2.833783597187060632e-01
6.300510902604226915e-02
4.452730464682273792e-02
1.368898028885063081e-02
4.809861827558247101e-03
5.279131857280749268e-03
4.680969014217158477e-04
1.541766081769081059e-03
6.652361177976232032e-05
3.721278303750788339e-05
3.321387038055028839e-07
2.584904101978276539e-07
6.922053863687443263e-07
1.878147625376325125e-07
0.000000000000000000e+00
0.000000000000000000e+00
0.000000000000000000e+00
0.000000000000000000e+00
0.000000000000000000e+00
0.000000000000000000e+00
0.000000000000000000e+00
0.000000000000000000e+00
2.515159136770090953e-01
1.677389042110498940e-01
4.171387924300024030e-02
1.468758804276756522e-02
1.615282010821412692e-02
1.434663300916262912e-03
4.728270302969270894e-03
2.041162245916050338e-04
1.141845042380067936e-04
1.018727788517169823e-06
7.935867559064452499e-07
1.474221214674624776e-06
1.275146297001757799e-06
0.000000000000000000e+00
0.000000000000000000e+00
0.000000000000000000e+00
0.000000000000000000e+00
0.000000000000000000e+00
0.000000000000000000e+00
0.000000000000000000e+00
0.000000000000000000e+00
0.000000000000000000e+00
3.588254689615991699e-01
1.387000704313873511e-01
4.402488853496139970e-02
4.816918339232371254e-02
4.278440487237862577e-03
1.410063919682166475e-02
6.087198339920992006e-04
3.405255280865637324e-04
3.038507402727103419e-06
2.366104903269027183e-06
4.395952853314475274e-06
3.868038367833711671e-06
0.000000000000000000e+00
0.000000000000000000e+00
0.000000000000000000e+00
0.000000000000000000e+00
0.000000000000000000e+00
0.000000000000000000e+00
0.000000000000000000e+00
0.000000000000000000e+00
0.000000000000000000e+00
0.000000000000000000e+00
3.763550522455128000e-01
1.548539895132418631e-01
1.486197140999547250e-01
1.318678309431422710e-02
4.343872174723169971e-02
1.874418593244112780e-03
1.048536692749301585e-03
9.355735480327972864e-06
7.286488223282950277e-06
1.353556404387252499e-05
1.203129583908184811e-05
4.869829234995031466e-09
0.000000000000000000e+00
0.000000000000000000e+00
0.000000000000000000e+00
0.000000000000000000e+00
0.000000000000000000e+00
0.000000000000000000e+00
0.000000000000000000e+00
0.000000000000000000e+00
0.000000000000000000e+00
0.000000000000000000e+00
3.397896874957232471e-01
3.386366404043265610e-01
2.722790076386478325e-02
8.973813890439825969e-02
3.874063920071278786e-03
2.167191008673549028e-03
1.933852716583770264e-05
1.505934047315874470e-05
2.797613690642153055e-05
2.314639223102988702e-05
1.805411026565534975e-06
0.000000000000000000e+00
0.000000000000000000e+00
0.000000000000000000e+00
0.000000000000000000e+00
0.000000000000000000e+00
0.000000000000000000e+00
0.000000000000000000e+00
0.000000000000000000e+00
0.000000000000000000e+00
0.000000000000000000e+00
0.000000000000000000e+00
5.116150877182993328e-01
8.693115573146512065e-02
2.458013223668299996e-01
1.061136780339417586e-02
5.936120772927487230e-03
5.296680953637706164e-05
4.124828120061222256e-05
7.663006555770396269e-05
6.340264851667193715e-05
3.814733492772717693e-06
1.287443751634097699e-06
0.000000000000000000e+00
0.000000000000000000e+00
0.000000000000000000e+00
0.000000000000000000e+00
0.000000000000000000e+00
0.000000000000000000e+00
0.000000000000000000e+00
0.000000000000000000e+00
0.000000000000000000e+00
0.000000000000000000e+00
0.000000000000000000e+00
2.669730000000000714e-01
5.738604099999997654e-01
2.200783999999999380e-02
1.231143199999998675e-02
1.098519999999999911e-04
8.554829999999998187e-05
1.589314000000000959e-04
1.314905500000000010e-04
6.928084999999988573e-06
3.761779000000000614e-06
0.000000000000000000e+00
0.000000000000000000e+00
0.000000000000000000e+00
0.000000000000000000e+00
0.000000000000000000e+00
0.000000000000000000e+00
0.000000000000000000e+00
0.000000000000000000e+00
0.000000000000000000e+00
0.000000000000000000e+00
0.000000000000000000e+00
0.000000000000000000e+00
6.774460065918882501e-01
1.389648895173568321e-01
7.469251985057792642e-02
6.664663180551040622e-04
5.190180335706463680e-04
9.642135854599985208e-04
7.977623363831963998e-04
4.203190022371431679e-05
1.916280475065945942e-05
4.201909905218148455e-06
0.000000000000000000e+00
0.000000000000000000e+00
0.000000000000000000e+00
0.000000000000000000e+00
0.000000000000000000e+00
0.000000000000000000e+00
0.000000000000000000e+00
0.000000000000000000e+00
0.000000000000000000e+00
0.000000000000000000e+00
0.000000000000000000e+00
0.000000000000000000e+00
4.927979303306572745e-01
4.046953497713468018e-01
3.456850028875906467e-03
2.692063966066811365e-03
5.001214654779932017e-03
4.137849532376859478e-03
2.180107681552095064e-04
9.796472699845313616e-05
2.368232269074130986e-05
0.000000000000000000e+00
0.000000000000000000e+00
0.000000000000000000e+00
0.000000000000000000e+00
0.000000000000000000e+00
0.000000000000000000e+00
0.000000000000000000e+00
0.000000000000000000e+00
0.000000000000000000e+00
0.000000000000000000e+00
0.000000000000000000e+00
0.000000000000000000e+00
0.000000000000000000e+00
6.987685586144447569e-01
4.417143066586193267e-02
3.082692507205293114e-02
5.725538690213020920e-02
4.684286020248353694e-02
2.046226967904707719e-03
7.747200352069702695e-04
1.547651168539386751e-04
0.000000000000000000e+00
0.000000000000000000e+00
0.000000000000000000e+00
0.000000000000000000e+00
0.000000000000000000e+00
0.000000000000000000e+00
0.000000000000000000e+00
0.000000000000000000e+00
0.000000000000000000e+00
0.000000000000000000e+00
0.000000000000000000e+00
0.000000000000000000e+00
0.000000000000000000e+00
7.355539999999999171e-04
2.513959999999999528e-01
1.796839999999998994e-01
2.332414000000000431e-01
1.825837099999998714e-01
6.302569999999998659e-03
1.723709000000001003e-03
1.696965500000000753e-04
0.000000000000000000e+00
0.000000000000000000e+00
0.000000000000000000e+00
0.000000000000000000e+00
0.000000000000000000e+00
0.000000000000000000e+00
0.000000000000000000e+00
0.000000000000000000e+00
0.000000000000000000e+00
0.000000000000000000e+00
0.000000000000000000e+00
0.000000000000000000e+00
0.000000000000000000e+00
0.000000000000000000e+00
1.928339999999999959e-03
2.596529999999999672e-01
3.543479999999996632e-01
2.353400899999999740e-01
8.132468999999996340e-03
2.215107999999999921e-03
2.172076900000000847e-04
0.000000000000000000e+00
0.000000000000000000e+00
0.000000000000000000e+00
0.000000000000000000e+00
0.000000000000000000e+00
0.000000000000000000e+00
0.000000000000000000e+00
0.000000000000000000e+00
0.000000000000000000e+00
0.000000000000000000e+00
0.000000000000000000e+00
0.000000000000000000e+00
0.000000000000000000e+00
0.000000000000000000e+00
3.738913134985031290e-08
1.015320372810949974e-03
4.351047112446295162e-01
4.237236271588101233e-01
1.387730575829896132e-02
3.775325250439801657e-03
3.696752946487841859e-04
0.000000000000000000e+00
0.000000000000000000e+00
0.000000000000000000e+00
0.000000000000000000e+00
0.000000000000000000e+00
0.000000000000000000e+00
0.000000000000000000e+00
0.000000000000000000e+00
0.000000000000000000e+00
0.000000000000000000e+00
0.000000000000000000e+00
0.000000000000000000e+00
0.000000000000000000e+00
0.000000000000000000e+00
0.000000000000000000e+00
0.000000000000000000e+00
7.092385133757138490e-04
9.138559941752123494e-01
1.729588177438372565e-01
3.807610998897194288e-02
3.423503087950972509e-03
0.000000000000000000e+00
0.000000000000000000e+00
0.000000000000000000e+00
0.000000000000000000e+00
0.000000000000000000e+00
0.000000000000000000e+00
0.000000000000000000e+00
0.000000000000000000e+00
0.000000000000000000e+00
0.000000000000000000e+00
0.000000000000000000e+00
0.000000000000000000e+00
0.000000000000000000e+00
0.000000000000000000e+00
0.000000000000000000e+00
0.000000000000000000e+00
0.000000000000000000e+00
3.478498380229573250e-01
1.048878532101592098e+00
2.137967739233889997e-01
1.247984010512991244e-02
0.000000000000000000e+00
0.000000000000000000e+00
0.000000000000000000e+00
0.000000000000000000e+00
0.000000000000000000e+00
0.000000000000000000e+00
0.000000000000000000e+00
0.000000000000000000e+00
0.000000000000000000e+00
0.000000000000000000e+00
0.000000000000000000e+00
0.000000000000000000e+00
0.000000000000000000e+00
0.000000000000000000e+00
0.000000000000000000e+00
0.000000000000000000e+00
0.000000000000000000e+00
2.472210662734499187e-01
7.347895190872488769e-01
1.355378344276991553e+00
1.065761564956390767e-01
0.000000000000000000e+00
0.000000000000000000e+00
0.000000000000000000e+00
0.000000000000000000e+00
0.000000000000000000e+00
0.000000000000000000e+00
0.000000000000000000e+00
0.000000000000000000e+00
0.000000000000000000e+00
0.000000000000000000e+00
0.000000000000000000e+00
0.000000000000000000e+00
0.000000000000000000e+00
0.000000000000000000e+00
0.000000000000000000e+00
0.000000000000000000e+00
0.000000000000000000e+00
4.399383657760110311e-01
8.535769871682614696e-01
2.150615315650746595e+00
1.281230413645222166e+00
3.150020635573540922e-02
5.328088757865575426e-02
1.160338403083341179e-02
7.667802668459301405e-03
7.399295370506761733e-03
1.638098805236649436e-03
1.504895816237715673e-03
4.401259051671280241e-04
1.526902107643595817e-04
1.663137265390415126e-04
1.467264798300196006e-05
4.819543927466289070e-05
2.071839706668487343e-06
1.190216046949146822e-06
0.000000000000000000e+00
0.000000000000000000e+00
0.000000000000000000e+00
0.000000000000000000e+00
0.000000000000000000e+00
0.000000000000000000e+00
0.000000000000000000e+00
0.000000000000000000e+00
8.350754447849913220e-02
4.551389135936073638e-02
2.494033301424078072e-02
2.435424977827346446e-02
5.583416305772160096e-03
5.442670854685843079e-03
1.671713429405204338e-03
5.889178941268113270e-04
6.477448600489409299e-04
5.753566685109029509e-05
1.896263020162696899e-04
8.186239954163712363e-06
4.739170507402710947e-06
0.000000000000000000e+00
0.000000000000000000e+00
0.000000000000000000e+00
0.000000000000000000e+00
0.000000000000000000e+00
0.000000000000000000e+00
0.000000000000000000e+00
0.000000000000000000e+00
0.000000000000000000e+00
9.079725276504131692e-02
8.199270698233179777e-02
6.409634291144854223e-02
1.469457445495422725e-02
1.432397657131936203e-02
4.399560317154840861e-03
1.549886973065366016e-03
1.704704505749729234e-03
1.514198375604961595e-04
4.990461030384043661e-04
2.154405093231589289e-05
1.240138177930186099e-05
1.004638668050331188e-07
0.000000000000000000e+00
0.000000000000000000e+00
0.000000000000000000e+00
0.000000000000000000e+00
0.000000000000000000e+00
0.000000000000000000e+00
0.000000000000000000e+00
0.000000000000000000e+00
0.000000000000000000e+00
1.584688734642036301e-01
1.711219975003135108e-01
3.145826542898217532e-02
3.066723014918137577e-02
9.419781707687674421e-03
3.318477144624776796e-03
3.649982406579596345e-03
3.242099776514016738e-04
1.068528085866925128e-03
4.612855656300161449e-05
2.580477018430008354e-05
4.361977219114287261e-07
4.317093820985777745e-07
1.252271864121736172e-07
0.000000000000000000e+00
0.000000000000000000e+00
0.000000000000000000e+00
0.000000000000000000e+00
0.000000000000000000e+00
0.000000000000000000e+00
0.000000000000000000e+00
0.000000000000000000e+00
2.780563613254424249e-01
1.151310071004042757e-01
9.669584699513852910e-02
2.970508876448987520e-02
1.046517148210432055e-02
1.151086506386714801e-02
1.022463514175954782e-03
3.369853113961587474e-03
1.454779666838038629e-04
8.138204900526215674e-05
7.263734606838743009e-07
5.653025996612846745e-07
1.523422507914934186e-06
4.007425930074294946e-07
0.000000000000000000e+00
0.000000000000000000e+00
0.000000000000000000e+00
0.000000000000000000e+00
0.000000000000000000e+00
0.000000000000000000e+00
0.000000000000000000e+00
0.000000000000000000e+00
2.149559590868887204e-01
3.271557331619765474e-01
9.155789002038307312e-02
3.225717041379154437e-02
3.548106550785892765e-02
3.151685557621976361e-03
1.038737971656936154e-02
4.484277579290826083e-04
2.508552382288984912e-04
2.238067138261665229e-06
1.743447166754847494e-06
3.238764226801354845e-06
2.801514169993761744e-06
0.000000000000000000e+00
0.000000000000000000e+00
0.000000000000000000e+00
0.000000000000000000e+00
0.000000000000000000e+00
0.000000000000000000e+00
0.000000000000000000e+00
0.000000000000000000e+00
0.000000000000000000e+00
4.044061542039796286e-01
2.847227831275950805e-01
9.557151695912619038e-02
1.051248561568228351e-01
9.337996506902500327e-03
3.077652567435840494e-02
1.328641798280727742e-03
7.432601530549043985e-04
6.632115445588228395e-06
5.164471304193204345e-06
9.595000337284296751e-06
8.443091398015898838e-06
0.000000000000000000e+00
0.000000000000000000e+00
0.000000000000000000e+00
0.000000000000000000e+00
0.000000000000000000e+00
0.000000000000000000e+00
0.000000000000000000e+00
0.000000000000000000e+00
0.000000000000000000e+00
0.000000000000000000e+00
4.158491969885554917e-01
3.110465331108051568e-01
3.206318062203393771e-01
2.848126168399730401e-02
9.386961186893405529e-02
4.052412682199538208e-03
2.266964858780506995e-03
2.022759144011305896e-05
1.575375350660396790e-05
2.926463119883560311e-05
2.601234415549248628e-05
1.053524578409088025e-08
0.000000000000000000e+00
0.000000000000000000e+00
0.000000000000000000e+00
0.000000000000000000e+00
0.000000000000000000e+00
0.000000000000000000e+00
0.000000000000000000e+00
0.000000000000000000e+00
0.000000000000000000e+00
0.000000000000000000e+00
3.460184797742821283e-01
6.915681634826783553e-01
5.872741260983451589e-02
1.935561021608008248e-01
8.355969463186818311e-03
4.674414632038567316e-03
4.171116725750014821e-05
3.248149616569514147e-05
6.034170107494715029e-05
4.992437536687194239e-05
3.894339109149137535e-06
0.000000000000000000e+00
0.000000000000000000e+00
0.000000000000000000e+00
0.000000000000000000e+00
0.000000000000000000e+00
0.000000000000000000e+00
0.000000000000000000e+00
0.000000000000000000e+00
0.000000000000000000e+00
0.000000000000000000e+00
0.000000000000000000e+00
6.601622077025641744e-01
1.732214663133019306e-01
5.309415643686419273e-01
2.292110086235935040e-02
1.282232381453632560e-02
1.144111326827274076e-04
8.909844141061605961e-05
1.655250236154965737e-04
1.369530352485939621e-04
8.224475054110681077e-06
2.797342934560957716e-06
0.000000000000000000e+00
0.000000000000000000e+00
0.000000000000000000e+00
0.000000000000000000e+00
0.000000000000000000e+00
0.000000000000000000e+00
0.000000000000000000e+00
0.000000000000000000e+00
0.000000000000000000e+00
0.000000000000000000e+00
0.000000000000000000e+00
2.180719999999999326e-01
1.157398699999998337e+00
4.729084000000001453e-02
2.645500499999996896e-02
2.360509999999999800e-04
1.838280000000000296e-04
3.415144000000000383e-04
2.825489000000005026e-04
1.488718999999999968e-05
8.083360000000003529e-06
0.000000000000000000e+00
0.000000000000000000e+00
0.000000000000000000e+00
0.000000000000000000e+00
0.000000000000000000e+00
0.000000000000000000e+00
0.000000000000000000e+00
0.000000000000000000e+00
0.000000000000000000e+00
0.000000000000000000e+00
0.000000000000000000e+00
0.000000000000000000e+00
1.011644971286294048e+00
2.980601873556033010e-01
1.635768136205654200e-01
1.459563444093372846e-03
1.136650100671661662e-03
2.111628197807233209e-03
1.747100828399507106e-03
9.204994652934047413e-05
4.193245940607267028e-05
9.241511123354862928e-06
0.000000000000000000e+00
0.000000000000000000e+00
0.000000000000000000e+00
0.000000000000000000e+00
0.000000000000000000e+00
0.000000000000000000e+00
0.000000000000000000e+00
0.000000000000000000e+00
0.000000000000000000e+00
0.000000000000000000e+00
0.000000000000000000e+00
0.000000000000000000e+00
6.138812031557578930e-01
8.437423933187718772e-01
7.390340024017033604e-03
5.755305236518572579e-03
1.069199696005477575e-02
8.846225634508883898e-03
4.660810748873262378e-04
2.094368327850548565e-04
5.063169010070828489e-05
0.000000000000000000e+00
0.000000000000000000e+00
0.000000000000000000e+00
0.000000000000000000e+00
0.000000000000000000e+00
0.000000000000000000e+00
0.000000000000000000e+00
0.000000000000000000e+00
0.000000000000000000e+00
0.000000000000000000e+00
0.000000000000000000e+00
0.000000000000000000e+00
0.000000000000000000e+00
1.084835955409791941e+00
9.415936754478572424e-02
6.960611066011571091e-02
1.293107876527335720e-01
1.069877731809115856e-01
5.636902151461926393e-03
2.532888343322006741e-03
6.149794999432410840e-04
0.000000000000000000e+00
0.000000000000000000e+00
0.000000000000000000e+00
0.000000000000000000e+00
0.000000000000000000e+00
0.000000000000000000e+00
0.000000000000000000e+00
0.000000000000000000e+00
0.000000000000000000e+00
0.000000000000000000e+00
0.000000000000000000e+00
0.000000000000000000e+00
0.000000000000000000e+00
0.000000000000000000e+00
2.720840000000001591e-01
3.253220000000000001e-01
4.906408999999998244e-01
3.893139300000002523e-01
1.371729000000000698e-02
3.769284000000000349e-03
3.718973099999997849e-04
0.000000000000000000e+00
0.000000000000000000e+00
0.000000000000000000e+00
0.000000000000000000e+00
0.000000000000000000e+00
0.000000000000000000e+00
0.000000000000000000e+00
0.000000000000000000e+00
0.000000000000000000e+00
0.000000000000000000e+00
0.000000000000000000e+00
0.000000000000000000e+00
0.000000000000000000e+00
0.000000000000000000e+00
8.953630000000000399e-04
2.853589999999999738e-01
6.944624000000005903e-01
5.038068600000001895e-01
1.778917000000001039e-02
4.864889000000000713e-03
4.777909899999999654e-04
0.000000000000000000e+00
0.000000000000000000e+00
0.000000000000000000e+00
0.000000000000000000e+00
0.000000000000000000e+00
0.000000000000000000e+00
0.000000000000000000e+00
0.000000000000000000e+00
0.000000000000000000e+00
0.000000000000000000e+00
0.000000000000000000e+00
0.000000000000000000e+00
0.000000000000000000e+00
0.000000000000000000e+00
0.000000000000000000e+00
4.591977792684582486e-04
6.101418566347572847e-01
8.864135607811267636e-01
3.033124971721615562e-02
8.287477363691581750e-03
8.120687845457080127e-04
0.000000000000000000e+00
0.000000000000000000e+00
0.000000000000000000e+00
0.000000000000000000e+00
0.000000000000000000e+00
0.000000000000000000e+00
0.000000000000000000e+00
0.000000000000000000e+00
0.000000000000000000e+00
0.000000000000000000e+00
0.000000000000000000e+00
0.000000000000000000e+00
0.000000000000000000e+00
0.000000000000000000e+00
0.000000000000000000e+00
0.000000000000000000e+00
1.364006129033954438e-04
1.478191612718369852e+00
6.040014725236897419e-01
1.201200076366156083e-01
1.035497946560767941e-02
0.000000000000000000e+00
0.000000000000000000e+00
0.000000000000000000e+00
0.000000000000000000e+00
0.000000000000000000e+00
0.000000000000000000e+00
0.000000000000000000e+00
0.000000000000000000e+00
0.000000000000000000e+00
0.000000000000000000e+00
0.000000000000000000e+00
0.000000000000000000e+00
0.000000000000000000e+00
0.000000000000000000e+00
0.000000000000000000e+00
0.000000000000000000e+00
0.000000000000000000e+00
2.330583441803641964e-01
2.209701520915642092e+00
5.020340593958417807e-01
1.941942497421285732e-02
0.000000000000000000e+00
0.000000000000000000e+00
0.000000000000000000e+00
0.000000000000000000e+00
0.000000000000000000e+00
0.000000000000000000e+00
0.000000000000000000e+00
0.000000000000000000e+00
0.000000000000000000e+00
0.000000000000000000e+00
0.000000000000000000e+00
0.000000000000000000e+00
0.000000000000000000e+00
0.000000000000000000e+00
0.000000000000000000e+00
0.000000000000000000e+00
0.000000000000000000e+00
7.473514001446890376e-02
8.467995343554456378e-01
2.978408720477916383e+00
2.174107812011154550e-01
0.000000000000000000e+00
0.000000000000000000e+00
0.000000000000000000e+00
0.000000000000000000e+00
0.000000000000000000e+00
0.000000000000000000e+00
0.000000000000000000e+00
0.000000000000000000e+00
0.000000000000000000e+00
0.000000000000000000e+00
0.000000000000000000e+00
0.000000000000000000e+00
0.000000000000000000e+00
0.000000000000000000e+00
0.000000000000000000e+00
0.000000000000000000e+00
0.000000000000000000e+00
8.665067367914175422e-02
4.357992946711113924e-01
2.957220673122285870e+00
2.627902183644688971e+00
