1.000000000000000000e+07
6.065310000000000000e+06
2.231300000000000000e+06
1.353350000000000000e+06
8.208500000000000000e+05
3.019740000000000000e+05
1.831560000000000000e+05
6.737950000000000000e+04
3.182779999999999927e+04
1.930450000000000000e+04
5.530840000000000146e+03
4.307430000000000291e+03
2.753650000000000091e+02
1.013010000000000019e+02
3.927859999999999907e+00
3.059019999999999850e+00
2.382400000000000073e+00
1.125399999999999956e+00
8.539700000000000069e-02
3.060200000000000073e-02
5.980400000000000299e-03
1.000000000000000082e-05
