2.863911508413313212e-01
4.848370782828972242e-02
2.386127070029850882e-03
0.000000000000000000e+00
0.000000000000000000e+00
0.000000000000000000e+00
6.071315203561996610e-01
1.668782871938375711e-01
2.354208335174528708e-06
9.193746759272967018e-07
0.000000000000000000e+00
0.000000000000000000e+00
8.664382878517878916e-01
5.401452369917328356e-02
1.498379432390567825e-02
0.000000000000000000e+00
0.000000000000000000e+00
2.094244189781547527e-01
9.772977152905918397e-01
2.631255056192581265e-01
0.000000000000000000e+00
0.000000000000000000e+00
1.121014657336101422e-01
5.709792440551818560e-01
1.533879582553021592e+00
3.075906979851726342e-01
8.604667901436040267e-02
4.413867441330259801e-03
0.000000000000000000e+00
0.000000000000000000e+00
0.000000000000000000e+00
8.829163902300092293e-01
3.633585921541072072e-01
5.208119686281537444e-06
2.054523346662131337e-06
0.000000000000000000e+00
0.000000000000000000e+00
1.393247280951771527e+00
2.407108664680226717e-01
6.230806786942879455e-02
0.000000000000000000e+00
0.000000000000000000e+00
1.036041281909165362e-01
1.934661875934326147e+00
6.339989682418935013e-01
0.000000000000000000e+00
0.000000000000000000e+00
1.990610643331506766e-02
5.201711050153353666e-01
3.344847052366445084e+00
