3.400280642435157263e-01
5.418894075383279968e-03
2.856609841586128882e-03
1.990663136541935607e+00
7.234381539083251252e-05
9.859850000000000003e-01
7.782596524752314338e-01
1.666301017297992489e-03
4.242860167689320103e-03
7.927884178579281960e-01
0.000000000000000000e+00
1.385213999999999890e-02
9.738496942742885798e-01
3.888113128505817778e-02
3.838870830964221520e-02
5.421483781275755476e-01
0.000000000000000000e+00
1.581006382149999668e-04
1.571037209800232315e+00
2.040404305868930290e-01
1.210270032434234005e-01
2.802427359972242682e-01
0.000000000000000000e+00
1.279199999999999962e-11
2.436449223763551331e+00
3.685307477112770291e-01
2.192517645212729849e-01
1.693228832928655170e-01
0.000000000000000000e+00
3.633468600000000268e-12
3.983268982696896998e-01
0.000000000000000000e+00
2.801449449131088241e-04
2.499823723029114042e+00
0.000000000000000000e+00
1.682279999999999331e-01
1.246157626756423165e+00
0.000000000000000000e+00
2.112175845027884896e-05
6.799540748533904333e-01
0.000000000000000000e+00
1.121519999999999739e-01
1.699770833833265327e+00
0.000000000000000000e+00
3.523005924547416116e-03
5.640512499007586111e-01
0.000000000000000000e+00
5.514140000000002928e-01
2.685745461302444959e+00
0.000000000000000000e+00
1.338885570218491423e-02
4.924373747374948818e-01
0.000000000000000000e+00
6.542200000000000792e-02
3.909941201967562119e+00
0.000000000000000000e+00
2.502813497242076246e-02
3.898303759174912564e-01
0.000000000000000000e+00
1.028059999999999807e-01
