6.292242163076752770e-02
3.453486746824280251e-02
1.548191851470365893e-02
8.619155398600371332e-03
1.165006378864254580e-02
2.028628301444443394e-03
5.391442116798207058e-06
1.305844045702217055e-06
4.493392041466851125e-08
1.164757574772406191e-07
3.465003624592863859e-08
3.209924739703246303e-14
0.000000000000000000e+00
0.000000000000000000e+00
0.000000000000000000e+00
0.000000000000000000e+00
0.000000000000000000e+00
0.000000000000000000e+00
0.000000000000000000e+00
0.000000000000000000e+00
0.000000000000000000e+00
0.000000000000000000e+00
0.000000000000000000e+00
0.000000000000000000e+00
0.000000000000000000e+00
0.000000000000000000e+00
0.000000000000000000e+00
0.000000000000000000e+00
0.000000000000000000e+00
1.091620287815902868e-01
3.747374241797627598e-02
1.558757996825919749e-02
2.121200607132247770e-02
4.363527802350725647e-03
2.110463187138379530e-05
5.216933283961568432e-06
1.804344895334549577e-07
2.499503583257488204e-07
1.778724241747344754e-07
1.957698946266545071e-07
4.740105101731834190e-15
0.000000000000000000e+00
0.000000000000000000e+00
0.000000000000000000e+00
0.000000000000000000e+00
0.000000000000000000e+00
0.000000000000000000e+00
0.000000000000000000e+00
0.000000000000000000e+00
0.000000000000000000e+00
0.000000000000000000e+00
0.000000000000000000e+00
0.000000000000000000e+00
0.000000000000000000e+00
0.000000000000000000e+00
0.000000000000000000e+00
0.000000000000000000e+00
0.000000000000000000e+00
1.464518130613854385e-01
5.022591776909019617e-02
4.572406677156230781e-02
1.137366912379977196e-02
6.720999746520529437e-05
1.666164958277011678e-05
5.765515251904040441e-07
7.987964895794415297e-07
4.845417237910408134e-07
6.953310690584878168e-07
3.360986333927492489e-08
0.000000000000000000e+00
0.000000000000000000e+00
0.000000000000000000e+00
0.000000000000000000e+00
0.000000000000000000e+00
0.000000000000000000e+00
0.000000000000000000e+00
0.000000000000000000e+00
0.000000000000000000e+00
0.000000000000000000e+00
0.000000000000000000e+00
0.000000000000000000e+00
0.000000000000000000e+00
0.000000000000000000e+00
0.000000000000000000e+00
0.000000000000000000e+00
0.000000000000000000e+00
0.000000000000000000e+00
1.996930691741425068e-01
1.159341876223796003e-01
2.672626350919386426e-02
1.731323403894084679e-04
4.294025680248006368e-05
1.485895028021415535e-06
2.058597613769630012e-06
1.248318498069220116e-06
1.373197006306973402e-06
4.526879464233710746e-07
7.382378514379570204e-08
2.343416628654574553e-14
7.929721529995394947e-14
1.008994006280288671e-14
2.967756214663609338e-14
7.998649043795262761e-15
4.583755293490251393e-15
0.000000000000000000e+00
0.000000000000000000e+00
0.000000000000000000e+00
0.000000000000000000e+00
0.000000000000000000e+00
0.000000000000000000e+00
0.000000000000000000e+00
0.000000000000000000e+00
0.000000000000000000e+00
0.000000000000000000e+00
0.000000000000000000e+00
0.000000000000000000e+00
3.509160070254196961e-01
1.313864061135669448e-01
8.334234253090080837e-04
2.069761356603142183e-04
7.165680823959190546e-06
9.926888405316697107e-06
6.021173106552823366e-06
6.622309194202120060e-06
1.046347920716178660e-06
2.057883306803465467e-07
2.125633211873437516e-07
7.265804250921182129e-07
1.015910876275920662e-07
2.923081401203398544e-07
3.540732014213203932e-08
0.000000000000000000e+00
0.000000000000000000e+00
0.000000000000000000e+00
0.000000000000000000e+00
0.000000000000000000e+00
0.000000000000000000e+00
0.000000000000000000e+00
0.000000000000000000e+00
0.000000000000000000e+00
0.000000000000000000e+00
0.000000000000000000e+00
0.000000000000000000e+00
0.000000000000000000e+00
0.000000000000000000e+00
6.801593271530272933e-01
8.711853898318243361e-02
2.095733468589673978e-02
7.255726221225471204e-04
1.005158150066610100e-03
6.096682360991708717e-04
6.705324083847814462e-04
1.059422423504054737e-04
1.918827731554800716e-05
1.693505176482707411e-05
5.911092651482004689e-05
7.999498955890240037e-06
2.363960180907058315e-05
6.360213172432110079e-06
1.549821432237095319e-05
2.698542332045343273e-06
1.246749945973465190e-06
4.311118625306252612e-06
3.223029289874088176e-06
6.358459387935827346e-07
2.371971569423378411e-06
0.000000000000000000e+00
0.000000000000000000e+00
0.000000000000000000e+00
0.000000000000000000e+00
0.000000000000000000e+00
0.000000000000000000e+00
0.000000000000000000e+00
0.000000000000000000e+00
5.511108522407797139e-01
2.930177091739522566e-01
9.790364582482228434e-03
1.356291580874202998e-02
8.226441993928123100e-03
9.047694930829011314e-03
1.429507972497884088e-03
2.589129961624692220e-04
2.285086495652899992e-04
7.975942823323891239e-04
1.079354577242640386e-04
3.189743271897571932e-04
8.542937061345463716e-05
2.074054448600593230e-04
3.614065101869372277e-05
1.671040392975978208e-05
5.778475776116592257e-05
4.330682264986168538e-05
8.564234303196483392e-06
3.517898023176567858e-05
1.056415737649326749e-06
0.000000000000000000e+00
0.000000000000000000e+00
0.000000000000000000e+00
0.000000000000000000e+00
0.000000000000000000e+00
0.000000000000000000e+00
0.000000000000000000e+00
0.000000000000000000e+00
6.196244595223749929e-01
6.888117257373119195e-02
8.364092299565142885e-02
5.073113556852501538e-02
5.579566978094026991e-02
8.815564926797079745e-03
1.596679051828779920e-03
1.409178098557622213e-03
4.918644408585365856e-03
6.656231856134636792e-04
1.967062741953120360e-03
5.268291775949508239e-04
1.279024741339056899e-03
2.228761131600418824e-04
1.030518263613754186e-04
3.563521258319548744e-04
2.670628463783524258e-04
5.281495259582986708e-05
2.133964823832355708e-04
8.580772475742357746e-06
2.047464564000087751e-06
0.000000000000000000e+00
0.000000000000000000e+00
0.000000000000000000e+00
0.000000000000000000e+00
0.000000000000000000e+00
0.000000000000000000e+00
0.000000000000000000e+00
0.000000000000000000e+00
2.704019999999998647e-01
2.905909999999999327e-01
1.391205000000000080e-01
1.530093999999999343e-01
2.417509999999999451e-02
4.378609999999998059e-03
3.864419999999997753e-03
1.348847999999998153e-02
1.825349999999999456e-03
5.394309999999997648e-03
1.444734999999999726e-03
3.507498999999994656e-03
6.111939999999995831e-04
2.825979999999998988e-04
9.772309999999998463e-04
7.323629999999999810e-04
1.448349999999999237e-04
5.851977999999995964e-04
2.237189999999999158e-05
6.963069999999999895e-06
0.000000000000000000e+00
0.000000000000000000e+00
0.000000000000000000e+00
0.000000000000000000e+00
0.000000000000000000e+00
0.000000000000000000e+00
0.000000000000000000e+00
0.000000000000000000e+00
0.000000000000000000e+00
3.519221047133514468e-01
2.290159599622131337e-01
2.218176006110615661e-01
3.504655420893087320e-02
6.347645900575004177e-03
5.602247904083130711e-03
1.955425246345850535e-02
2.646211250440734433e-03
7.820128669435613689e-03
2.094435138434382407e-03
5.084812475746701768e-03
8.860521945488778958e-04
4.096859873192994694e-04
1.416693057704018115e-03
1.061719792085649705e-03
2.099675419234376338e-04
8.483632682321668199e-04
3.243471046366250515e-05
1.014657225782731066e-05
0.000000000000000000e+00
0.000000000000000000e+00
0.000000000000000000e+00
0.000000000000000000e+00
0.000000000000000000e+00
0.000000000000000000e+00
0.000000000000000000e+00
0.000000000000000000e+00
0.000000000000000000e+00
0.000000000000000000e+00
3.163654926789100652e-01
3.911313214031145180e-01
5.696818644546637611e-02
1.031807138947652032e-02
9.106417341115594435e-03
3.178543211467657614e-02
4.301400449774179201e-03
1.271159410417120432e-02
3.404503445905851002e-03
8.265354502123137270e-03
1.440270191263260660e-03
6.659425928193128327e-04
2.302830202758795065e-03
1.725818671389778031e-03
3.413009094748344747e-04
1.379012507901681856e-03
5.272327260311690191e-05
1.656728169898538230e-05
0.000000000000000000e+00
0.000000000000000000e+00
0.000000000000000000e+00
0.000000000000000000e+00
0.000000000000000000e+00
0.000000000000000000e+00
0.000000000000000000e+00
0.000000000000000000e+00
0.000000000000000000e+00
0.000000000000000000e+00
0.000000000000000000e+00
4.921253173408523529e-01
1.587686084772906014e-01
2.644868240076043292e-02
2.332516637431079898e-02
8.133502253817415095e-02
1.099491502573029210e-02
3.235052309687158623e-02
8.562708453310169388e-03
2.007641688647296765e-02
3.261752636019431707e-03
1.462271212149178880e-03
4.730749731640638937e-03
3.021000494837168017e-03
5.127170461833813284e-04
1.551777760354559757e-03
2.738887093408630700e-05
6.626386992600179621e-06
0.000000000000000000e+00
0.000000000000000000e+00
0.000000000000000000e+00
0.000000000000000000e+00
0.000000000000000000e+00
0.000000000000000000e+00
0.000000000000000000e+00
0.000000000000000000e+00
0.000000000000000000e+00
0.000000000000000000e+00
0.000000000000000000e+00
9.614115926415530344e-04
3.546090620741345623e-01
8.032773087798783518e-02
5.875499491250536083e-02
1.829232084074666753e-01
2.426622603641700668e-02
7.121736539921857956e-02
1.878164325763169787e-02
4.371320927287187380e-02
7.014373532533126065e-03
3.127761013532425350e-03
9.997042411045417576e-03
6.170144776145382141e-03
1.005613585580840581e-03
2.759741616420709198e-03
2.685780270780677297e-05
3.585633981586560518e-06
0.000000000000000000e+00
0.000000000000000000e+00
0.000000000000000000e+00
0.000000000000000000e+00
0.000000000000000000e+00
0.000000000000000000e+00
0.000000000000000000e+00
0.000000000000000000e+00
0.000000000000000000e+00
0.000000000000000000e+00
0.000000000000000000e+00
0.000000000000000000e+00
9.471473730000004240e-03
2.069259999999999156e-01
1.286199999999999566e-01
2.728864999999999208e-01
3.293679999999999525e-02
9.692390000000002115e-02
2.562817999999999347e-02
5.971338999999995650e-02
9.591859999999993724e-03
4.275499999999999787e-03
1.365350999999999718e-02
8.418210000000002358e-03
1.372439999999999077e-03
3.765172999999998830e-03
3.657989999999997820e-05
4.884049999999998580e-06
0.000000000000000000e+00
0.000000000000000000e+00
0.000000000000000000e+00
0.000000000000000000e+00
0.000000000000000000e+00
0.000000000000000000e+00
0.000000000000000000e+00
0.000000000000000000e+00
0.000000000000000000e+00
0.000000000000000000e+00
0.000000000000000000e+00
0.000000000000000000e+00
2.623210603000000036e-04
1.147980000000000528e-02
2.110769999999999869e-01
3.641874999999999418e-01
3.762750000000002204e-02
1.099917000000000117e-01
2.911883000000001220e-02
6.787894000000008199e-02
1.086799000000000619e-02
4.843759999999998171e-03
1.546030000000000668e-02
9.521510000000000390e-03
1.550960000000001400e-03
4.251601999999999291e-03
4.128510000000000898e-05
5.514840000000001226e-06
0.000000000000000000e+00
0.000000000000000000e+00
0.000000000000000000e+00
0.000000000000000000e+00
0.000000000000000000e+00
0.000000000000000000e+00
0.000000000000000000e+00
0.000000000000000000e+00
0.000000000000000000e+00
0.000000000000000000e+00
0.000000000000000000e+00
0.000000000000000000e+00
2.480989894087365118e-06
9.536602461369390372e-05
2.984699161332810772e-03
4.302217890178394177e-01
7.441965642447247176e-02
1.739249577623689924e-01
4.337152577681047116e-02
1.023689442786287901e-01
1.643348288615155417e-02
7.309780701077546808e-03
2.327668288242407124e-02
1.427831545834305944e-02
2.317783292726868696e-03
6.333053874546990328e-03
6.125209398930192594e-05
8.183434201701978710e-06
0.000000000000000000e+00
0.000000000000000000e+00
0.000000000000000000e+00
0.000000000000000000e+00
0.000000000000000000e+00
0.000000000000000000e+00
0.000000000000000000e+00
0.000000000000000000e+00
0.000000000000000000e+00
0.000000000000000000e+00
0.000000000000000000e+00
0.000000000000000000e+00
0.000000000000000000e+00
4.381999999999998310e-09
2.902729999999999550e-08
3.851907308000000058e-02
2.376970000000000194e-01
3.356328000000002310e-01
6.187470000000004633e-02
1.432013999999998954e-01
2.351400000000001406e-02
1.045440000000000258e-02
3.320491999999999888e-02
2.028624999999999526e-02
3.279590000000001063e-03
8.918830000000018202e-03
8.569890000000000038e-05
1.145060000000000350e-05
0.000000000000000000e+00
0.000000000000000000e+00
0.000000000000000000e+00
0.000000000000000000e+00
0.000000000000000000e+00
0.000000000000000000e+00
0.000000000000000000e+00
0.000000000000000000e+00
0.000000000000000000e+00
0.000000000000000000e+00
0.000000000000000000e+00
0.000000000000000000e+00
0.000000000000000000e+00
1.652696265412744668e-10
1.638666610232210984e-09
2.217952871177267509e-03
1.231838835694941403e-02
4.531612946561087152e-01
1.228021422593770090e-01
2.237477724644316712e-01
3.288972314107049821e-02
1.452550227933609855e-02
4.569328827015221861e-02
2.748350189063593005e-02
4.412277899567549830e-03
1.191800972771098199e-02
1.133482689726371720e-04
1.513876405222649772e-05
0.000000000000000000e+00
0.000000000000000000e+00
0.000000000000000000e+00
0.000000000000000000e+00
0.000000000000000000e+00
0.000000000000000000e+00
0.000000000000000000e+00
0.000000000000000000e+00
0.000000000000000000e+00
0.000000000000000000e+00
0.000000000000000000e+00
0.000000000000000000e+00
0.000000000000000000e+00
0.000000000000000000e+00
4.965087147115904913e-12
3.028127716820072421e-05
1.917800027458967007e-04
7.295808446614003573e-02
3.227621121508401636e-01
4.047222280739521949e-01
5.238760152826468092e-02
2.277475305443326867e-02
7.004661964752301184e-02
4.064897264785227032e-02
6.375401235789109750e-03
1.694317504841408653e-02
1.580638086049506916e-04
2.109363448952114042e-05
0.000000000000000000e+00
0.000000000000000000e+00
0.000000000000000000e+00
0.000000000000000000e+00
0.000000000000000000e+00
0.000000000000000000e+00
0.000000000000000000e+00
0.000000000000000000e+00
0.000000000000000000e+00
0.000000000000000000e+00
0.000000000000000000e+00
0.000000000000000000e+00
0.000000000000000000e+00
0.000000000000000000e+00
0.000000000000000000e+00
2.380076026698496348e-06
1.735656270998586092e-05
6.863107708063876863e-03
2.665982756924611258e-02
6.374338731294659777e-01
1.243623810418152814e-01
4.826075292890441570e-02
1.432224255924817169e-01
7.991039336508191926e-02
1.230984159474891350e-02
3.227638229883775939e-02
2.960688195763047973e-04
3.947955360783054346e-05
0.000000000000000000e+00
0.000000000000000000e+00
0.000000000000000000e+00
0.000000000000000000e+00
0.000000000000000000e+00
0.000000000000000000e+00
0.000000000000000000e+00
0.000000000000000000e+00
0.000000000000000000e+00
0.000000000000000000e+00
0.000000000000000000e+00
0.000000000000000000e+00
0.000000000000000000e+00
0.000000000000000000e+00
0.000000000000000000e+00
1.063271292751479736e-07
2.173981674821513618e-06
9.824936200550401632e-04
3.709948872043117209e-03
2.284298737614197661e-01
3.906603155361987323e-01
1.199387065251703854e-01
2.595052820769878643e-01
1.364418481050399812e-01
2.025071391218261421e-02
5.151985590045871088e-02
4.572210774962325269e-04
6.088608300542336886e-05
0.000000000000000000e+00
0.000000000000000000e+00
0.000000000000000000e+00
0.000000000000000000e+00
0.000000000000000000e+00
0.000000000000000000e+00
0.000000000000000000e+00
0.000000000000000000e+00
0.000000000000000000e+00
0.000000000000000000e+00
0.000000000000000000e+00
0.000000000000000000e+00
0.000000000000000000e+00
0.000000000000000000e+00
0.000000000000000000e+00
8.242279999999996895e-09
1.356799999999999444e-06
6.824354099999994537e-04
2.568847999999998577e-03
1.436787900000001117e-01
1.853123999999998217e-01
2.804719999999999991e-01
3.885226999999997766e-01
1.685730999999999480e-01
2.502779999999999935e-02
6.285205999999997351e-02
5.466119999999998142e-04
7.270629999999998522e-05
0.000000000000000000e+00
0.000000000000000000e+00
0.000000000000000000e+00
0.000000000000000000e+00
0.000000000000000000e+00
0.000000000000000000e+00
0.000000000000000000e+00
0.000000000000000000e+00
0.000000000000000000e+00
0.000000000000000000e+00
0.000000000000000000e+00
0.000000000000000000e+00
0.000000000000000000e+00
0.000000000000000000e+00
0.000000000000000000e+00
0.000000000000000000e+00
6.692369359266899654e-07
4.286187018762106023e-04
1.600706191670175308e-03
8.721458459842984512e-02
8.911318173655723152e-02
7.828579517539595301e-02
6.849027165823903252e-01
2.914503232130866706e-01
3.675477485563619778e-02
9.167091566490290222e-02
7.832092471202862453e-04
1.040428680576254051e-04
0.000000000000000000e+00
0.000000000000000000e+00
0.000000000000000000e+00
0.000000000000000000e+00
0.000000000000000000e+00
0.000000000000000000e+00
0.000000000000000000e+00
0.000000000000000000e+00
0.000000000000000000e+00
0.000000000000000000e+00
0.000000000000000000e+00
0.000000000000000000e+00
0.000000000000000000e+00
0.000000000000000000e+00
0.000000000000000000e+00
0.000000000000000000e+00
1.714421009637077120e-07
2.517430902301423328e-04
9.383114917052639030e-04
4.894514417029512121e-02
4.800319136621555155e-02
3.619044007032157922e-02
3.052420237644870027e-01
8.650131971965137057e-01
1.178614519093727081e-01
1.997499736542977522e-01
1.233213805817547385e-03
1.625283290334515534e-04
0.000000000000000000e+00
0.000000000000000000e+00
0.000000000000000000e+00
0.000000000000000000e+00
0.000000000000000000e+00
0.000000000000000000e+00
0.000000000000000000e+00
0.000000000000000000e+00
0.000000000000000000e+00
0.000000000000000000e+00
0.000000000000000000e+00
0.000000000000000000e+00
0.000000000000000000e+00
0.000000000000000000e+00
0.000000000000000000e+00
0.000000000000000000e+00
5.474619999999999030e-09
2.080152799999999177e-04
7.772389999999998814e-04
4.003273499999997903e-02
3.783210000000000045e-02
2.851409999999999709e-02
2.063556000000000834e-01
6.306900000000001949e-01
4.310180000000001233e-01
5.579705599999992272e-01
1.836320000000001527e-03
2.325100000000000625e-04
0.000000000000000000e+00
0.000000000000000000e+00
0.000000000000000000e+00
0.000000000000000000e+00
0.000000000000000000e+00
0.000000000000000000e+00
0.000000000000000000e+00
0.000000000000000000e+00
0.000000000000000000e+00
0.000000000000000000e+00
0.000000000000000000e+00
0.000000000000000000e+00
0.000000000000000000e+00
0.000000000000000000e+00
0.000000000000000000e+00
0.000000000000000000e+00
0.000000000000000000e+00
2.223301494191476488e-04
8.341594008765175353e-04
4.280181030209614240e-02
3.937021720640167255e-02
2.923069333993542213e-02
2.102989366038748587e-01
4.435004538219727843e-01
2.259451833485331407e-01
1.524556979670758761e+00
1.385562338711694881e-02
1.706733239849911841e-03
0.000000000000000000e+00
0.000000000000000000e+00
0.000000000000000000e+00
0.000000000000000000e+00
0.000000000000000000e+00
0.000000000000000000e+00
0.000000000000000000e+00
0.000000000000000000e+00
0.000000000000000000e+00
0.000000000000000000e+00
0.000000000000000000e+00
0.000000000000000000e+00
0.000000000000000000e+00
0.000000000000000000e+00
0.000000000000000000e+00
0.000000000000000000e+00
0.000000000000000000e+00
7.720567999999996449e-04
2.917178999999998478e-03
1.490515800000001556e-01
1.327742999999999285e-01
9.665170000000000705e-02
6.833439999999999515e-01
1.034507999999999983e+00
2.842289999999998984e-01
5.349266999999993999e+00
6.697820000000000995e-01
8.602789999999999049e-02
0.000000000000000000e+00
0.000000000000000000e+00
0.000000000000000000e+00
0.000000000000000000e+00
0.000000000000000000e+00
0.000000000000000000e+00
0.000000000000000000e+00
0.000000000000000000e+00
0.000000000000000000e+00
0.000000000000000000e+00
0.000000000000000000e+00
0.000000000000000000e+00
0.000000000000000000e+00
0.000000000000000000e+00
0.000000000000000000e+00
0.000000000000000000e+00
0.000000000000000000e+00
1.766999800000001574e-03
6.678940000000004734e-03
3.411497200000001007e-01
3.034900000000001485e-01
2.206550000000000733e-01
1.557539000000000007e+00
2.333405000000001284e+00
6.140470000000001205e-01
1.134406500000000051e+01
1.496390000000000553e+00
5.021300000000000763e-01
3.150020635573540922e-02
5.328088757865575426e-02
1.583291777121336591e-02
6.084253356646251998e-03
6.932998285279894438e-03
1.773875935378642875e-03
1.142927248389818550e-05
2.833590033744931614e-06
9.811143297196420860e-08
2.545632359744182917e-07
7.579105092632211615e-08
0.000000000000000000e+00
0.000000000000000000e+00
0.000000000000000000e+00
0.000000000000000000e+00
0.000000000000000000e+00
0.000000000000000000e+00
0.000000000000000000e+00
0.000000000000000000e+00
0.000000000000000000e+00
0.000000000000000000e+00
0.000000000000000000e+00
0.000000000000000000e+00
0.000000000000000000e+00
0.000000000000000000e+00
0.000000000000000000e+00
0.000000000000000000e+00
0.000000000000000000e+00
0.000000000000000000e+00
8.350754447849913220e-02
5.952772132225546409e-02
1.944334684091056711e-02
2.332515052698792488e-02
6.648791119410297872e-03
4.508965521706133377e-05
1.119791461059638174e-05
3.876720815893478510e-07
5.371002848530119243e-07
3.907701257112942512e-07
4.119533588163751568e-07
0.000000000000000000e+00
0.000000000000000000e+00
0.000000000000000000e+00
0.000000000000000000e+00
0.000000000000000000e+00
0.000000000000000000e+00
0.000000000000000000e+00
0.000000000000000000e+00
0.000000000000000000e+00
0.000000000000000000e+00
0.000000000000000000e+00
0.000000000000000000e+00
0.000000000000000000e+00
0.000000000000000000e+00
0.000000000000000000e+00
0.000000000000000000e+00
0.000000000000000000e+00
0.000000000000000000e+00
1.297984788083260121e-01
7.801606949595328577e-02
7.498992439753346395e-02
2.137638764999043317e-02
1.449648606233886925e-04
3.600190971941912227e-05
1.246287742029561278e-06
1.726785737117560511e-06
1.047493444162156693e-06
1.507694572196162439e-06
6.767495353772979114e-08
0.000000000000000000e+00
0.000000000000000000e+00
0.000000000000000000e+00
0.000000000000000000e+00
0.000000000000000000e+00
0.000000000000000000e+00
0.000000000000000000e+00
0.000000000000000000e+00
0.000000000000000000e+00
0.000000000000000000e+00
0.000000000000000000e+00
0.000000000000000000e+00
0.000000000000000000e+00
0.000000000000000000e+00
0.000000000000000000e+00
0.000000000000000000e+00
0.000000000000000000e+00
0.000000000000000000e+00
1.612975074657131691e-01
2.186093749477017456e-01
5.627030770578071717e-02
3.816273521430477915e-04
9.477568408439684922e-05
3.280959593866524736e-06
4.545725157503912648e-06
2.756609078871958271e-06
3.032479472785458573e-06
1.000834801867935968e-06
1.618410813659811279e-07
0.000000000000000000e+00
0.000000000000000000e+00
0.000000000000000000e+00
0.000000000000000000e+00
0.000000000000000000e+00
0.000000000000000000e+00
0.000000000000000000e+00
0.000000000000000000e+00
0.000000000000000000e+00
0.000000000000000000e+00
0.000000000000000000e+00
0.000000000000000000e+00
0.000000000000000000e+00
0.000000000000000000e+00
0.000000000000000000e+00
0.000000000000000000e+00
0.000000000000000000e+00
0.000000000000000000e+00
3.856722473734261469e-01
2.768826749148757815e-01
1.825908140490178954e-03
4.534600347495145031e-04
1.569917255731169441e-05
2.174871435770833820e-05
1.319170350734938877e-05
1.450873727419621180e-05
2.292422757825083920e-06
4.516702127464297807e-07
4.680151962791106128e-07
1.588351042462039717e-06
2.203865845093849414e-07
6.418366220117911327e-07
7.861173180891465778e-08
0.000000000000000000e+00
0.000000000000000000e+00
0.000000000000000000e+00
0.000000000000000000e+00
0.000000000000000000e+00
0.000000000000000000e+00
0.000000000000000000e+00
0.000000000000000000e+00
0.000000000000000000e+00
0.000000000000000000e+00
0.000000000000000000e+00
0.000000000000000000e+00
0.000000000000000000e+00
0.000000000000000000e+00
1.033197535739309059e+00
1.944521479620715809e-01
4.757545991468117158e-02
1.647131249725646875e-03
2.281820958990579597e-03
1.384015368844724453e-03
1.522182723747420030e-03
2.405005856127469797e-04
4.355953790288228468e-05
3.844444320712280330e-05
1.341885241090802830e-04
1.815974707043740340e-05
5.366454922821007131e-05
1.443103037309395411e-05
3.515457230776915091e-05
6.123203007636440744e-06
2.829927470963919805e-06
9.785478024799745280e-06
7.323299401744574666e-06
1.445786645581611928e-06
5.424900377807076209e-06
0.000000000000000000e+00
0.000000000000000000e+00
0.000000000000000000e+00
0.000000000000000000e+00
0.000000000000000000e+00
0.000000000000000000e+00
0.000000000000000000e+00
0.000000000000000000e+00
7.719788357750480001e-01
6.196674233713320712e-01
2.109546940584646618e-02
2.922419780136950931e-02
1.772564991327407399e-02
1.949521223451136306e-02
3.080183615222159034e-03
5.578835530141637708e-04
4.923711518591014852e-04
1.718589151262499889e-03
2.325702476750637578e-04
6.872990172835534341e-04
1.840760579051681049e-04
4.468998211784104861e-04
7.787281113759131465e-05
3.600615484553568619e-05
1.245097912711190177e-04
9.331390279622771451e-05
1.845349872655538875e-05
7.577762700164284229e-05
2.301110223220657381e-06
0.000000000000000000e+00
0.000000000000000000e+00
0.000000000000000000e+00
0.000000000000000000e+00
0.000000000000000000e+00
0.000000000000000000e+00
0.000000000000000000e+00
0.000000000000000000e+00
8.933309334700139104e-01
1.383797301992342466e-01
1.809204977320414132e-01
1.097350385881140922e-01
1.206900517986051469e-01
1.906869325924043929e-02
3.453730474684249280e-03
3.048152679233963498e-03
1.063937337288873609e-02
1.439790016269712827e-03
4.254894946688677487e-03
1.139569111709237562e-03
2.766621799779498628e-03
4.820975638831033667e-04
2.229083150551252864e-04
7.708144392954352974e-04
5.776761524605366575e-04
1.142425258829435776e-04
4.615916290744868033e-04
1.850756082648203336e-05
4.486623896292238041e-06
0.000000000000000000e+00
0.000000000000000000e+00
0.000000000000000000e+00
0.000000000000000000e+00
0.000000000000000000e+00
0.000000000000000000e+00
0.000000000000000000e+00
0.000000000000000000e+00
2.233049999999999757e-01
5.369300000000002404e-01
2.880489999999999440e-01
3.168062999999999851e-01
5.005449999999998789e-02
9.065920000000001616e-03
8.001300000000001120e-03
2.792792999999997930e-02
3.779389999999999226e-03
1.116892999999999705e-02
2.991324000000000066e-03
7.262286999999998348e-03
1.265478000000000002e-03
5.851189999999998302e-04
2.023359000000000182e-03
1.516357999999999985e-03
2.998819999999999589e-04
1.211652299999999580e-03
4.632119999999999960e-05
1.441699999999999597e-05
0.000000000000000000e+00
0.000000000000000000e+00
0.000000000000000000e+00
0.000000000000000000e+00
0.000000000000000000e+00
0.000000000000000000e+00
0.000000000000000000e+00
0.000000000000000000e+00
0.000000000000000000e+00
3.886192772806483231e-01
4.533532456793157306e-01
4.646407559594395997e-01
7.341191332008870085e-02
1.329636944936185734e-02
1.173496571777118622e-02
4.096021224782523534e-02
5.543008328941276437e-03
1.638079156364594460e-02
4.387202718883802949e-03
1.065113496996053337e-02
1.856008536637757155e-03
8.581683754627190486e-04
2.967543191274613339e-03
2.223980879853152976e-03
4.398186952379144624e-04
1.777063787658222016e-03
6.794095230438112110e-05
2.125604077834371896e-05
0.000000000000000000e+00
0.000000000000000000e+00
0.000000000000000000e+00
0.000000000000000000e+00
0.000000000000000000e+00
0.000000000000000000e+00
0.000000000000000000e+00
0.000000000000000000e+00
0.000000000000000000e+00
0.000000000000000000e+00
3.882203582422230626e-01
7.981604337665760829e-01
1.212067505137946477e-01
2.195302649546576612e-02
1.937499989231481617e-02
6.762737271547951401e-02
9.151744420059101937e-03
2.704546903482476020e-02
7.243479731987540610e-03
1.758555143332375670e-02
3.064351615578951409e-03
1.416874618062763120e-03
4.899553049922175836e-03
3.671883883185210213e-03
7.261589916743156582e-04
2.934017271254047137e-03
1.121753572329236377e-04
3.524916623864453460e-05
0.000000000000000000e+00
0.000000000000000000e+00
0.000000000000000000e+00
0.000000000000000000e+00
0.000000000000000000e+00
0.000000000000000000e+00
0.000000000000000000e+00
0.000000000000000000e+00
0.000000000000000000e+00
0.000000000000000000e+00
0.000000000000000000e+00
7.083972375596196969e-01
3.204311354106688658e-01
5.559562999390512544e-02
4.902478506944512454e-02
1.708103300465674268e-01
2.307935574246493954e-02
6.807369030122231712e-02
1.815309306132614417e-02
4.357806843288236642e-02
7.430711523606589076e-03
3.402847331043805726e-03
1.152647551441728091e-02
8.243871571014985133e-03
1.566158111369048318e-03
5.933265811133641224e-03
2.027293173596367694e-04
6.242610569256318298e-05
0.000000000000000000e+00
0.000000000000000000e+00
0.000000000000000000e+00
0.000000000000000000e+00
0.000000000000000000e+00
0.000000000000000000e+00
0.000000000000000000e+00
0.000000000000000000e+00
0.000000000000000000e+00
0.000000000000000000e+00
0.000000000000000000e+00
4.449305045600969477e-04
4.560602095111328524e-01
1.495694627099923568e-01
1.176027213172756575e-01
3.867599143658949079e-01
5.177997954605819547e-02
1.520928302511402319e-01
4.021990147552640532e-02
9.410647947829761661e-02
1.520788464970875865e-02
6.794742857703389531e-03
2.178312903451052815e-02
1.350401329244030335e-02
2.205943913676821841e-03
6.062890657235161726e-03
5.909379155308750538e-05
7.891981726203027854e-06
0.000000000000000000e+00
0.000000000000000000e+00
0.000000000000000000e+00
0.000000000000000000e+00
0.000000000000000000e+00
0.000000000000000000e+00
0.000000000000000000e+00
0.000000000000000000e+00
0.000000000000000000e+00
0.000000000000000000e+00
0.000000000000000000e+00
0.000000000000000000e+00
4.452910263124000914e-03
2.057229999999999615e-01
2.197370000000000434e-01
5.505531000000001285e-01
7.050060000000005211e-02
2.073068000000000966e-01
5.489090000000002023e-02
1.285220000000000806e-01
2.079579999999999970e-02
9.281420000000002030e-03
2.969639999999999433e-02
1.839787999999999840e-02
3.010290000000000101e-03
8.273901000000008846e-03
8.042130000000004264e-05
1.074719999999999766e-05
0.000000000000000000e+00
0.000000000000000000e+00
0.000000000000000000e+00
0.000000000000000000e+00
0.000000000000000000e+00
0.000000000000000000e+00
0.000000000000000000e+00
0.000000000000000000e+00
0.000000000000000000e+00
0.000000000000000000e+00
0.000000000000000000e+00
0.000000000000000000e+00
1.137849999999999829e-06
5.610509999999998242e-03
2.152270000000000016e-01
6.917583999999998845e-01
8.066949999999999121e-02
2.356238999999998862e-01
6.240930000000002170e-02
1.462172000000000471e-01
2.356269999999998851e-02
1.052040000000000093e-02
3.364383999999998737e-02
2.080504999999999854e-02
3.400269999999999074e-03
9.334077999999997391e-03
9.059799999999994810e-05
1.210879999999999662e-05
0.000000000000000000e+00
0.000000000000000000e+00
0.000000000000000000e+00
0.000000000000000000e+00
0.000000000000000000e+00
0.000000000000000000e+00
0.000000000000000000e+00
0.000000000000000000e+00
0.000000000000000000e+00
0.000000000000000000e+00
0.000000000000000000e+00
0.000000000000000000e+00
6.117484956086795074e-10
7.122559187911335530e-07
1.407453036966302548e-03
6.026162373049270826e-01
1.430712660508737799e-01
3.582817637822088286e-01
9.210405570257793051e-02
2.201380661801738414e-01
3.562078431754324426e-02
1.587452146327130581e-02
5.066257622840915353e-02
3.114258006474877535e-02
5.059615659100660280e-03
1.383479284732910992e-02
1.338859408491429074e-04
1.789210618360380771e-05
0.000000000000000000e+00
0.000000000000000000e+00
0.000000000000000000e+00
0.000000000000000000e+00
0.000000000000000000e+00
0.000000000000000000e+00
0.000000000000000000e+00
0.000000000000000000e+00
0.000000000000000000e+00
0.000000000000000000e+00
0.000000000000000000e+00
0.000000000000000000e+00
0.000000000000000000e+00
0.000000000000000000e+00
0.000000000000000000e+00
2.360673558625787233e-02
2.906369999999999232e-01
6.439100000000003154e-01
1.283564999999999845e-01
3.033119000000001342e-01
5.096149999999997904e-02
2.267769999999999855e-02
7.211050000000006344e-02
4.407127000000000960e-02
7.117569999999996677e-03
1.933464000000000363e-02
1.855079999999999457e-04
2.478749999999999603e-05
0.000000000000000000e+00
0.000000000000000000e+00
0.000000000000000000e+00
0.000000000000000000e+00
0.000000000000000000e+00
0.000000000000000000e+00
0.000000000000000000e+00
0.000000000000000000e+00
0.000000000000000000e+00
0.000000000000000000e+00
0.000000000000000000e+00
0.000000000000000000e+00
0.000000000000000000e+00
0.000000000000000000e+00
0.000000000000000000e+00
1.730732028522532389e-04
7.399689229838128657e-03
6.643737402917936352e-01
2.403624923139547620e-01
4.669546181103278459e-01
7.065620614637202479e-02
3.122231545009331380e-02
9.788345607146022032e-02
5.827086605583382123e-02
9.272817976935434497e-03
2.483926332711489451e-02
2.336643899205722208e-04
3.118688934717598374e-05
0.000000000000000000e+00
0.000000000000000000e+00
0.000000000000000000e+00
0.000000000000000000e+00
0.000000000000000000e+00
0.000000000000000000e+00
0.000000000000000000e+00
0.000000000000000000e+00
0.000000000000000000e+00
0.000000000000000000e+00
0.000000000000000000e+00
0.000000000000000000e+00
0.000000000000000000e+00
0.000000000000000000e+00
0.000000000000000000e+00
4.018232180002397047e-08
1.048131363409641145e-06
5.091664034226785901e-02
4.781616171643383040e-01
8.041997084918109939e-01
1.141849084644612627e-01
4.997291484435364972e-02
1.530645343040741013e-01
8.773502359952105312e-02
1.351317331388001905e-02
3.516055393320357408e-02
3.183094837006118631e-04
4.241711498541954605e-05
0.000000000000000000e+00
0.000000000000000000e+00
0.000000000000000000e+00
0.000000000000000000e+00
0.000000000000000000e+00
0.000000000000000000e+00
0.000000000000000000e+00
0.000000000000000000e+00
0.000000000000000000e+00
0.000000000000000000e+00
0.000000000000000000e+00
0.000000000000000000e+00
0.000000000000000000e+00
0.000000000000000000e+00
0.000000000000000000e+00
9.377389129580295248e-10
2.147696171929146361e-08
6.273266870599356277e-04
1.250070908583052372e-02
9.916616617317302040e-01
2.815798477559653956e-01
1.053908032817120477e-01
3.221606338898598265e-01
1.799679124120877882e-01
2.734550920911174229e-02
7.056874993590980805e-02
6.371480115838389557e-04
8.491378420333122422e-05
0.000000000000000000e+00
0.000000000000000000e+00
0.000000000000000000e+00
0.000000000000000000e+00
0.000000000000000000e+00
0.000000000000000000e+00
0.000000000000000000e+00
0.000000000000000000e+00
0.000000000000000000e+00
0.000000000000000000e+00
0.000000000000000000e+00
0.000000000000000000e+00
0.000000000000000000e+00
0.000000000000000000e+00
0.000000000000000000e+00
2.544111005595645737e-11
6.487356622030272069e-10
1.011621705695433408e-05
1.549364429224204696e-04
2.109655079576972792e-01
7.124150257031037770e-01
2.696056970378963302e-01
5.351024505937787001e-01
2.916301253582919140e-01
4.262866209552271940e-02
1.055935334904037209e-01
8.946971114780537465e-04
1.188312888316844009e-04
0.000000000000000000e+00
0.000000000000000000e+00
0.000000000000000000e+00
0.000000000000000000e+00
0.000000000000000000e+00
0.000000000000000000e+00
0.000000000000000000e+00
0.000000000000000000e+00
0.000000000000000000e+00
0.000000000000000000e+00
0.000000000000000000e+00
0.000000000000000000e+00
0.000000000000000000e+00
0.000000000000000000e+00
0.000000000000000000e+00
5.718199999999997990e-12
2.584649999999998411e-10
4.963450529999995668e-06
7.558444000000000371e-05
7.821913999999997869e-02
3.058977999999999975e-01
5.056869999999997756e-01
8.296329999999996208e-01
3.502578999999999554e-01
5.255409999999997861e-02
1.280417100000000863e-01
1.064599999999999748e-03
1.413249999999999522e-04
0.000000000000000000e+00
0.000000000000000000e+00
0.000000000000000000e+00
0.000000000000000000e+00
0.000000000000000000e+00
0.000000000000000000e+00
0.000000000000000000e+00
0.000000000000000000e+00
0.000000000000000000e+00
0.000000000000000000e+00
0.000000000000000000e+00
0.000000000000000000e+00
0.000000000000000000e+00
0.000000000000000000e+00
0.000000000000000000e+00
0.000000000000000000e+00
1.108238529873834595e-10
1.757968320692564636e-06
2.577837968461628334e-05
2.595544565666425482e-02
6.482099541200966875e-02
9.139019552093885501e-02
1.347363565649891903e+00
6.665033690661271715e-01
7.304293002685241509e-02
1.870880803450564178e-01
1.602719233038253036e-03
2.124340439142661640e-04
0.000000000000000000e+00
0.000000000000000000e+00
0.000000000000000000e+00
0.000000000000000000e+00
0.000000000000000000e+00
0.000000000000000000e+00
0.000000000000000000e+00
0.000000000000000000e+00
0.000000000000000000e+00
0.000000000000000000e+00
0.000000000000000000e+00
0.000000000000000000e+00
0.000000000000000000e+00
0.000000000000000000e+00
0.000000000000000000e+00
0.000000000000000000e+00
4.255842429219135482e-11
5.395508428987866283e-07
7.509105891758457132e-06
6.912312968081741824e-03
1.689546972610150855e-02
1.818725001606844374e-02
3.284333667144192503e-01
1.859681278297435014e+00
3.025836640080095119e-01
3.847445256511752287e-01
1.978813151933901497e-03
2.636065053043149886e-04
0.000000000000000000e+00
0.000000000000000000e+00
0.000000000000000000e+00
0.000000000000000000e+00
0.000000000000000000e+00
0.000000000000000000e+00
0.000000000000000000e+00
0.000000000000000000e+00
0.000000000000000000e+00
0.000000000000000000e+00
0.000000000000000000e+00
0.000000000000000000e+00
0.000000000000000000e+00
0.000000000000000000e+00
0.000000000000000000e+00
0.000000000000000000e+00
2.852310000000000798e-11
3.232359840000000181e-07
4.286083999999998214e-06
3.766272629999996378e-03
8.878959999999993039e-03
9.781939999999999386e-03
1.271159999999998957e-01
1.096913000000000249e+00
9.281399999999999650e-01
1.217886409999999975e+00
1.855939999999999717e-03
2.345259999999999565e-04
0.000000000000000000e+00
0.000000000000000000e+00
0.000000000000000000e+00
0.000000000000000000e+00
0.000000000000000000e+00
0.000000000000000000e+00
0.000000000000000000e+00
0.000000000000000000e+00
0.000000000000000000e+00
0.000000000000000000e+00
0.000000000000000000e+00
0.000000000000000000e+00
0.000000000000000000e+00
0.000000000000000000e+00
0.000000000000000000e+00
0.000000000000000000e+00
1.806018523943706079e-12
2.615125480921448981e-07
3.407784765342551466e-06
2.904513142687888041e-03
6.607092225139931177e-03
7.139023822862335111e-03
9.736078383604500341e-02
4.152410907934864226e-01
3.651614071306554798e-01
3.302728544601146510e+00
2.878839514776835445e-02
3.219579231535213502e-03
0.000000000000000000e+00
0.000000000000000000e+00
0.000000000000000000e+00
0.000000000000000000e+00
0.000000000000000000e+00
0.000000000000000000e+00
0.000000000000000000e+00
0.000000000000000000e+00
0.000000000000000000e+00
0.000000000000000000e+00
0.000000000000000000e+00
0.000000000000000000e+00
0.000000000000000000e+00
0.000000000000000000e+00
0.000000000000000000e+00
0.000000000000000000e+00
0.000000000000000000e+00
5.646971100000002840e-07
7.210544000000001042e-06
5.987211299999998029e-03
1.278889999999999194e-02
1.354180000000000834e-02
1.906395000000001283e-01
4.817160000000001996e-01
1.260870000000000601e-01
6.678741999999997070e+00
1.260090000000000821e+00
1.775310000000000776e-01
0.000000000000000000e+00
0.000000000000000000e+00
0.000000000000000000e+00
0.000000000000000000e+00
0.000000000000000000e+00
0.000000000000000000e+00
0.000000000000000000e+00
0.000000000000000000e+00
0.000000000000000000e+00
0.000000000000000000e+00
0.000000000000000000e+00
0.000000000000000000e+00
0.000000000000000000e+00
0.000000000000000000e+00
0.000000000000000000e+00
0.000000000000000000e+00
0.000000000000000000e+00
1.183476589999998913e-06
1.517182999999999463e-05
1.258978709999999425e-02
2.678702000000000513e-02
2.834799999999998085e-02
3.984720999999996072e-01
1.011379999999999280e+00
2.508860000000000534e-01
1.190283299999998690e+01
2.855199999999998628e+00
8.117649999999998478e-01
