1.413616236154562888e-01
2.392781529666842405e-02
1.036021028184866584e-02
4.510841682254790541e+00
4.203315271447503366e-03
2.531399999999999970e-02
1.929159806404000810e-01
1.260188774488957796e-02
5.084644736609501836e-03
3.168242548934542491e+00
1.290749752155442657e-06
3.272999999999999798e-01
2.571598703483791160e-01
7.001585433707039306e-03
3.330062056712274152e-03
2.200629677600272505e+00
0.000000000000000000e+00
3.334000000000000297e-01
3.439761584055177623e-01
1.067795829880201957e-03
1.438856412489157273e-03
1.604671868197098394e+00
0.000000000000000000e+00
1.437999999999999834e-01
4.847735261976704457e-01
9.863419461007476123e-04
1.406332801883937878e-03
1.195679705422177719e+00
0.000000000000000000e+00
1.499369999999999870e-01
7.969665157289320678e-01
2.240911569546399137e-03
5.448394169796384051e-03
7.806099665302547175e-01
0.000000000000000000e+00
2.022757900000000247e-02
9.055776183783713629e-01
8.505877253702616436e-03
1.717166215319310477e-02
5.525055251399603184e-01
0.000000000000000000e+00
1.490560000000000006e-05
9.321973066813546982e-01
1.984474868937103828e-02
3.111288773174931618e-02
4.450809031524469161e-01
0.000000000000000000e+00
1.668589999999999935e-06
1.010999999999999677e+00
3.800999999999998824e-02
9.606000000000000649e-02
2.048999999999999433e-01
0.000000000000000000e+00
2.736999999999999958e-08
9.681924369945428266e-01
3.435810958126458287e-02
7.624421258091197695e-02
5.140972072921123903e-01
0.000000000000000000e+00
3.171999999999999552e-08
8.786119453816940705e-01
2.666762857225921796e-02
2.632761536146280626e-02
7.502200410774539918e-01
0.000000000000000000e+00
1.495399999999999944e-08
9.298131980239205951e-01
2.439666391827758490e-02
6.117399581918540191e-02
5.950520194245669803e-01
0.000000000000000000e+00
1.136440000000000017e-08
8.784160588718794571e-01
1.096591973538945872e-02
1.275493445335930745e-02
7.015180282459855254e-01
0.000000000000000000e+00
1.085500000000000026e-09
8.854999999999996207e-01
1.073999999999999781e-02
1.129999999999999581e-02
6.816999999999993065e-01
0.000000000000000000e+00
1.658999999999999906e-10
8.902000000000002133e-01
1.182000000000000238e-02
1.208000000000000219e-02
6.712000000000002409e-01
0.000000000000000000e+00
1.377000000000000001e-10
9.256793117360917478e-01
4.255229727662843825e-02
2.824564365128036728e-02
6.186559396733551930e-01
0.000000000000000000e+00
4.056499999999999899e-10
9.444000000000003503e-01
4.271000000000001184e-02
2.776000000000000342e-02
5.846000000000000085e-01
0.000000000000000000e+00
4.475000000000000056e-11
9.878797645050049203e-01
5.862121947874637806e-02
3.667863241802449964e-02
5.398455858363004900e-01
0.000000000000000000e+00
1.144899999999999970e-10
1.067803800801332414e+00
9.670459192661903791e-02
5.767183820862681332e-02
4.795123483281908405e-01
0.000000000000000000e+00
2.550799999999999996e-11
1.190462142126302192e+00
1.295238383086596279e-01
7.881735475810607017e-02
4.085873288184457275e-01
0.000000000000000000e+00
5.056500000000000840e-11
1.296197928102731600e+00
1.379480453551247821e-01
8.414036747849630571e-02
3.596771735598416897e-01
0.000000000000000000e+00
6.837999999999999742e-12
1.348999999999999533e+00
1.498999999999999222e-01
9.071999999999992570e-02
3.398999999999998689e-01
0.000000000000000000e+00
2.913999999999999902e-12
1.470040445017830599e+00
1.802128293126477598e-01
1.075487781416104710e-01
3.030794725275933188e-01
0.000000000000000000e+00
8.775000000000000071e-12
1.770603924287400543e+00
2.494954053578733733e-01
1.469093971007936761e-01
2.385097647892673312e-01
0.000000000000000000e+00
4.954900000000000223e-12
2.123000000000000664e+00
3.183000000000000829e-01
1.873000000000000220e-01
1.886000000000000176e-01
0.000000000000000000e+00
7.665999999999999849e-13
2.789302958659344078e+00
4.286298613681887026e-01
2.566146859063961339e-01
1.418565916192771892e-01
0.000000000000000000e+00
1.922879999999999981e-12
9.170999999999997598e+00
9.896999999999996911e-01
6.816000000000000947e-01
3.695999999999998592e-02
0.000000000000000000e+00
5.736999999999999940e-15
1.976000000000000512e+01
1.266000000000001124e+00
1.037000000000000144e+00
1.703000000000000694e-02
0.000000000000000000e+00
3.515999999999999842e-16
1.189923659765760589e-01
0.000000000000000000e+00
3.552922861219349766e-03
6.311437706180011098e+00
0.000000000000000000e+00
1.869200000000000028e-02
1.930756123048054107e-01
0.000000000000000000e+00
5.678627922308725163e-04
4.026832236786074048e+00
0.000000000000000000e+00
3.738400000000000056e-02
3.043859017063442751e-01
0.000000000000000000e+00
5.715966889459805537e-06
2.390225360496617490e+00
0.000000000000000000e+00
2.803800000000000042e-02
4.366719701259991759e-01
0.000000000000000000e+00
6.173016328167212732e-06
1.597178533050234828e+00
0.000000000000000000e+00
1.869200000000000028e-02
6.648914593132975170e-01
0.000000000000000000e+00
7.868617718846448111e-06
1.148677846439888350e+00
0.000000000000000000e+00
5.607600000000000084e-02
1.282643693248076699e+00
0.000000000000000000e+00
3.361034081907503425e-05
6.679572418549234447e-01
0.000000000000000000e+00
1.775739999999999263e-01
1.487003324450035802e+00
0.000000000000000000e+00
1.491139536426329404e-04
5.795655661655628732e-01
0.000000000000000000e+00
5.607600000000000084e-02
1.492002115983714239e+00
0.000000000000000000e+00
3.654763777106281777e-04
5.778366909392423922e-01
0.000000000000000000e+00
7.476800000000000113e-02
1.493000000000000105e+00
0.000000000000000000e+00
6.156999999999999496e-04
5.772999999999999243e-01
0.000000000000000000e+00
9.346000000000000141e-03
1.493999999999999551e+00
0.000000000000000000e+00
7.439098280378338927e-04
5.769008179439231165e-01
0.000000000000000000e+00
1.869200000000000028e-02
1.495500041425024795e+00
0.000000000000000000e+00
9.555049295779551163e-04
5.762999917149952411e-01
0.000000000000000000e+00
1.869200000000000028e-02
1.496999916350141069e+00
0.000000000000000000e+00
1.503902541242702669e-03
5.751903271390415018e-01
0.000000000000000000e+00
4.673000000000000070e-02
1.516539942392882478e+00
0.000000000000000000e+00
2.293878732643420820e-03
5.727975420065918311e-01
0.000000000000000000e+00
1.869200000000000028e-02
1.534000000000000474e+00
0.000000000000000000e+00
2.674000000000001029e-03
5.718000000000000860e-01
0.000000000000000000e+00
9.346000000000000141e-03
1.541999999999999149e+00
0.000000000000000000e+00
2.845999999999999572e-03
5.711000000000000520e-01
0.000000000000000000e+00
9.346000000000000141e-03
1.573302391006405676e+00
0.000000000000000000e+00
3.451237267095618420e-03
5.685575459650080710e-01
0.000000000000000000e+00
4.673000000000000070e-02
1.610000000000000098e+00
0.000000000000000000e+00
4.140999999999998848e-03
5.654999999999998916e-01
0.000000000000000000e+00
9.346000000000000141e-03
1.676713316969185463e+00
0.000000000000000000e+00
4.858014036276873775e-03
5.618668798850653401e-01
0.000000000000000000e+00
3.738400000000000056e-02
1.793435746664706176e+00
0.000000000000000000e+00
5.753862875889028186e-03
5.568647888335674923e-01
0.000000000000000000e+00
2.803800000000000042e-02
2.000086429478698413e+00
0.000000000000000000e+00
7.560186371510241830e-03
5.444147478617176183e-01
0.000000000000000000e+00
8.411399999999999433e-02
2.178055779195681829e+00
0.000000000000000000e+00
9.099605886451627573e-03
5.325435203086541502e-01
0.000000000000000000e+00
1.869200000000000028e-02
2.261000000000000121e+00
0.000000000000000000e+00
9.792999999999997887e-03
5.266999999999996129e-01
0.000000000000000000e+00
9.346000000000000141e-03
2.469699359752433487e+00
0.000000000000000000e+00
1.160113491620294243e-02
5.100445068987961017e-01
0.000000000000000000e+00
3.738400000000000056e-02
2.935025657686517242e+00
0.000000000000000000e+00
1.539248435937264417e-02
4.724504347608068366e-01
0.000000000000000000e+00
3.738400000000000056e-02
3.413999999999999257e+00
0.000000000000000000e+00
1.910999999999999505e-02
4.345999999999999308e-01
0.000000000000000000e+00
9.346000000000000141e-03
4.257948685552210399e+00
0.000000000000000000e+00
2.877030427738104870e-02
3.580797997909840880e-01
0.000000000000000000e+00
6.542200000000000792e-02
9.059000000000001052e+00
0.000000000000000000e+00
1.119999999999999746e-01
1.152000000000000662e-01
0.000000000000000000e+00
9.346000000000000141e-03
1.752999999999999403e+01
0.000000000000000000e+00
2.351999999999999091e-01
6.053999999999998272e-02
0.000000000000000000e+00
9.346000000000000141e-03
