1.360000000000001208e-01
2.878999999999999615e-02
1.238000000000000211e-02
4.527000000000001023e+00
9.432000000000001147e-03
7.084000000000000019e-03
1.433000000000000385e-01
2.216999999999998833e-02
9.629999999999999671e-03
4.505000000000001670e+00
2.313000000000001253e-03
1.822999999999999968e-02
1.630000000000000893e-01
1.381000000000000630e-02
6.038000000000000832e-03
3.994000000000000661e+00
1.043000000000000178e-05
4.078999999999999987e-02
2.085315493026176636e-01
1.263125748938706376e-02
5.098381744086551842e-03
2.868108909641955417e+00
0.000000000000000000e+00
1.686099999999999821e-01
1.834000000000000075e-01
1.218999999999999077e-02
4.771000000000000067e-03
3.272999999999999687e+00
0.000000000000000000e+00
1.179000000000000048e-01
2.207000000000000628e-01
1.143000000000000786e-02
4.804000000000001845e-03
2.548000000000002707e+00
0.000000000000000000e+00
1.223000000000000059e-01
2.451000000000000123e-01
7.542000000000000960e-03
3.563000000000001496e-03
2.298999999999999932e+00
0.000000000000000000e+00
1.136000000000000065e-01
3.337724113608045440e-01
1.557732660992718066e-03
1.540629956584113960e-03
1.569895859711239794e+00
0.000000000000000000e+00
1.779100000000000126e-01
3.293999999999999706e-01
9.475999999999997229e-04
1.379999999999999500e-03
1.783999999999999364e+00
0.000000000000000000e+00
6.339000000000000190e-02
3.766000000000000458e-01
9.281999999999996850e-04
1.313000000000000148e-03
1.696000000000000618e+00
0.000000000000000000e+00
4.830999999999999878e-02
5.186915942343458541e-01
9.545905923744571649e-04
1.325585269683818247e-03
1.005679119652820308e+00
0.000000000000000000e+00
6.146999999999999686e-02
4.829000000000001069e-01
9.913999999999999202e-04
1.423999999999999702e-03
1.116000000000000103e+00
0.000000000000000000e+00
1.830000000000000029e-02
5.550455123110691336e-01
1.093737302043203173e-03
1.645404629738557575e-03
1.025348442070661781e+00
0.000000000000000000e+00
2.809100000000000139e-02
6.528568759097252983e-01
1.207148359504772858e-03
2.169697860335322460e-03
9.096144828608442312e-01
0.000000000000000000e+00
7.343999999999999834e-03
7.086999999999995525e-01
1.353999999999999518e-03
2.795999999999999441e-03
8.517999999999994465e-01
0.000000000000000000e+00
2.075000000000000022e-03
7.572999999999999732e-01
1.377999999999999234e-03
3.384000000000000289e-03
7.913999999999997703e-01
0.000000000000000000e+00
1.430999999999999980e-03
7.656000000000000583e-01
1.416999999999999857e-03
3.778999999999999374e-03
8.044999999999998819e-01
0.000000000000000000e+00
9.860999999999999540e-04
7.929000000000001602e-01
1.576000000000000794e-03
4.204000000000001139e-03
7.812000000000004496e-01
0.000000000000000000e+00
6.788999999999999679e-04
8.403151257265430996e-01
1.750122425223948289e-03
4.787070250363028093e-03
7.295963045077801246e-01
0.000000000000000000e+00
7.881999999999999684e-04
8.609999999999995435e-01
1.978000000000000591e-03
5.690999999999999011e-03
7.173999999999999266e-01
0.000000000000000000e+00
2.204999999999999929e-04
8.474999999999995870e-01
2.176999999999999248e-03
6.012999999999997514e-03
7.491000000000000991e-01
0.000000000000000000e+00
1.519000000000000059e-04
8.836912919053622195e-01
2.451532284059316624e-03
6.990554235393507156e-03
7.048696701869979764e-01
0.000000000000000000e+00
1.765399999999999869e-04
8.831999999999997630e-01
3.040000000000000167e-03
7.583000000000000330e-03
7.141999999999997240e-01
0.000000000000000000e+00
4.945000000000000258e-05
9.226848905498188369e-01
3.605448702268473221e-03
9.220864819235357127e-03
6.648630091453371360e-01
0.000000000000000000e+00
5.734999999999999809e-05
9.087000000000005073e-01
3.998999999999999951e-03
1.020000000000000247e-02
6.871000000000002661e-01
0.000000000000000000e+00
1.605000000000000049e-05
9.043000000000003258e-01
4.705000000000000848e-03
1.078000000000000139e-02
6.946000000000004393e-01
0.000000000000000000e+00
1.101999999999999952e-05
8.944000000000000838e-01
5.231000000000001274e-03
1.064000000000000536e-02
7.099000000000003086e-01
0.000000000000000000e+00
7.568999999999999868e-06
9.085000000000001963e-01
5.971999999999999878e-03
1.401999999999999774e-02
6.942000000000003723e-01
0.000000000000000000e+00
5.200000000000000188e-06
8.964999999999997415e-01
6.477999999999995047e-03
1.616999999999998647e-02
5.416999999999997373e-01
0.000000000000000000e+00
3.584999999999999981e-06
8.995753217449009576e-01
9.263887431973040834e-03
1.694826533559286655e-02
5.718580402583413047e-01
0.000000000000000000e+00
5.321000000000000385e-06
9.304000000000002268e-01
1.097000000000000232e-02
2.222999999999999976e-02
3.548000000000000598e-01
0.000000000000000000e+00
7.996000000000000396e-07
9.238000000000002876e-01
1.724000000000000532e-02
2.559000000000000510e-02
4.451000000000001067e-01
0.000000000000000000e+00
5.493999999999999830e-07
9.618000000000003213e-01
1.415000000000000459e-02
2.813000000000000569e-02
1.628000000000000280e-01
0.000000000000000000e+00
3.773999999999999781e-07
8.909000000000002473e-01
1.540000000000000917e-02
2.148999999999999869e-02
6.782000000000001361e-01
0.000000000000000000e+00
2.591999999999999917e-07
1.000999999999999668e+00
1.487999999999999913e-02
4.664000000000002866e-02
2.316000000000000003e-01
0.000000000000000000e+00
1.777999999999999907e-07
8.771000000000001018e-01
1.736000000000000737e-02
3.041000000000000300e-02
5.269000000000000350e-01
0.000000000000000000e+00
1.227000000000000068e-07
9.493000000000000327e-01
1.674999999999999406e-02
4.315999999999999698e-02
2.776000000000001244e-01
0.000000000000000000e+00
8.432000000000000330e-08
8.931999999999997719e-01
3.957999999999998325e-02
2.495999999999999608e-02
7.248999999999996557e-01
0.000000000000000000e+00
5.794999999999999944e-08
9.657999999999997698e-01
2.440000000000000502e-02
3.008999999999998481e-02
5.123999999999999666e-01
0.000000000000000000e+00
3.982000000000000187e-08
9.509292485299268849e-01
3.496248297882228323e-02
5.947944764053278432e-02
4.699667181577794617e-01
0.000000000000000000e+00
4.616999999999999587e-08
1.057000000000000828e+00
3.707000000000001266e-02
1.379000000000000503e-01
2.680000000000002380e-01
0.000000000000000000e+00
1.291999999999999922e-08
8.657000000000003581e-01
2.364000000000000476e-02
1.909000000000000280e-02
7.707999999999999297e-01
0.000000000000000000e+00
8.871999999999999969e-09
9.015891794390368252e-01
4.729197764860752773e-02
3.869821587553053110e-02
7.154754720427566328e-01
0.000000000000000000e+00
1.027900000000000059e-08
1.101000000000000423e+00
8.257000000000000450e-03
1.744000000000000550e-01
1.841000000000000691e-01
0.000000000000000000e+00
2.884999999999999860e-09
8.943460028702089337e-01
9.854588248958582111e-03
4.329911244408148063e-02
6.517648182747107777e-01
0.000000000000000000e+00
3.345999999999999819e-09
8.766999999999998128e-01
2.370999999999999497e-02
2.089999999999999497e-02
7.131999999999996120e-01
0.000000000000000000e+00
9.363999999999999924e-10
8.784160588718794571e-01
1.096591973538945872e-02
1.275493445335930745e-02
7.015180282459855254e-01
0.000000000000000000e+00
1.085500000000000026e-09
8.854999999999996207e-01
1.073999999999999781e-02
1.129999999999999581e-02
6.816999999999993065e-01
0.000000000000000000e+00
1.658999999999999906e-10
8.902000000000002133e-01
1.182000000000000238e-02
1.208000000000000219e-02
6.712000000000002409e-01
0.000000000000000000e+00
1.377000000000000001e-10
8.983999999999999764e-01
1.578999999999999501e-02
1.509999999999999711e-02
6.569000000000002615e-01
0.000000000000000000e+00
1.139000000000000022e-10
9.261000000000004784e-01
4.876000000000001861e-02
3.355999999999999955e-02
6.229000000000000092e-01
0.000000000000000000e+00
9.426000000000000589e-11
9.374999999999998890e-01
6.350000000000000089e-02
3.836000000000000520e-02
6.069999999999999840e-01
0.000000000000000000e+00
7.839000000000000020e-11
9.307999999999994056e-01
4.433999999999997665e-02
2.799999999999999364e-02
6.083999999999999408e-01
0.000000000000000000e+00
6.512000000000000363e-11
9.356999999999995321e-01
4.106999999999998152e-02
2.661999999999999089e-02
5.982999999999998320e-01
0.000000000000000000e+00
5.397999999999999738e-11
9.444000000000003503e-01
4.271000000000001184e-02
2.776000000000000342e-02
5.846000000000000085e-01
0.000000000000000000e+00
4.475000000000000056e-11
9.567999999999997618e-01
4.667999999999996458e-02
3.007999999999998522e-02
5.688999999999996282e-01
0.000000000000000000e+00
3.709999999999999984e-11
9.846711452431718969e-01
5.690141135115119736e-02
3.576050135027497578e-02
5.413421309478605448e-01
0.000000000000000000e+00
5.624999999999999963e-11
1.031416685862935889e+00
7.714050932938679161e-02
4.683220511388606205e-02
5.040419866393971438e-01
0.000000000000000000e+00
3.018400000000000144e-11
1.066000000000000503e+00
9.561000000000004218e-02
5.703000000000001818e-02
4.804000000000001602e-01
0.000000000000000000e+00
8.496999999999999842e-12
1.087000000000000632e+00
1.079000000000000792e-01
6.395000000000004847e-02
4.672000000000002817e-01
0.000000000000000000e+00
7.966999999999999475e-12
1.119977343639288137e+00
1.264241439697524894e-01
7.487739195182975538e-02
4.473301970734463451e-01
0.000000000000000000e+00
1.439899999999999953e-11
1.148999999999999577e+00
1.373000000000000054e-01
8.198999999999999344e-02
4.306000000000003158e-01
0.000000000000000000e+00
6.471000000000000195e-12
1.164000000000000368e+00
1.367000000000000159e-01
8.249000000000002164e-02
4.221000000000000862e-01
0.000000000000000000e+00
6.005000000000000363e-12
1.177000000000000046e+00
1.324999999999999789e-01
8.074999999999996070e-02
4.147999999999997245e-01
0.000000000000000000e+00
5.566000000000000315e-12
1.221398466390682058e+00
1.274519199155256244e-01
7.840218694301569202e-02
3.920848190010592926e-01
0.000000000000000000e+00
1.812399999999999992e-11
1.279000000000000137e+00
1.343000000000000027e-01
8.216000000000001080e-02
3.664000000000001145e-01
0.000000000000000000e+00
3.590999999999999946e-12
1.312000000000000721e+00
1.412999999999999534e-01
8.595999999999999475e-02
3.535000000000000364e-01
0.000000000000000000e+00
3.247000000000000200e-12
1.348999999999999533e+00
1.498999999999999222e-01
9.071999999999992570e-02
3.398999999999998689e-01
0.000000000000000000e+00
2.913999999999999902e-12
1.390999999999999792e+00
1.602000000000000368e-01
9.641000000000002346e-02
3.259000000000001895e-01
0.000000000000000000e+00
2.604999999999999906e-12
1.438000000000000167e+00
1.722000000000000197e-01
1.031000000000000527e-01
3.113000000000001877e-01
0.000000000000000000e+00
2.324000000000000195e-12
1.523633171563842481e+00
1.937329758158085613e-01
1.150683903588163165e-01
2.881163900338875039e-01
0.000000000000000000e+00
3.845999999999999566e-12
1.770603924287400543e+00
2.494954053578733733e-01
1.469093971007936761e-01
2.385097647892673312e-01
0.000000000000000000e+00
4.954900000000000223e-12
2.123000000000000664e+00
3.183000000000000829e-01
1.873000000000000220e-01
1.886000000000000176e-01
0.000000000000000000e+00
7.665999999999999849e-13
2.318999999999999062e+00
3.530000000000000360e-01
2.083000000000000684e-01
1.691000000000000281e-01
0.000000000000000000e+00
6.074000000000000170e-13
2.558000000000000718e+00
3.938999999999998614e-01
2.337000000000000466e-01
1.499000000000000887e-01
0.000000000000000000e+00
4.719000000000000390e-13
2.852000000000000313e+00
4.433999999999997943e-01
2.648999999999999133e-01
1.314999999999999780e-01
0.000000000000000000e+00
3.505000000000000211e-13
3.228000000000000647e+00
5.046000000000000485e-01
3.044000000000000594e-01
1.134999999999999898e-01
0.000000000000000000e+00
2.499999999999999950e-13
3.740000000000001545e+00
5.824000000000003618e-01
3.557000000000001827e-01
9.576000000000001178e-02
0.000000000000000000e+00
1.479000000000000059e-13
4.901055538308711768e+00
7.192176008384753017e-01
4.518416476848348129e-01
7.220730340598013886e-02
0.000000000000000000e+00
9.517999999999999177e-14
9.773053949375533733e+00
1.005409463236609069e+00
7.018068159040581344e-01
3.582684906874541997e-02
0.000000000000000000e+00
6.088599999999999579e-15
1.111999999999999794e-01
0.000000000000000000e+00
4.648999999999998620e-03
6.296000000000000263e+00
0.000000000000000000e+00
9.346000000000000141e-03
1.218000000000000471e-01
0.000000000000000000e+00
3.157999999999999783e-03
6.317000000000002835e+00
0.000000000000000000e+00
9.346000000000000141e-03
1.460000000000000742e-01
0.000000000000000000e+00
1.658000000000001486e-03
5.415000000000000924e+00
0.000000000000000000e+00
9.346000000000000141e-03
2.051097811724427733e-01
0.000000000000000000e+00
6.732232819383785968e-04
3.581626375448900834e+00
0.000000000000000000e+00
1.869200000000000028e-02
1.978000000000000314e-01
0.000000000000000000e+00
5.816000000000000728e-06
3.993999999999998884e+00
0.000000000000000000e+00
9.346000000000000141e-03
2.533000000000000251e-01
0.000000000000000000e+00
5.783999999999999171e-06
2.851999999999998092e+00
0.000000000000000000e+00
9.346000000000000141e-03
2.953000000000000624e-01
0.000000000000000000e+00
5.715000000000002881e-06
2.444000000000000394e+00
0.000000000000000000e+00
9.346000000000000141e-03
4.095542794127659536e-01
0.000000000000000000e+00
5.730969263008733597e-06
1.604287727808634934e+00
0.000000000000000000e+00
1.869200000000000028e-02
4.284000000000000030e-01
0.000000000000000000e+00
6.463000000000002326e-06
1.750999999999999890e+00
0.000000000000000000e+00
9.346000000000000141e-03
4.951000000000003731e-01
0.000000000000000000e+00
7.063000000000004205e-06
1.658000000000000584e+00
0.000000000000000000e+00
9.346000000000000141e-03
6.798424373400664411e-01
0.000000000000000000e+00
1.097229481025656584e-05
9.816321253629224364e-01
0.000000000000000000e+00
1.869200000000000028e-02
6.835999999999999854e-01
0.000000000000000000e+00
5.531000000000000915e-06
1.048000000000000265e+00
0.000000000000000000e+00
9.346000000000000141e-03
8.224868724110321327e-01
0.000000000000000000e+00
6.398789434275315398e-06
9.368159470477013251e-01
0.000000000000000000e+00
2.803800000000000042e-02
1.012744221050075666e+00
0.000000000000000000e+00
9.010667661729217736e-06
7.974799345273867468e-01
0.000000000000000000e+00
1.869200000000000028e-02
1.117999999999999661e+00
0.000000000000000000e+00
1.148999999999999672e-05
7.350000000000000977e-01
0.000000000000000000e+00
9.346000000000000141e-03
1.180999999999999828e+00
0.000000000000000000e+00
1.359999999999999854e-05
7.030999999999999472e-01
0.000000000000000000e+00
9.346000000000000141e-03
1.235000000000000098e+00
0.000000000000000000e+00
1.618999999999999915e-05
6.773000000000001242e-01
0.000000000000000000e+00
9.346000000000000141e-03
1.283999999999999586e+00
0.000000000000000000e+00
1.929999999999999479e-05
6.558999999999997055e-01
0.000000000000000000e+00
9.346000000000000141e-03
1.338816394087521289e+00
0.000000000000000000e+00
2.328209842353342083e-05
6.336240161334673049e-01
0.000000000000000000e+00
1.869200000000000028e-02
1.382999999999999785e+00
0.000000000000000000e+00
2.887000000000000311e-05
6.162999999999999590e-01
0.000000000000000000e+00
9.346000000000000141e-03
1.406000000000000361e+00
0.000000000000000000e+00
3.296000000000000969e-05
6.081000000000001959e-01
0.000000000000000000e+00
9.346000000000000141e-03
1.430470875610672099e+00
0.000000000000000000e+00
4.029947638732305767e-05
5.990104847801577259e-01
0.000000000000000000e+00
1.869200000000000028e-02
1.450000000000000178e+00
0.000000000000000000e+00
4.911999999999999049e-05
5.920999999999998487e-01
0.000000000000000000e+00
9.346000000000000141e-03
1.463494331806983739e+00
0.000000000000000000e+00
5.985875689026293038e-05
5.876520243546491384e-01
0.000000000000000000e+00
1.869200000000000028e-02
1.472999999999999643e+00
0.000000000000000000e+00
7.249999999999990556e-05
5.844999999999996865e-01
0.000000000000000000e+00
9.346000000000000141e-03
1.477000000000000091e+00
0.000000000000000000e+00
8.241999999999997321e-05
5.829999999999999627e-01
0.000000000000000000e+00
9.346000000000000141e-03
1.481000000000000094e+00
0.000000000000000000e+00
9.360999999999999313e-05
5.818000000000003169e-01
0.000000000000000000e+00
9.346000000000000141e-03
1.482999999999999430e+00
0.000000000000000000e+00
1.063000000000000224e-04
5.808999999999997499e-01
0.000000000000000000e+00
9.346000000000000141e-03
1.484999999999999432e+00
0.000000000000000000e+00
1.205999999999999770e-04
5.801999999999997160e-01
0.000000000000000000e+00
9.346000000000000141e-03
1.488001604447686699e+00
0.000000000000000000e+00
1.560316183468750840e-04
5.792327789088184131e-01
0.000000000000000000e+00
2.803800000000000042e-02
1.490000000000000213e+00
0.000000000000000000e+00
1.995000000000000787e-04
5.786000000000002252e-01
0.000000000000000000e+00
9.346000000000000141e-03
1.491000000000000547e+00
0.000000000000000000e+00
2.261999999999999146e-04
5.783000000000000362e-01
0.000000000000000000e+00
9.346000000000000141e-03
1.491000000000000325e+00
0.000000000000000000e+00
2.563999999999998897e-04
5.781999999999999362e-01
0.000000000000000000e+00
9.346000000000000141e-03
1.492000000000000215e+00
0.000000000000000000e+00
2.906000000000001247e-04
5.780000000000000693e-01
0.000000000000000000e+00
9.346000000000000141e-03
1.491999999999999771e+00
0.000000000000000000e+00
3.293999999999999294e-04
5.778999999999999693e-01
0.000000000000000000e+00
9.346000000000000141e-03
1.492000000000000659e+00
0.000000000000000000e+00
3.733000000000000207e-04
5.777999999999999803e-01
0.000000000000000000e+00
9.346000000000000141e-03
1.492000000000001325e+00
0.000000000000000000e+00
4.230000000000001988e-04
5.776000000000003354e-01
0.000000000000000000e+00
9.346000000000000141e-03
1.492999999999999883e+00
0.000000000000000000e+00
4.793999999999997807e-04
5.774999999999997913e-01
0.000000000000000000e+00
9.346000000000000141e-03
1.492999999999999883e+00
0.000000000000000000e+00
5.432999999999999245e-04
5.774000000000000243e-01
0.000000000000000000e+00
9.346000000000000141e-03
1.493501482287295845e+00
0.000000000000000000e+00
6.567713993295508758e-04
5.771997035425405764e-01
0.000000000000000000e+00
1.869200000000000028e-02
1.494000000000000217e+00
0.000000000000000000e+00
7.906000000000000267e-04
5.767000000000001014e-01
0.000000000000000000e+00
9.346000000000000141e-03
1.494999999999999440e+00
0.000000000000000000e+00
8.959999999999996613e-04
5.763999999999999124e-01
0.000000000000000000e+00
9.346000000000000141e-03
1.495999999999999330e+00
0.000000000000000000e+00
1.082478628349091074e-03
5.760500474925576153e-01
0.000000000000000000e+00
1.869200000000000028e-02
1.497000000000000330e+00
0.000000000000000000e+00
1.304000000000000471e-03
5.756000000000000005e-01
0.000000000000000000e+00
9.346000000000000141e-03
1.497501255161242328e+00
0.000000000000000000e+00
1.575747266764689720e-03
5.751994979355032900e-01
0.000000000000000000e+00
1.869200000000000028e-02
1.497000000000000552e+00
0.000000000000000000e+00
1.897000000000000899e-03
5.741000000000001657e-01
0.000000000000000000e+00
9.346000000000000141e-03
1.516539942392882478e+00
0.000000000000000000e+00
2.293878732643420820e-03
5.727975420065918311e-01
0.000000000000000000e+00
1.869200000000000028e-02
1.534000000000000474e+00
0.000000000000000000e+00
2.674000000000001029e-03
5.718000000000000860e-01
0.000000000000000000e+00
9.346000000000000141e-03
1.541999999999999149e+00
0.000000000000000000e+00
2.845999999999999572e-03
5.711000000000000520e-01
0.000000000000000000e+00
9.346000000000000141e-03
1.550999999999999934e+00
0.000000000000000000e+00
3.028999999999999141e-03
5.702000000000001512e-01
0.000000000000000000e+00
9.346000000000000141e-03
1.560999999999999943e+00
0.000000000000000000e+00
3.224999999999998701e-03
5.694000000000000172e-01
0.000000000000000000e+00
9.346000000000000141e-03
1.572000000000001174e+00
0.000000000000000000e+00
3.432000000000001889e-03
5.687000000000002053e-01
0.000000000000000000e+00
9.346000000000000141e-03
1.583999999999999408e+00
0.000000000000000000e+00
3.652999999999999130e-03
5.678999999999999604e-01
0.000000000000000000e+00
9.346000000000000141e-03
1.597000000000000419e+00
0.000000000000000000e+00
3.888999999999999662e-03
5.667000000000000925e-01
0.000000000000000000e+00
9.346000000000000141e-03
1.610000000000000098e+00
0.000000000000000000e+00
4.140999999999998848e-03
5.654999999999998916e-01
0.000000000000000000e+00
9.346000000000000141e-03
1.628999999999999115e+00
0.000000000000000000e+00
4.406999999999999459e-03
5.641999999999999238e-01
0.000000000000000000e+00
9.346000000000000141e-03
1.671138596894806261e+00
0.000000000000000000e+00
4.844222913777699799e-03
5.619934777931854253e-01
0.000000000000000000e+00
1.869200000000000028e-02
1.744985477863774337e+00
0.000000000000000000e+00
5.398231274987071171e-03
5.589338980830755865e-01
0.000000000000000000e+00
1.869200000000000028e-02
1.792000000000000703e+00
0.000000000000000000e+00
5.744000000000001709e-03
5.568999999999998396e-01
0.000000000000000000e+00
9.346000000000000141e-03
1.816999999999999726e+00
0.000000000000000000e+00
5.932999999999998171e-03
5.557999999999998497e-01
0.000000000000000000e+00
9.346000000000000141e-03
1.855511006573840049e+00
0.000000000000000000e+00
6.246942050712483811e-03
5.537226246478303970e-01
0.000000000000000000e+00
1.869200000000000028e-02
1.896000000000000130e+00
0.000000000000000000e+00
6.581999999999999310e-03
5.514999999999997682e-01
0.000000000000000000e+00
9.346000000000000141e-03
1.922999999999999821e+00
0.000000000000000000e+00
6.829999999999998399e-03
5.497999999999997334e-01
0.000000000000000000e+00
9.346000000000000141e-03
1.950999999999999401e+00
0.000000000000000000e+00
7.099000000000002010e-03
5.478999999999999426e-01
0.000000000000000000e+00
9.346000000000000141e-03
2.049051892502116612e+00
0.000000000000000000e+00
8.013313843187310978e-03
5.411380426542300448e-01
0.000000000000000000e+00
3.738400000000000056e-02
2.145999999999999908e+00
0.000000000000000000e+00
8.835000000000000839e-03
5.346999999999999531e-01
0.000000000000000000e+00
9.346000000000000141e-03
2.201000000000000512e+00
0.000000000000000000e+00
9.288999999999998647e-03
5.310000000000001386e-01
0.000000000000000000e+00
9.346000000000000141e-03
2.261000000000000121e+00
0.000000000000000000e+00
9.792999999999997887e-03
5.266999999999996129e-01
0.000000000000000000e+00
9.346000000000000141e-03
2.327000000000000846e+00
0.000000000000000000e+00
1.034999999999999809e-02
5.216999999999999416e-01
0.000000000000000000e+00
9.346000000000000141e-03
2.399000000000001354e+00
0.000000000000000000e+00
1.098000000000000365e-02
5.159999999999997922e-01
0.000000000000000000e+00
9.346000000000000141e-03
2.531383668366406159e+00
0.000000000000000000e+00
1.214239968887815234e-02
5.049435585515438252e-01
0.000000000000000000e+00
1.869200000000000028e-02
2.935025657686517242e+00
0.000000000000000000e+00
1.539248435937264417e-02
4.724504347608068366e-01
0.000000000000000000e+00
3.738400000000000056e-02
3.413999999999999257e+00
0.000000000000000000e+00
1.910999999999999505e-02
4.345999999999999308e-01
0.000000000000000000e+00
9.346000000000000141e-03
3.673999999999999488e+00
0.000000000000000000e+00
2.136000000000001092e-02
4.125000000000002554e-01
0.000000000000000000e+00
9.346000000000000141e-03
3.964999999999998082e+00
0.000000000000000000e+00
2.419999999999998888e-02
3.868000000000000882e-01
0.000000000000000000e+00
9.346000000000000141e-03
4.284000000000000696e+00
0.000000000000000000e+00
2.788000000000000200e-02
3.559999999999998166e-01
0.000000000000000000e+00
9.346000000000000141e-03
4.642000000000001236e+00
0.000000000000000000e+00
3.291000000000000869e-02
3.191999999999999837e-01
0.000000000000000000e+00
9.346000000000000141e-03
5.064000000000002721e+00
0.000000000000000000e+00
4.012999999999999901e-02
2.763999999999998680e-01
0.000000000000000000e+00
9.346000000000000141e-03
5.926610126223036623e+00
0.000000000000000000e+00
5.687260396405106888e-02
2.117162423379378988e-01
0.000000000000000000e+00
1.869200000000000028e-02
9.559248437094225892e+00
0.000000000000000000e+00
1.192754819324765708e-01
1.119720954348281672e-01
0.000000000000000000e+00
1.869200000000000028e-02
