1.546391392903669892e-01
1.771942660751869500e-02
7.708060520349089423e-03
4.193702659639075847e+00
1.630520579027231213e-03
6.610399999999999610e-02
1.976999999999999591e-01
1.310999999999999839e-02
5.928999999999999375e-03
3.137999999999998124e+00
0.000000000000000000e+00
7.006999999999999340e-02
2.157999999999999363e-01
1.231000000000000150e-02
4.541000000000002500e-03
2.686999999999998945e+00
0.000000000000000000e+00
9.854000000000000259e-02
2.012276072743016397e-01
1.182675652738687105e-02
4.786772413942408898e-03
2.926484845204586627e+00
0.000000000000000000e+00
2.402000000000000246e-01
2.451000000000000123e-01
7.542000000000000960e-03
3.563000000000001496e-03
2.298999999999999932e+00
0.000000000000000000e+00
1.136000000000000065e-01
3.075000000000001621e-01
1.892999999999999934e-03
1.572000000000000697e-03
1.739000000000000323e+00
0.000000000000000000e+00
9.750000000000000333e-02
3.610999999999998100e-01
1.208999999999999788e-03
1.507999999999999358e-03
1.393999999999999684e+00
0.000000000000000000e+00
8.040999999999999537e-02
4.061128226411352404e-01
9.359544347126294095e-04
1.336641958472360898e-03
1.548308780424909825e+00
0.000000000000000000e+00
1.474099999999999855e-01
4.611000000000001764e-01
9.776000000000003437e-04
1.351000000000000855e-03
1.091000000000000414e+00
0.000000000000000000e+00
2.576000000000000165e-02
4.829000000000001069e-01
9.913999999999999202e-04
1.423999999999999702e-03
1.116000000000000103e+00
0.000000000000000000e+00
1.830000000000000029e-02
5.193000000000000949e-01
1.064000000000000492e-03
1.528000000000000929e-03
1.072000000000000508e+00
0.000000000000000000e+00
1.286999999999999950e-02
5.601999999999999202e-01
1.090000000000000257e-03
1.645999999999999894e-03
1.014000000000000234e+00
0.000000000000000000e+00
8.987000000000000197e-03
5.950000000000000844e-01
1.136000000000000074e-03
1.795000000000000154e-03
9.783999999999999364e-01
0.000000000000000000e+00
6.233999999999999958e-03
6.339000000000000190e-01
1.188000000000000254e-03
2.028000000000000289e-03
9.313000000000003498e-01
0.000000000000000000e+00
4.338999999999999975e-03
6.904178640947411516e-01
1.288558263520946578e-03
2.550853177634022136e-03
8.695627570443152932e-01
0.000000000000000000e+00
5.079999999999999447e-03
7.572999999999999732e-01
1.377999999999999234e-03
3.384000000000000289e-03
7.913999999999997703e-01
0.000000000000000000e+00
1.430999999999999980e-03
7.656000000000000583e-01
1.416999999999999857e-03
3.778999999999999374e-03
8.044999999999998819e-01
0.000000000000000000e+00
9.860999999999999540e-04
8.239007194961388558e-01
1.689843850029762841e-03
4.585220064295402430e-03
7.474607308447381859e-01
0.000000000000000000e+00
1.467099999999999828e-03
8.609999999999995435e-01
1.978000000000000591e-03
5.690999999999999011e-03
7.173999999999999266e-01
0.000000000000000000e+00
2.204999999999999929e-04
8.474999999999995870e-01
2.176999999999999248e-03
6.012999999999997514e-03
7.491000000000000991e-01
0.000000000000000000e+00
1.519000000000000059e-04
8.835297377145102660e-01
2.645041325534554927e-03
7.185371400260072774e-03
7.079378133150806551e-01
0.000000000000000000e+00
2.259899999999999962e-04
9.181000000000005823e-01
3.461000000000000968e-03
8.647999999999997703e-03
6.693000000000000060e-01
0.000000000000000000e+00
3.398999999999999813e-05
9.274000000000000021e-01
3.754000000000001259e-03
9.809999999999999276e-03
6.602999999999998870e-01
0.000000000000000000e+00
2.335999999999999996e-05
9.087000000000005073e-01
3.998999999999999951e-03
1.020000000000000247e-02
6.871000000000002661e-01
0.000000000000000000e+00
1.605000000000000049e-05
9.043000000000003258e-01
4.705000000000000848e-03
1.078000000000000139e-02
6.946000000000004393e-01
0.000000000000000000e+00
1.101999999999999952e-05
8.944000000000000838e-01
5.231000000000001274e-03
1.064000000000000536e-02
7.099000000000003086e-01
0.000000000000000000e+00
7.568999999999999868e-06
9.085000000000001963e-01
5.971999999999999878e-03
1.401999999999999774e-02
6.942000000000003723e-01
0.000000000000000000e+00
5.200000000000000188e-06
9.038529267601206341e-01
7.510390662671064324e-03
1.696987919485100360e-02
5.256527341654106955e-01
0.000000000000000000e+00
6.049000000000000022e-06
8.938000000000000389e-01
1.032000000000000105e-02
1.751000000000000473e-02
5.437999999999998391e-01
0.000000000000000000e+00
1.692999999999999927e-06
8.934999999999998499e-01
8.919000000000001580e-03
1.554000000000000520e-02
6.633999999999999897e-01
0.000000000000000000e+00
1.163999999999999994e-06
9.271292872833939436e-01
1.407717708077538439e-02
2.389509011027196941e-02
3.995492967135593210e-01
0.000000000000000000e+00
1.349000000000000128e-06
9.618000000000003213e-01
1.415000000000000459e-02
2.813000000000000569e-02
1.628000000000000280e-01
0.000000000000000000e+00
3.773999999999999781e-07
8.909000000000002473e-01
1.540000000000000917e-02
2.148999999999999869e-02
6.782000000000001361e-01
0.000000000000000000e+00
2.591999999999999917e-07
9.414577509311521375e-01
1.634579605749173631e-02
3.992049977169142422e-02
3.481779845682131946e-01
0.000000000000000000e+00
3.848200000000000273e-07
8.931999999999997719e-01
3.957999999999998325e-02
2.495999999999999608e-02
7.248999999999996557e-01
0.000000000000000000e+00
5.794999999999999944e-08
9.657999999999997698e-01
2.440000000000000502e-02
3.008999999999998481e-02
5.123999999999999666e-01
0.000000000000000000e+00
3.982000000000000187e-08
9.509292485299268849e-01
3.496248297882228323e-02
5.947944764053278432e-02
4.699667181577794617e-01
0.000000000000000000e+00
4.616999999999999587e-08
9.542939154981023853e-01
2.985963557312863031e-02
7.411270308588333022e-02
5.379457359516695014e-01
0.000000000000000000e+00
2.179200000000000085e-08
9.015891794390368252e-01
4.729197764860752773e-02
3.869821587553053110e-02
7.154754720427566328e-01
0.000000000000000000e+00
1.027900000000000059e-08
1.101000000000000423e+00
8.257000000000000450e-03
1.744000000000000550e-01
1.841000000000000691e-01
0.000000000000000000e+00
2.884999999999999860e-09
8.882212360862292710e-01
1.466367540004416374e-02
3.552458464324172172e-02
6.730884099779661511e-01
0.000000000000000000e+00
4.282400000000000018e-09
8.729000000000001203e-01
1.064999999999999801e-02
1.106000000000000039e-02
7.124999999999999112e-01
0.000000000000000000e+00
6.435000000000000009e-10
8.838999999999994639e-01
1.128000000000000010e-02
1.443999999999999277e-02
6.906000000000001027e-01
0.000000000000000000e+00
4.420000000000000246e-10
8.854999999999996207e-01
1.073999999999999781e-02
1.129999999999999581e-02
6.816999999999993065e-01
0.000000000000000000e+00
1.658999999999999906e-10
8.902000000000002133e-01
1.182000000000000238e-02
1.208000000000000219e-02
6.712000000000002409e-01
0.000000000000000000e+00
1.377000000000000001e-10
8.983999999999999764e-01
1.578999999999999501e-02
1.509999999999999711e-02
6.569000000000002615e-01
0.000000000000000000e+00
1.139000000000000022e-10
9.317968104038600874e-01
5.612587590814822197e-02
3.595865701215136823e-02
6.149544486472487970e-01
0.000000000000000000e+00
1.726500000000000190e-10
9.332721617747925524e-01
4.269021040743424533e-02
2.730375852056858219e-02
6.033043196070601022e-01
0.000000000000000000e+00
1.191000000000000075e-10
9.444000000000003503e-01
4.271000000000001184e-02
2.776000000000000342e-02
5.846000000000000085e-01
0.000000000000000000e+00
4.475000000000000056e-11
9.652790432246605157e-01
4.969813562401618340e-02
3.177076159539368033e-02
5.599667223168742769e-01
0.000000000000000000e+00
6.785999999999999882e-11
1.009454338654658168e+00
6.713916595839605761e-02
4.136366975229116560e-02
5.206380151755809482e-01
0.000000000000000000e+00
4.662999999999999821e-11
1.047999999999999821e+00
8.519999999999998408e-02
5.124999999999997613e-02
4.924999999999999378e-01
0.000000000000000000e+00
9.044000000000000641e-12
1.066000000000000503e+00
9.561000000000004218e-02
5.703000000000001818e-02
4.804000000000001602e-01
0.000000000000000000e+00
8.496999999999999842e-12
1.087000000000000632e+00
1.079000000000000792e-01
6.395000000000004847e-02
4.672000000000002817e-01
0.000000000000000000e+00
7.966999999999999475e-12
1.130557984485778489e+00
1.303890989733184902e-01
7.747039895657166497e-02
4.412309550080385501e-01
0.000000000000000000e+00
2.087000000000000134e-11
1.170886268580331846e+00
1.344752055355855624e-01
8.156829943617122103e-02
4.182330953356608871e-01
0.000000000000000000e+00
1.157100000000000068e-11
1.189999999999999947e+00
1.281999999999999806e-01
7.869999999999999218e-02
4.073999999999998733e-01
0.000000000000000000e+00
5.130000000000000153e-12
1.205999999999999739e+00
1.259000000000000397e-01
7.757000000000005557e-02
3.993000000000000993e-01
0.000000000000000000e+00
4.722000000000000276e-12
1.289048462550230978e+00
1.372568664109825864e-01
8.378520907612477253e-02
3.632024591309755412e-01
0.000000000000000000e+00
1.802400000000000156e-11
1.390999999999999792e+00
1.602000000000000368e-01
9.641000000000002346e-02
3.259000000000001895e-01
0.000000000000000000e+00
2.604999999999999906e-12
1.438000000000000167e+00
1.722000000000000197e-01
1.031000000000000527e-01
3.113000000000001877e-01
0.000000000000000000e+00
2.324000000000000195e-12
1.491999999999999993e+00
1.859000000000000652e-01
1.106999999999999929e-01
2.960999999999999743e-01
0.000000000000000000e+00
2.034000000000000017e-12
1.591178195326142575e+00
2.102023226595317040e-01
1.243378347674871653e-01
2.720354613250462461e-01
0.000000000000000000e+00
3.368000000000000189e-12
1.719000000000000750e+00
2.393999999999999739e-01
1.410000000000000142e-01
2.459000000000000075e-01
0.000000000000000000e+00
1.333000000000000076e-12
1.827999999999999403e+00
2.622999999999999221e-01
1.541999999999999760e-01
2.273999999999998245e-01
0.000000000000000000e+00
1.128000000000000040e-12
1.960999999999999410e+00
2.882999999999999452e-01
1.694999999999999563e-01
2.081999999999998852e-01
0.000000000000000000e+00
9.379000000000000728e-13
2.123000000000000664e+00
3.183000000000000829e-01
1.873000000000000220e-01
1.886000000000000176e-01
0.000000000000000000e+00
7.665999999999999849e-13
2.421775227871434844e+00
3.705878946441076849e-01
2.192225555980523155e-01
1.608435800203696919e-01
0.000000000000000000e+00
1.079300000000000056e-12
2.852000000000000313e+00
4.433999999999997943e-01
2.648999999999999133e-01
1.314999999999999780e-01
0.000000000000000000e+00
3.505000000000000211e-13
3.228000000000000647e+00
5.046000000000000485e-01
3.044000000000000594e-01
1.134999999999999898e-01
0.000000000000000000e+00
2.499999999999999950e-13
3.740000000000001545e+00
5.824000000000003618e-01
3.557000000000001827e-01
9.576000000000001178e-02
0.000000000000000000e+00
1.479000000000000059e-13
4.521000000000002572e+00
6.834000000000004515e-01
4.251000000000001999e-01
7.748000000000003495e-02
0.000000000000000000e+00
6.963999999999999407e-14
5.927999999999997272e+00
8.160000000000000586e-01
5.241000000000001213e-01
5.795999999999998376e-02
0.000000000000000000e+00
2.554000000000000086e-14
9.170999999999997598e+00
9.896999999999996911e-01
6.816000000000000947e-01
3.695999999999998592e-02
0.000000000000000000e+00
5.736999999999999940e-15
1.976000000000000512e+01
1.266000000000001124e+00
1.037000000000000144e+00
1.703000000000000694e-02
0.000000000000000000e+00
3.515999999999999842e-16
1.347796574601375919e-01
0.000000000000000000e+00
2.445247175041575204e-03
5.787425741561239789e+00
0.000000000000000000e+00
2.803800000000000042e-02
1.872000000000000330e-01
0.000000000000000000e+00
1.515000000000000071e-03
4.004999999999999005e+00
0.000000000000000000e+00
9.346000000000000141e-03
2.187999999999999112e-01
0.000000000000000000e+00
2.977000000000000127e-05
3.258000000000000007e+00
0.000000000000000000e+00
9.346000000000000141e-03
2.222913973424089085e-01
0.000000000000000000e+00
5.801878833964740105e-06
3.490050887116558975e+00
0.000000000000000000e+00
1.869200000000000028e-02
2.953000000000000624e-01
0.000000000000000000e+00
5.715000000000002881e-06
2.444000000000000394e+00
0.000000000000000000e+00
9.346000000000000141e-03
3.770000000000002238e-01
0.000000000000000000e+00
5.635000000000002800e-06
1.768000000000001792e+00
0.000000000000000000e+00
9.346000000000000141e-03
4.462000000000000965e-01
0.000000000000000000e+00
5.839000000000002032e-06
1.419999999999999263e+00
0.000000000000000000e+00
9.346000000000000141e-03
5.233300435279458762e-01
0.000000000000000000e+00
8.899455853402418506e-06
1.523988187106368075e+00
0.000000000000000000e+00
2.803800000000000042e-02
6.324999999999999512e-01
0.000000000000000000e+00
6.563999999999999326e-06
1.034000000000000030e+00
0.000000000000000000e+00
9.346000000000000141e-03
6.835999999999999854e-01
0.000000000000000000e+00
5.531000000000000915e-06
1.048000000000000265e+00
0.000000000000000000e+00
9.346000000000000141e-03
7.518999999999996797e-01
0.000000000000000000e+00
5.745000000000000052e-06
9.951999999999997515e-01
0.000000000000000000e+00
9.346000000000000141e-03
8.261000000000000565e-01
0.000000000000000000e+00
6.327000000000000579e-06
9.321000000000001506e-01
0.000000000000000000e+00
9.346000000000000141e-03
9.056999999999996165e-01
0.000000000000000000e+00
7.285999999999997665e-06
8.698999999999997845e-01
0.000000000000000000e+00
9.346000000000000141e-03
9.781999999999997364e-01
0.000000000000000000e+00
8.327000000000001759e-06
8.198999999999998511e-01
0.000000000000000000e+00
9.346000000000000141e-03
1.082884560739604929e+00
0.000000000000000000e+00
1.059042507071163130e-05
7.547782547598993474e-01
0.000000000000000000e+00
1.869200000000000028e-02
1.180999999999999828e+00
0.000000000000000000e+00
1.359999999999999854e-05
7.030999999999999472e-01
0.000000000000000000e+00
9.346000000000000141e-03
1.235000000000000098e+00
0.000000000000000000e+00
1.618999999999999915e-05
6.773000000000001242e-01
0.000000000000000000e+00
9.346000000000000141e-03
1.320049752837210599e+00
0.000000000000000000e+00
2.191880895909765198e-05
6.412503002895074689e-01
0.000000000000000000e+00
2.803800000000000042e-02
1.382999999999999785e+00
0.000000000000000000e+00
2.887000000000000311e-05
6.162999999999999590e-01
0.000000000000000000e+00
9.346000000000000141e-03
1.406000000000000361e+00
0.000000000000000000e+00
3.296000000000000969e-05
6.081000000000001959e-01
0.000000000000000000e+00
9.346000000000000141e-03
1.436941278707000613e+00
0.000000000000000000e+00
4.322189841490278029e-05
5.967208981490685904e-01
0.000000000000000000e+00
2.803800000000000042e-02
1.460000000000001075e+00
0.000000000000000000e+00
5.601000000000003464e-05
5.889000000000002011e-01
0.000000000000000000e+00
9.346000000000000141e-03
1.466999999999999860e+00
0.000000000000000000e+00
6.371999999999999301e-05
5.863999999999998103e-01
0.000000000000000000e+00
9.346000000000000141e-03
1.472999999999999643e+00
0.000000000000000000e+00
7.249999999999990556e-05
5.844999999999996865e-01
0.000000000000000000e+00
9.346000000000000141e-03
1.477000000000000091e+00
0.000000000000000000e+00
8.241999999999997321e-05
5.829999999999999627e-01
0.000000000000000000e+00
9.346000000000000141e-03
1.481000000000000094e+00
0.000000000000000000e+00
9.360999999999999313e-05
5.818000000000003169e-01
0.000000000000000000e+00
9.346000000000000141e-03
1.482999999999999430e+00
0.000000000000000000e+00
1.063000000000000224e-04
5.808999999999997499e-01
0.000000000000000000e+00
9.346000000000000141e-03
1.486000263107672525e+00
0.000000000000000000e+00
1.287021311721455081e-04
5.798999210676981653e-01
0.000000000000000000e+00
1.869200000000000028e-02
1.487999999999999767e+00
0.000000000000000000e+00
1.551999999999999506e-04
5.791999999999998261e-01
0.000000000000000000e+00
9.346000000000000141e-03
1.488999999999999657e+00
0.000000000000000000e+00
1.760000000000000225e-04
5.788999999999998591e-01
0.000000000000000000e+00
9.346000000000000141e-03
1.490500436526267958e+00
0.000000000000000000e+00
2.128616552513489825e-04
5.784498690421201461e-01
0.000000000000000000e+00
1.869200000000000028e-02
1.491000000000000325e+00
0.000000000000000000e+00
2.563999999999998897e-04
5.781999999999999362e-01
0.000000000000000000e+00
9.346000000000000141e-03
1.492000000000000215e+00
0.000000000000000000e+00
2.906000000000001247e-04
5.780000000000000693e-01
0.000000000000000000e+00
9.346000000000000141e-03
1.491999999999999549e+00
0.000000000000000000e+00
3.752778670735853811e-04
5.777665603014339180e-01
0.000000000000000000e+00
2.803800000000000042e-02
1.492999999999999883e+00
0.000000000000000000e+00
4.793999999999997807e-04
5.774999999999997913e-01
0.000000000000000000e+00
9.346000000000000141e-03
1.492999999999999883e+00
0.000000000000000000e+00
5.432999999999999245e-04
5.774000000000000243e-01
0.000000000000000000e+00
9.346000000000000141e-03
1.493501482287295845e+00
0.000000000000000000e+00
6.567713993295508758e-04
5.771997035425405764e-01
0.000000000000000000e+00
1.869200000000000028e-02
1.494501785610412137e+00
0.000000000000000000e+00
8.434882033374667496e-04
5.765494643168760369e-01
0.000000000000000000e+00
1.869200000000000028e-02
1.495999999999999330e+00
0.000000000000000000e+00
1.082478628349091074e-03
5.760500474925576153e-01
0.000000000000000000e+00
1.869200000000000028e-02
1.497000000000000330e+00
0.000000000000000000e+00
1.304000000000000471e-03
5.756000000000000005e-01
0.000000000000000000e+00
9.346000000000000141e-03
1.497329373994945145e+00
0.000000000000000000e+00
1.685905323447251100e-03
5.748224784011268795e-01
0.000000000000000000e+00
2.803800000000000042e-02
1.509999999999999787e+00
0.000000000000000000e+00
2.149999999999999568e-03
5.732000000000000428e-01
0.000000000000000000e+00
9.346000000000000141e-03
1.522999999999999687e+00
0.000000000000000000e+00
2.435999999999999364e-03
5.724000000000001309e-01
0.000000000000000000e+00
9.346000000000000141e-03
1.534000000000000474e+00
0.000000000000000000e+00
2.674000000000001029e-03
5.718000000000000860e-01
0.000000000000000000e+00
9.346000000000000141e-03
1.541999999999999149e+00
0.000000000000000000e+00
2.845999999999999572e-03
5.711000000000000520e-01
0.000000000000000000e+00
9.346000000000000141e-03
1.550999999999999934e+00
0.000000000000000000e+00
3.028999999999999141e-03
5.702000000000001512e-01
0.000000000000000000e+00
9.346000000000000141e-03
1.566533720670791441e+00
0.000000000000000000e+00
3.329134561713985741e-03
5.690478541391315037e-01
0.000000000000000000e+00
1.869200000000000028e-02
1.590555285353837167e+00
0.000000000000000000e+00
3.772003641808120006e-03
5.672948967365689654e-01
0.000000000000000000e+00
1.869200000000000028e-02
1.610000000000000098e+00
0.000000000000000000e+00
4.140999999999998848e-03
5.654999999999998916e-01
0.000000000000000000e+00
9.346000000000000141e-03
1.641619920689784795e+00
0.000000000000000000e+00
4.551371892691145199e-03
5.634932844413718112e-01
0.000000000000000000e+00
1.869200000000000028e-02
1.710663119038069446e+00
0.000000000000000000e+00
5.154663582471550459e-03
5.602934752384770567e-01
0.000000000000000000e+00
1.869200000000000028e-02
1.768999999999999684e+00
0.000000000000000000e+00
5.567000000000001635e-03
5.580000000000000515e-01
0.000000000000000000e+00
9.346000000000000141e-03
1.792000000000000703e+00
0.000000000000000000e+00
5.744000000000001709e-03
5.568999999999998396e-01
0.000000000000000000e+00
9.346000000000000141e-03
1.816999999999999726e+00
0.000000000000000000e+00
5.932999999999998171e-03
5.557999999999998497e-01
0.000000000000000000e+00
9.346000000000000141e-03
1.870210043659863208e+00
0.000000000000000000e+00
6.368580767948705916e-03
5.529157277763052658e-01
0.000000000000000000e+00
2.803800000000000042e-02
1.938141416372440640e+00
0.000000000000000000e+00
6.975465750149530304e-03
5.487725467461556095e-01
0.000000000000000000e+00
1.869200000000000028e-02
1.980000000000000204e+00
0.000000000000000000e+00
7.388999999999999735e-03
5.459000000000001629e-01
0.000000000000000000e+00
9.346000000000000141e-03
2.011000000000001009e+00
0.000000000000000000e+00
7.704000000000003380e-03
5.435000000000000941e-01
0.000000000000000000e+00
9.346000000000000141e-03
2.184662766951217083e+00
0.000000000000000000e+00
9.155044365083651881e-03
5.319961910555196516e-01
0.000000000000000000e+00
4.673000000000000070e-02
2.327000000000000846e+00
0.000000000000000000e+00
1.034999999999999809e-02
5.216999999999999416e-01
0.000000000000000000e+00
9.346000000000000141e-03
2.399000000000001354e+00
0.000000000000000000e+00
1.098000000000000365e-02
5.159999999999997922e-01
0.000000000000000000e+00
9.346000000000000141e-03
2.479999999999999982e+00
0.000000000000000000e+00
1.169000000000000074e-02
5.092999999999999750e-01
0.000000000000000000e+00
9.346000000000000141e-03
2.632215876751757833e+00
0.000000000000000000e+00
1.300993625357344669e-02
4.965091345394938016e-01
0.000000000000000000e+00
1.869200000000000028e-02
2.819000000000000838e+00
0.000000000000000000e+00
1.452000000000000339e-02
4.814000000000001056e-01
0.000000000000000000e+00
9.346000000000000141e-03
2.985000000000001208e+00
0.000000000000000000e+00
1.578000000000000236e-02
4.685000000000001386e-01
0.000000000000000000e+00
9.346000000000000141e-03
3.182999999999999829e+00
0.000000000000000000e+00
1.728999999999999981e-02
4.530999999999999472e-01
0.000000000000000000e+00
9.346000000000000141e-03
3.413999999999999257e+00
0.000000000000000000e+00
1.910999999999999505e-02
4.345999999999999308e-01
0.000000000000000000e+00
9.346000000000000141e-03
3.808702064848725310e+00
0.000000000000000000e+00
2.267461808993259317e-02
4.006036320734974177e-01
0.000000000000000000e+00
1.869200000000000028e-02
4.284000000000000696e+00
0.000000000000000000e+00
2.788000000000000200e-02
3.559999999999998166e-01
0.000000000000000000e+00
9.346000000000000141e-03
4.642000000000001236e+00
0.000000000000000000e+00
3.291000000000000869e-02
3.191999999999999837e-01
0.000000000000000000e+00
9.346000000000000141e-03
5.064000000000002721e+00
0.000000000000000000e+00
4.012999999999999901e-02
2.763999999999998680e-01
0.000000000000000000e+00
9.346000000000000141e-03
5.642000000000001236e+00
0.000000000000000000e+00
5.132000000000001838e-02
2.273000000000000853e-01
0.000000000000000000e+00
9.346000000000000141e-03
6.640999999999998238e+00
0.000000000000000000e+00
7.080999999999997019e-02
1.725999999999998924e-01
0.000000000000000000e+00
9.346000000000000141e-03
9.059000000000001052e+00
0.000000000000000000e+00
1.119999999999999746e-01
1.152000000000000662e-01
0.000000000000000000e+00
9.346000000000000141e-03
1.752999999999999403e+01
0.000000000000000000e+00
2.351999999999999091e-01
6.053999999999998272e-02
0.000000000000000000e+00
9.346000000000000141e-03
