9.043628393193972603e-02
7.391818104156028246e-02
4.245943775726132054e-03
2.770963371574514307e-04
5.248673567784823421e-04
5.710498956499134477e-05
1.170812672872368850e-04
3.308799051969391888e-05
2.733870695822379512e-05
6.828886201473123364e-07
3.881777688112892974e-07
0.000000000000000000e+00
0.000000000000000000e+00
0.000000000000000000e+00
0.000000000000000000e+00
0.000000000000000000e+00
0.000000000000000000e+00
0.000000000000000000e+00
2.610614206924992686e-01
4.592420836257900957e-02
3.598041275773791129e-03
7.938711759534200496e-03
1.014010227391438663e-03
2.248061899946248582e-03
6.877188926134896645e-04
5.907647192227834590e-04
1.504935501098204357e-05
8.666451467028554511e-06
6.807024268775131761e-08
0.000000000000000000e+00
0.000000000000000000e+00
0.000000000000000000e+00
0.000000000000000000e+00
0.000000000000000000e+00
0.000000000000000000e+00
0.000000000000000000e+00
3.747990610587264015e-01
5.473432305914693874e-02
9.936281930226203984e-02
1.271236624599706572e-02
2.829136277593299539e-02
8.687367739354806204e-03
7.475834949696199931e-03
1.906233768473234553e-04
1.083291681556382302e-04
2.546409968727473862e-06
0.000000000000000000e+00
0.000000000000000000e+00
0.000000000000000000e+00
0.000000000000000000e+00
0.000000000000000000e+00
0.000000000000000000e+00
0.000000000000000000e+00
0.000000000000000000e+00
2.349189999999999889e-01
3.202847999999999806e-01
3.350469999999997756e-02
7.426179999999996117e-02
2.265784999999998980e-02
1.949808099999997615e-02
4.971712999999996965e-04
2.825336009999999975e-04
5.826192999999996007e-06
9.051339999999994810e-07
0.000000000000000000e+00
0.000000000000000000e+00
0.000000000000000000e+00
0.000000000000000000e+00
0.000000000000000000e+00
0.000000000000000000e+00
0.000000000000000000e+00
0.000000000000000000e+00
4.330651618201892261e-01
8.834399687814048496e-02
1.625855929229825803e-01
4.994230937622304300e-02
4.296654080467002951e-02
1.095441538672171054e-03
6.225251611336964129e-04
1.212955274269233400e-05
1.597546939622419366e-06
1.174487062397373027e-06
0.000000000000000000e+00
0.000000000000000000e+00
0.000000000000000000e+00
0.000000000000000000e+00
0.000000000000000000e+00
0.000000000000000000e+00
0.000000000000000000e+00
0.000000000000000000e+00
2.858439999999999315e-01
3.852134000000000946e-01
9.795400000000002716e-02
8.429503899999998828e-02
2.149425999999998987e-03
1.221500799999999769e-03
2.379944500000001113e-05
2.361797000000000962e-06
3.155919000000000878e-06
0.000000000000000000e+00
0.000000000000000000e+00
0.000000000000000000e+00
0.000000000000000000e+00
0.000000000000000000e+00
0.000000000000000000e+00
0.000000000000000000e+00
0.000000000000000000e+00
0.000000000000000000e+00
4.695676327493690239e-01
2.145911905215075188e-01
1.712358992694191506e-01
4.366344021195319239e-03
2.481339868137350142e-03
4.834542666314274232e-05
4.797173513129654010e-06
4.888422376708296922e-06
1.626962994658016552e-06
0.000000000000000000e+00
0.000000000000000000e+00
0.000000000000000000e+00
0.000000000000000000e+00
0.000000000000000000e+00
0.000000000000000000e+00
0.000000000000000000e+00
0.000000000000000000e+00
0.000000000000000000e+00
4.419135243461015383e-01
4.418575861639170710e-01
1.067462590659173580e-02
6.066270170251289971e-03
1.181908470551195462e-04
1.172770733868371537e-05
1.108098786610797564e-05
3.018355930120022653e-06
1.975511229049289215e-06
0.000000000000000000e+00
0.000000000000000000e+00
0.000000000000000000e+00
0.000000000000000000e+00
0.000000000000000000e+00
0.000000000000000000e+00
0.000000000000000000e+00
0.000000000000000000e+00
0.000000000000000000e+00
7.100021048104704358e-01
1.196656974846200400e-01
6.516795450170863313e-02
1.269671079918275984e-03
1.259839346498960828e-04
1.190496386901337852e-04
3.055010121503757588e-05
2.199707477177632170e-05
2.145905689097486989e-06
0.000000000000000000e+00
0.000000000000000000e+00
0.000000000000000000e+00
0.000000000000000000e+00
0.000000000000000000e+00
0.000000000000000000e+00
0.000000000000000000e+00
0.000000000000000000e+00
0.000000000000000000e+00
4.668597864739558734e-01
4.120470685657173227e-01
7.687872864482182995e-03
7.628349045937208878e-04
7.208514996782855108e-04
1.849774999631586159e-04
1.309516479550296652e-04
1.578860569895838140e-05
0.000000000000000000e+00
0.000000000000000000e+00
0.000000000000000000e+00
0.000000000000000000e+00
0.000000000000000000e+00
0.000000000000000000e+00
0.000000000000000000e+00
0.000000000000000000e+00
0.000000000000000000e+00
0.000000000000000000e+00
7.150621050742190787e-01
1.385623521427747085e-01
1.151281640573785167e-02
8.802672869470800146e-03
1.566744785208450032e-03
7.332414047888167596e-04
4.424690788725115306e-05
0.000000000000000000e+00
0.000000000000000000e+00
0.000000000000000000e+00
0.000000000000000000e+00
0.000000000000000000e+00
0.000000000000000000e+00
0.000000000000000000e+00
0.000000000000000000e+00
0.000000000000000000e+00
0.000000000000000000e+00
2.124275551095647103e-03
7.327937604661353133e-01
1.732136223754976168e-01
1.091261690424747133e-01
1.655945741863748891e-02
6.620494294725606105e-03
2.428684125542287413e-04
0.000000000000000000e+00
0.000000000000000000e+00
0.000000000000000000e+00
0.000000000000000000e+00
0.000000000000000000e+00
0.000000000000000000e+00
0.000000000000000000e+00
0.000000000000000000e+00
0.000000000000000000e+00
0.000000000000000000e+00
8.893469923422862574e-10
1.602620752691525097e-01
6.714348765250049977e-01
3.683141495631064855e-01
4.752712295784480845e-02
1.806413916052263327e-02
6.438799184769135363e-04
0.000000000000000000e+00
0.000000000000000000e+00
0.000000000000000000e+00
0.000000000000000000e+00
0.000000000000000000e+00
0.000000000000000000e+00
0.000000000000000000e+00
0.000000000000000000e+00
0.000000000000000000e+00
0.000000000000000000e+00
0.000000000000000000e+00
5.683515557584337824e-02
2.309804788298227829e-01
1.089999821970750071e+00
1.601751503207128058e-01
4.346248853902693471e-02
1.334464223562185524e-03
0.000000000000000000e+00
0.000000000000000000e+00
0.000000000000000000e+00
0.000000000000000000e+00
0.000000000000000000e+00
0.000000000000000000e+00
0.000000000000000000e+00
0.000000000000000000e+00
0.000000000000000000e+00
0.000000000000000000e+00
0.000000000000000000e+00
4.090448115970997389e-02
1.448404789182380081e-01
8.135774199234625526e-01
1.004529958654782451e+00
2.821823425921422546e-01
5.503251591403694916e-03
0.000000000000000000e+00
0.000000000000000000e+00
0.000000000000000000e+00
0.000000000000000000e+00
0.000000000000000000e+00
0.000000000000000000e+00
0.000000000000000000e+00
0.000000000000000000e+00
0.000000000000000000e+00
0.000000000000000000e+00
0.000000000000000000e+00
5.395553992596067300e-02
1.830051773667033532e-01
7.309090848242191241e-01
9.377266228711648166e-01
1.399871057034940636e+00
4.994808203420667697e-02
0.000000000000000000e+00
0.000000000000000000e+00
0.000000000000000000e+00
0.000000000000000000e+00
0.000000000000000000e+00
0.000000000000000000e+00
0.000000000000000000e+00
0.000000000000000000e+00
0.000000000000000000e+00
0.000000000000000000e+00
0.000000000000000000e+00
1.639333019916999479e-01
5.418364453495473354e-01
1.848734072294947683e+00
1.523314851179787377e+00
4.166795647886087473e+00
8.264661020619390452e-01
6.114262888696340298e-02
8.859712134406752537e-02
3.818266308545376596e-03
3.365446119396980603e-04
7.476270210516358606e-04
9.609240163843362609e-05
2.137190152870326986e-04
6.557780292829143995e-05
5.640522648755272458e-05
1.437690317699758419e-06
8.175983903445894128e-07
0.000000000000000000e+00
0.000000000000000000e+00
0.000000000000000000e+00
0.000000000000000000e+00
0.000000000000000000e+00
0.000000000000000000e+00
0.000000000000000000e+00
2.746009771912172881e-01
7.967848253215568943e-02
6.763765153926708761e-03
1.505524928946650257e-02
1.938272503992711279e-03
4.313991745816107316e-03
1.324738884984893528e-03
1.140016679000796984e-03
2.906938536979217111e-05
1.674434147458585566e-05
1.246442120625281466e-07
0.000000000000000000e+00
0.000000000000000000e+00
0.000000000000000000e+00
0.000000000000000000e+00
0.000000000000000000e+00
0.000000000000000000e+00
0.000000000000000000e+00
4.383201018467039467e-01
1.075213994490746422e-01
2.166139813820865956e-01
2.788904775264308689e-02
6.207349644571292374e-02
1.906180005152616555e-02
1.640392556369918431e-02
4.182834522393018674e-04
2.377060465524764908e-04
5.588196684518359984e-06
0.000000000000000000e+00
0.000000000000000000e+00
0.000000000000000000e+00
0.000000000000000000e+00
0.000000000000000000e+00
0.000000000000000000e+00
0.000000000000000000e+00
0.000000000000000000e+00
1.763929999999999387e-01
6.180398999999997534e-01
7.167349999999998722e-02
1.595264999999998490e-01
4.898840000000002221e-02
4.215768500000002111e-02
1.074970000000000396e-03
6.108864500000013922e-04
1.259724600000000451e-05
1.957051999999999808e-06
0.000000000000000000e+00
0.000000000000000000e+00
0.000000000000000000e+00
0.000000000000000000e+00
0.000000000000000000e+00
0.000000000000000000e+00
0.000000000000000000e+00
0.000000000000000000e+00
5.246419701587363704e-01
1.726245194487492918e-01
3.516204819246364632e-01
1.079775974489195212e-01
9.292202346161322624e-02
2.369414844849205594e-03
1.346515679114995310e-03
2.623611724664146687e-05
3.447139127881454830e-06
2.549242441634515123e-06
0.000000000000000000e+00
0.000000000000000000e+00
0.000000000000000000e+00
0.000000000000000000e+00
0.000000000000000000e+00
0.000000000000000000e+00
0.000000000000000000e+00
0.000000000000000000e+00
2.062180000000000124e-01
7.489799999999997571e-01
2.110190000000002342e-01
1.815960600000000036e-01
4.630521000000001157e-03
2.631485349999999283e-03
5.127126999999997574e-05
5.088031999999998586e-06
6.798815000000001922e-06
0.000000000000000000e+00
0.000000000000000000e+00
0.000000000000000000e+00
0.000000000000000000e+00
0.000000000000000000e+00
0.000000000000000000e+00
0.000000000000000000e+00
0.000000000000000000e+00
0.000000000000000000e+00
5.837985261666446268e-01
4.443768303643720330e-01
3.692774405658478809e-01
9.416200145903688007e-03
5.351116060657409162e-03
1.042589507649704326e-04
1.034531819349816306e-05
1.052990693482150224e-05
3.521375104821207520e-06
0.000000000000000000e+00
0.000000000000000000e+00
0.000000000000000000e+00
0.000000000000000000e+00
0.000000000000000000e+00
0.000000000000000000e+00
0.000000000000000000e+00
0.000000000000000000e+00
0.000000000000000000e+00
5.014477907173433557e-01
9.211441647873436223e-01
2.296314037986310966e-02
1.304969057767182278e-02
2.542507587913561099e-04
2.522850262492839908e-05
2.383729009660175518e-05
6.487879175264656837e-06
4.255430201051069016e-06
0.000000000000000000e+00
0.000000000000000000e+00
0.000000000000000000e+00
0.000000000000000000e+00
0.000000000000000000e+00
0.000000000000000000e+00
0.000000000000000000e+00
0.000000000000000000e+00
0.000000000000000000e+00
1.077710120771246283e+00
2.597663457837436352e-01
1.449063808885609761e-01
2.823219687878276551e-03
2.801357315125419336e-04
2.647167931659085132e-04
6.793071762880395113e-05
4.885680775804498923e-05
4.836787810112761729e-06
0.000000000000000000e+00
0.000000000000000000e+00
0.000000000000000000e+00
0.000000000000000000e+00
0.000000000000000000e+00
0.000000000000000000e+00
0.000000000000000000e+00
0.000000000000000000e+00
0.000000000000000000e+00
6.140359904538973401e-01
8.576844653510118377e-01
1.640776458855010972e-02
1.628074617882543495e-03
1.538470319791170439e-03
3.947867042476942839e-04
2.794822223549318896e-04
3.369801487263652373e-05
0.000000000000000000e+00
0.000000000000000000e+00
0.000000000000000000e+00
0.000000000000000000e+00
0.000000000000000000e+00
0.000000000000000000e+00
0.000000000000000000e+00
0.000000000000000000e+00
0.000000000000000000e+00
0.000000000000000000e+00
1.159087293347522474e+00
2.984553625040652913e-01
2.594024458475437112e-02
2.050277858224810318e-02
3.903527454439005041e-03
2.022572203611442201e-03
1.573068073248308084e-04
0.000000000000000000e+00
0.000000000000000000e+00
0.000000000000000000e+00
0.000000000000000000e+00
0.000000000000000000e+00
0.000000000000000000e+00
0.000000000000000000e+00
0.000000000000000000e+00
0.000000000000000000e+00
0.000000000000000000e+00
9.567686272796762119e-04
1.152744440537852189e+00
4.044663434352692155e-01
2.545075168952991573e-01
3.753989752105133665e-02
1.478477217524407084e-02
5.390248178776575619e-04
0.000000000000000000e+00
0.000000000000000000e+00
0.000000000000000000e+00
0.000000000000000000e+00
0.000000000000000000e+00
0.000000000000000000e+00
0.000000000000000000e+00
0.000000000000000000e+00
0.000000000000000000e+00
0.000000000000000000e+00
0.000000000000000000e+00
8.589804452153143588e-02
1.220254138188773707e+00
8.443914121713766985e-01
1.044600761333380062e-01
3.837168268297383444e-02
1.328294654685017616e-03
0.000000000000000000e+00
0.000000000000000000e+00
0.000000000000000000e+00
0.000000000000000000e+00
0.000000000000000000e+00
0.000000000000000000e+00
0.000000000000000000e+00
0.000000000000000000e+00
0.000000000000000000e+00
0.000000000000000000e+00
0.000000000000000000e+00
8.566309805145288364e-03
1.582355423450701459e-01
2.260787856626694570e+00
4.139514551003021792e-01
7.629302752477688798e-02
2.170162612131044857e-03
0.000000000000000000e+00
0.000000000000000000e+00
0.000000000000000000e+00
0.000000000000000000e+00
0.000000000000000000e+00
0.000000000000000000e+00
0.000000000000000000e+00
0.000000000000000000e+00
0.000000000000000000e+00
0.000000000000000000e+00
0.000000000000000000e+00
2.943036632619761266e-03
4.579481455698525272e-02
1.007727270918597151e+00
2.262017139561896872e+00
5.882323563477661610e-01
5.634927664509524307e-03
0.000000000000000000e+00
0.000000000000000000e+00
0.000000000000000000e+00
0.000000000000000000e+00
0.000000000000000000e+00
0.000000000000000000e+00
0.000000000000000000e+00
0.000000000000000000e+00
0.000000000000000000e+00
0.000000000000000000e+00
0.000000000000000000e+00
2.821909356420925809e-03
4.125900500284016004e-02
4.492273275435149094e-01
1.444725837443552541e+00
2.978004712466931991e+00
9.728804710776244036e-02
0.000000000000000000e+00
0.000000000000000000e+00
0.000000000000000000e+00
0.000000000000000000e+00
0.000000000000000000e+00
0.000000000000000000e+00
0.000000000000000000e+00
0.000000000000000000e+00
0.000000000000000000e+00
0.000000000000000000e+00
0.000000000000000000e+00
6.385403302896414113e-03
8.863975537921649217e-02
7.887566700103230133e-01
8.645515699862592607e-01
6.122695135241933428e+00
1.569273207737622355e+00
