1.756621297964076900e-01
1.546903192865713150e-02
6.839495150019557664e-03
3.678291991458228161e+00
8.344747478967536221e-04
1.361739999999999895e-01
3.256688916256582078e-01
4.971407307426266471e-03
2.603717415092454950e-03
1.951433982240873943e+00
0.000000000000000000e+00
8.217200000000000060e-01
5.881781134035104497e-01
1.132154140211051336e-03
1.823003610324369509e-03
9.861447446446489629e-01
0.000000000000000000e+00
3.543500000000000122e-02
7.086999999999995525e-01
1.353999999999999518e-03
2.795999999999999441e-03
8.517999999999994465e-01
0.000000000000000000e+00
2.075000000000000022e-03
7.826058476490747040e-01
1.508060196413864209e-03
3.962398434016575072e-03
7.837683643023127811e-01
0.000000000000000000e+00
3.563100000000000468e-03
8.616999999999995774e-01
1.815999999999999906e-03
5.007000000000001033e-03
7.035999999999996701e-01
0.000000000000000000e+00
3.210999999999999987e-04
8.687223301310089685e-01
2.260186356720349839e-03
6.408997204940601426e-03
7.192399368643668245e-01
0.000000000000000000e+00
5.489400000000000399e-04
9.093046278652981984e-01
3.413834845281144264e-03
8.665840828591328537e-03
6.815818575075038854e-01
0.000000000000000000e+00
1.067999999999999939e-04
9.157298735474651563e-01
9.560529190044107090e-03
1.929811366741742210e-02
5.386773794890741263e-01
0.000000000000000000e+00
5.090839999999998848e-05
9.205165044341644398e-01
2.448591899266800223e-02
3.212234059271237840e-02
5.113053524305252173e-01
0.000000000000000000e+00
3.047900000000000181e-07
9.226176942484064503e-01
2.681683349876300484e-02
4.626627074858664229e-02
6.030068368714165405e-01
0.000000000000000000e+00
8.714916999999998972e-08
1.101458886104696555e+00
9.939047773056619572e-02
6.079491012541810707e-02
4.677141553163173260e-01
0.000000000000000000e+00
2.892930000000000163e-10
1.358657745905412106e+00
1.527340674923601260e-01
9.230742663444840845e-02
3.377042931022569139e-01
0.000000000000000000e+00
1.468100000000000015e-11
1.723232424550025232e+00
2.377262115135826415e-01
1.402990039325311689e-01
2.501067641360465443e-01
0.000000000000000000e+00
9.567499999999998562e-12
2.521721206889848688e+00
3.875029530638769426e-01
2.298339317799137638e-01
1.540267414210232111e-01
0.000000000000000000e+00
1.429800000000000027e-12
3.703995926652495108e+00
5.692167794688627325e-01
3.481611658702025713e-01
1.002545377816536354e-01
0.000000000000000000e+00
4.930800000000000558e-13
9.773053949375533733e+00
1.005409463236609069e+00
7.018068159040581344e-01
3.582684906874541997e-02
0.000000000000000000e+00
6.088599999999999579e-15
1.571275705169050130e-01
0.000000000000000000e+00
2.048662910577374926e-03
5.027539529977176791e+00
0.000000000000000000e+00
3.738400000000000056e-02
3.848699430081499173e-01
0.000000000000000000e+00
8.856813730917510423e-06
2.264915686636943981e+00
0.000000000000000000e+00
1.028059999999999807e-01
8.884540191316476765e-01
0.000000000000000000e+00
7.304395212340269966e-06
8.885045454269860921e-01
0.000000000000000000e+00
4.673000000000000070e-02
1.117999999999999661e+00
0.000000000000000000e+00
1.148999999999999672e-05
7.350000000000000977e-01
0.000000000000000000e+00
9.346000000000000141e-03
1.253519763447809243e+00
0.000000000000000000e+00
1.757898052615936463e-05
6.700677647533068715e-01
0.000000000000000000e+00
3.738400000000000056e-02
1.355000000000000204e+00
0.000000000000000000e+00
2.486000000000002626e-05
6.271000000000002128e-01
0.000000000000000000e+00
9.346000000000000141e-03
1.412261280337597791e+00
0.000000000000000000e+00
3.555191340915258696e-05
6.056870490315285904e-01
0.000000000000000000e+00
3.738400000000000056e-02
1.458979587839718928e+00
0.000000000000000000e+00
5.626593446824769315e-05
5.891401655607962917e-01
0.000000000000000000e+00
2.803800000000000042e-02
1.486089382234497602e+00
0.000000000000000000e+00
1.729109428608612139e-04
5.799265549706325018e-01
0.000000000000000000e+00
1.214979999999999671e-01
1.492500932000611513e+00
0.000000000000000000e+00
4.548316494523290971e-04
5.775748425566903377e-01
0.000000000000000000e+00
3.738400000000000056e-02
1.511810257203747287e+00
0.000000000000000000e+00
1.737486346353125542e-03
5.742159459989853998e-01
0.000000000000000000e+00
1.682279999999999331e-01
1.872063788191671518e+00
0.000000000000000000e+00
6.460019157144306252e-03
5.514649210750202091e-01
0.000000000000000000e+00
1.682279999999999331e-01
2.304889285586653624e+00
0.000000000000000000e+00
1.017239474692019016e-02
5.231923721553486395e-01
0.000000000000000000e+00
4.673000000000000070e-02
2.935399466862230078e+00
0.000000000000000000e+00
1.537172899986869595e-02
4.725410900581183404e-01
0.000000000000000000e+00
6.542200000000000792e-02
3.936377666552325127e+00
0.000000000000000000e+00
2.407289950105079290e-02
3.886221039792565612e-01
0.000000000000000000e+00
2.803800000000000042e-02
5.053919652983238642e+00
0.000000000000000000e+00
4.039758908637661183e-02
2.824797426467864914e-01
0.000000000000000000e+00
3.738400000000000056e-02
9.559248437094225892e+00
0.000000000000000000e+00
1.192754819324765708e-01
1.119720954348281672e-01
0.000000000000000000e+00
1.869200000000000028e-02
