1.360000000000001208e-01
2.878999999999999615e-02
1.238000000000000211e-02
4.527000000000001023e+00
9.432000000000001147e-03
7.084000000000000019e-03
1.433000000000000385e-01
2.216999999999998833e-02
9.629999999999999671e-03
4.505000000000001670e+00
2.313000000000001253e-03
1.822999999999999968e-02
1.841169277123706760e-01
1.338401010378504133e-02
5.971667287589382811e-03
3.473075212628550013e+00
4.082750546396940890e-06
1.108599999999999863e-01
2.157999999999999363e-01
1.231000000000000150e-02
4.541000000000002500e-03
2.686999999999998945e+00
0.000000000000000000e+00
9.854000000000000259e-02
1.834000000000000075e-01
1.218999999999999077e-02
4.771000000000000067e-03
3.272999999999999687e+00
0.000000000000000000e+00
1.179000000000000048e-01
2.207000000000000628e-01
1.143000000000000786e-02
4.804000000000001845e-03
2.548000000000002707e+00
0.000000000000000000e+00
1.223000000000000059e-01
2.749850123616237596e-01
4.836544313608776013e-03
2.609457378012935112e-03
2.030801171113632453e+00
0.000000000000000000e+00
2.111000000000000099e-01
3.943567100476682574e-01
1.007266434723302862e-03
1.381395971035746925e-03
1.508007566450873860e+00
0.000000000000000000e+00
2.278199999999999670e-01
4.611000000000001764e-01
9.776000000000003437e-04
1.351000000000000855e-03
1.091000000000000414e+00
0.000000000000000000e+00
2.576000000000000165e-02
4.829000000000001069e-01
9.913999999999999202e-04
1.423999999999999702e-03
1.116000000000000103e+00
0.000000000000000000e+00
1.830000000000000029e-02
5.193000000000000949e-01
1.064000000000000492e-03
1.528000000000000929e-03
1.072000000000000508e+00
0.000000000000000000e+00
1.286999999999999950e-02
5.601999999999999202e-01
1.090000000000000257e-03
1.645999999999999894e-03
1.014000000000000234e+00
0.000000000000000000e+00
8.987000000000000197e-03
5.950000000000000844e-01
1.136000000000000074e-03
1.795000000000000154e-03
9.783999999999999364e-01
0.000000000000000000e+00
6.233999999999999958e-03
6.339000000000000190e-01
1.188000000000000254e-03
2.028000000000000289e-03
9.313000000000003498e-01
0.000000000000000000e+00
4.338999999999999975e-03
6.734999999999999876e-01
1.227999999999999925e-03
2.323999999999999677e-03
8.860000000000001208e-01
0.000000000000000000e+00
3.004999999999999859e-03
7.086999999999995525e-01
1.353999999999999518e-03
2.795999999999999441e-03
8.517999999999994465e-01
0.000000000000000000e+00
2.075000000000000022e-03
7.613727375426757593e-01
1.397136959537872113e-03
3.577823051729727213e-03
7.978280556396445400e-01
0.000000000000000000e+00
2.417100000000000151e-03
7.929000000000001602e-01
1.576000000000000794e-03
4.204000000000001139e-03
7.812000000000004496e-01
0.000000000000000000e+00
6.788999999999999679e-04
8.403151257265430996e-01
1.750122425223948289e-03
4.787070250363028093e-03
7.295963045077801246e-01
0.000000000000000000e+00
7.881999999999999684e-04
8.609999999999995435e-01
1.978000000000000591e-03
5.690999999999999011e-03
7.173999999999999266e-01
0.000000000000000000e+00
2.204999999999999929e-04
8.594658110171583543e-01
2.265507445126913131e-03
6.249349490338901823e-03
7.342663499787299708e-01
0.000000000000000000e+00
2.565000000000000006e-04
8.895485902175955806e-01
2.792102667693883988e-03
7.538660639750123516e-03
7.022586041145220115e-01
0.000000000000000000e+00
1.213900000000000016e-04
9.180134103604011830e-01
3.736909658957621172e-03
9.547932849078653167e-03
6.722910016548065970e-01
0.000000000000000000e+00
7.339999999999999520e-05
9.023806422149074358e-01
5.298961573148706916e-03
1.180295611047081465e-02
6.995772349322927353e-01
0.000000000000000000e+00
2.378900000000000212e-05
8.964999999999997415e-01
6.477999999999995047e-03
1.616999999999998647e-02
5.416999999999997373e-01
0.000000000000000000e+00
3.584999999999999981e-06
9.113000000000002210e-01
8.555999999999997635e-03
1.778000000000000760e-02
5.093999999999999639e-01
0.000000000000000000e+00
2.464000000000000041e-06
8.938000000000000389e-01
1.032000000000000105e-02
1.751000000000000473e-02
5.437999999999998391e-01
0.000000000000000000e+00
1.692999999999999927e-06
8.934999999999998499e-01
8.919000000000001580e-03
1.554000000000000520e-02
6.633999999999999897e-01
0.000000000000000000e+00
1.163999999999999994e-06
9.304000000000002268e-01
1.097000000000000232e-02
2.222999999999999976e-02
3.548000000000000598e-01
0.000000000000000000e+00
7.996000000000000396e-07
9.238000000000002876e-01
1.724000000000000532e-02
2.559000000000000510e-02
4.451000000000001067e-01
0.000000000000000000e+00
5.493999999999999830e-07
9.264094025916018715e-01
1.477395270466146104e-02
2.481556323283830301e-02
4.200681791860139125e-01
0.000000000000000000e+00
6.365999999999999697e-07
1.000999999999999668e+00
1.487999999999999913e-02
4.664000000000002866e-02
2.316000000000000003e-01
0.000000000000000000e+00
1.777999999999999907e-07
8.771000000000001018e-01
1.736000000000000737e-02
3.041000000000000300e-02
5.269000000000000350e-01
0.000000000000000000e+00
1.227000000000000068e-07
9.493000000000000327e-01
1.674999999999999406e-02
4.315999999999999698e-02
2.776000000000001244e-01
0.000000000000000000e+00
8.432000000000000330e-08
8.931999999999997719e-01
3.957999999999998325e-02
2.495999999999999608e-02
7.248999999999996557e-01
0.000000000000000000e+00
5.794999999999999944e-08
9.873095405093631483e-01
3.087665589231040550e-02
6.148345989828934294e-02
3.660685020657275524e-01
0.000000000000000000e+00
6.719000000000000807e-08
8.949000000000004729e-01
3.212000000000001659e-02
2.535999999999999713e-02
7.172000000000001707e-01
0.000000000000000000e+00
1.879999999999999960e-08
1.057000000000000828e+00
3.707000000000001266e-02
1.379000000000000503e-01
2.680000000000002380e-01
0.000000000000000000e+00
1.291999999999999922e-08
8.893276822096425338e-01
3.921130645631275974e-02
3.199909128173468453e-02
7.343770339304473982e-01
0.000000000000000000e+00
1.915100000000000056e-08
1.101000000000000423e+00
8.257000000000000450e-03
1.744000000000000550e-01
1.841000000000000691e-01
0.000000000000000000e+00
2.884999999999999860e-09
9.246999999999997444e-01
1.621999999999998443e-02
7.243999999999997663e-02
5.595999999999996533e-01
0.000000000000000000e+00
1.982999999999999873e-09
8.669000000000000039e-01
4.098999999999999345e-03
1.695000000000000326e-02
7.350999999999999757e-01
0.000000000000000000e+00
1.362999999999999946e-09
8.766999999999998128e-01
2.370999999999999497e-02
2.089999999999999497e-02
7.131999999999996120e-01
0.000000000000000000e+00
9.363999999999999924e-10
8.729000000000001203e-01
1.064999999999999801e-02
1.106000000000000039e-02
7.124999999999999112e-01
0.000000000000000000e+00
6.435000000000000009e-10
8.838999999999994639e-01
1.128000000000000010e-02
1.443999999999999277e-02
6.906000000000001027e-01
0.000000000000000000e+00
4.420000000000000246e-10
8.854999999999996207e-01
1.073999999999999781e-02
1.129999999999999581e-02
6.816999999999993065e-01
0.000000000000000000e+00
1.658999999999999906e-10
8.902000000000002133e-01
1.182000000000000238e-02
1.208000000000000219e-02
6.712000000000002409e-01
0.000000000000000000e+00
1.377000000000000001e-10
8.983999999999999764e-01
1.578999999999999501e-02
1.509999999999999711e-02
6.569000000000002615e-01
0.000000000000000000e+00
1.139000000000000022e-10
9.314587586554858856e-01
5.212889118424440110e-02
3.325961022527938737e-02
6.127316158836219051e-01
0.000000000000000000e+00
2.377699999999999968e-10
9.356999999999995321e-01
4.106999999999998152e-02
2.661999999999999089e-02
5.982999999999998320e-01
0.000000000000000000e+00
5.397999999999999738e-11
9.444000000000003503e-01
4.271000000000001184e-02
2.776000000000000342e-02
5.846000000000000085e-01
0.000000000000000000e+00
4.475000000000000056e-11
9.567999999999997618e-01
4.667999999999996458e-02
3.007999999999998522e-02
5.688999999999996282e-01
0.000000000000000000e+00
3.709999999999999984e-11
9.736000000000002430e-01
5.266000000000000542e-02
3.342999999999999444e-02
5.512000000000001343e-01
0.000000000000000000e+00
3.075999999999999899e-11
9.955000000000000515e-01
6.105000000000000010e-02
3.803999999999999049e-02
5.316999999999997284e-01
0.000000000000000000e+00
2.549000000000000064e-11
1.023000000000000353e+00
7.305000000000001770e-02
4.458999999999999075e-02
5.099000000000002419e-01
0.000000000000000000e+00
2.114000000000000080e-11
1.067803800801332414e+00
9.670459192661903791e-02
5.767183820862681332e-02
4.795123483281908405e-01
0.000000000000000000e+00
2.550799999999999996e-11
1.108000000000000318e+00
1.207999999999999907e-01
7.143000000000002125e-02
4.541000000000002257e-01
0.000000000000000000e+00
7.446999999999999267e-12
1.131000000000000005e+00
1.315999999999999115e-01
7.804999999999998050e-02
4.410999999999998811e-01
0.000000000000000000e+00
6.952000000000000266e-12
1.148999999999999577e+00
1.373000000000000054e-01
8.198999999999999344e-02
4.306000000000003158e-01
0.000000000000000000e+00
6.471000000000000195e-12
1.164000000000000368e+00
1.367000000000000159e-01
8.249000000000002164e-02
4.221000000000000862e-01
0.000000000000000000e+00
6.005000000000000363e-12
1.177000000000000046e+00
1.324999999999999789e-01
8.074999999999996070e-02
4.147999999999997245e-01
0.000000000000000000e+00
5.566000000000000315e-12
1.189999999999999947e+00
1.281999999999999806e-01
7.869999999999999218e-02
4.073999999999998733e-01
0.000000000000000000e+00
5.130000000000000153e-12
1.243959835933739377e+00
1.292975676116210337e-01
7.943600625111998936e-02
3.817791777850464974e-01
0.000000000000000000e+00
1.658500000000000011e-11
1.312000000000000721e+00
1.412999999999999534e-01
8.595999999999999475e-02
3.535000000000000364e-01
0.000000000000000000e+00
3.247000000000000200e-12
1.348999999999999533e+00
1.498999999999999222e-01
9.071999999999992570e-02
3.398999999999998689e-01
0.000000000000000000e+00
2.913999999999999902e-12
1.390999999999999792e+00
1.602000000000000368e-01
9.641000000000002346e-02
3.259000000000001895e-01
0.000000000000000000e+00
2.604999999999999906e-12
1.438000000000000167e+00
1.722000000000000197e-01
1.031000000000000527e-01
3.113000000000001877e-01
0.000000000000000000e+00
2.324000000000000195e-12
1.491999999999999993e+00
1.859000000000000652e-01
1.106999999999999929e-01
2.960999999999999743e-01
0.000000000000000000e+00
2.034000000000000017e-12
1.554999999999999938e+00
2.015000000000000124e-01
1.194000000000000339e-01
2.802000000000000046e-01
0.000000000000000000e+00
1.811999999999999953e-12
1.628999999999999559e+00
2.192999999999999394e-01
1.294999999999999485e-01
2.634999999999999010e-01
0.000000000000000000e+00
1.556000000000000034e-12
1.719000000000000750e+00
2.393999999999999739e-01
1.410000000000000142e-01
2.459000000000000075e-01
0.000000000000000000e+00
1.333000000000000076e-12
1.827999999999999403e+00
2.622999999999999221e-01
1.541999999999999760e-01
2.273999999999998245e-01
0.000000000000000000e+00
1.128000000000000040e-12
1.960999999999999410e+00
2.882999999999999452e-01
1.694999999999999563e-01
2.081999999999998852e-01
0.000000000000000000e+00
9.379000000000000728e-13
2.297332548314751755e+00
3.488094970030214403e-01
2.059265123309437506e-01
1.724043887988413737e-01
0.000000000000000000e+00
1.845900000000000041e-12
2.999368873718579298e+00
4.673866358286623002e-01
2.803815705103296363e-01
1.244451071092168432e-01
0.000000000000000000e+00
6.005000000000000161e-13
3.740000000000001545e+00
5.824000000000003618e-01
3.557000000000001827e-01
9.576000000000001178e-02
0.000000000000000000e+00
1.479000000000000059e-13
4.901055538308711768e+00
7.192176008384753017e-01
4.518416476848348129e-01
7.220730340598013886e-02
0.000000000000000000e+00
9.517999999999999177e-14
9.773053949375533733e+00
1.005409463236609069e+00
7.018068159040581344e-01
3.582684906874541997e-02
0.000000000000000000e+00
6.088599999999999579e-15
1.111999999999999794e-01
0.000000000000000000e+00
4.648999999999998620e-03
6.296000000000000263e+00
0.000000000000000000e+00
9.346000000000000141e-03
1.218000000000000471e-01
0.000000000000000000e+00
3.157999999999999783e-03
6.317000000000002835e+00
0.000000000000000000e+00
9.346000000000000141e-03
1.690605926432083850e-01
0.000000000000000000e+00
1.577959593495660692e-03
4.625790397404763610e+00
0.000000000000000000e+00
1.869200000000000028e-02
2.187999999999999112e-01
0.000000000000000000e+00
2.977000000000000127e-05
3.258000000000000007e+00
0.000000000000000000e+00
9.346000000000000141e-03
1.978000000000000314e-01
0.000000000000000000e+00
5.816000000000000728e-06
3.993999999999998884e+00
0.000000000000000000e+00
9.346000000000000141e-03
2.533000000000000251e-01
0.000000000000000000e+00
5.783999999999999171e-06
2.851999999999998092e+00
0.000000000000000000e+00
9.346000000000000141e-03
3.323643708417268749e-01
0.000000000000000000e+00
5.678706858416912625e-06
2.137322953622921684e+00
0.000000000000000000e+00
1.869200000000000028e-02
5.029108857126235455e-01
0.000000000000000000e+00
8.089240686924419551e-06
1.496458691382889450e+00
0.000000000000000000e+00
3.738400000000000056e-02
6.324999999999999512e-01
0.000000000000000000e+00
6.563999999999999326e-06
1.034000000000000030e+00
0.000000000000000000e+00
9.346000000000000141e-03
6.835999999999999854e-01
0.000000000000000000e+00
5.531000000000000915e-06
1.048000000000000265e+00
0.000000000000000000e+00
9.346000000000000141e-03
7.518999999999996797e-01
0.000000000000000000e+00
5.745000000000000052e-06
9.951999999999997515e-01
0.000000000000000000e+00
9.346000000000000141e-03
8.261000000000000565e-01
0.000000000000000000e+00
6.327000000000000579e-06
9.321000000000001506e-01
0.000000000000000000e+00
9.346000000000000141e-03
9.056999999999996165e-01
0.000000000000000000e+00
7.285999999999997665e-06
8.698999999999997845e-01
0.000000000000000000e+00
9.346000000000000141e-03
9.781999999999997364e-01
0.000000000000000000e+00
8.327000000000001759e-06
8.198999999999998511e-01
0.000000000000000000e+00
9.346000000000000141e-03
1.050000000000000266e+00
0.000000000000000000e+00
9.748000000000002214e-06
7.733000000000005425e-01
0.000000000000000000e+00
9.346000000000000141e-03
1.117999999999999661e+00
0.000000000000000000e+00
1.148999999999999672e-05
7.350000000000000977e-01
0.000000000000000000e+00
9.346000000000000141e-03
1.207411368986443634e+00
0.000000000000000000e+00
1.486676751249794992e-05
6.904812348175876080e-01
0.000000000000000000e+00
1.869200000000000028e-02
1.283999999999999586e+00
0.000000000000000000e+00
1.929999999999999479e-05
6.558999999999997055e-01
0.000000000000000000e+00
9.346000000000000141e-03
1.338816394087521289e+00
0.000000000000000000e+00
2.328209842353342083e-05
6.336240161334673049e-01
0.000000000000000000e+00
1.869200000000000028e-02
1.382999999999999785e+00
0.000000000000000000e+00
2.887000000000000311e-05
6.162999999999999590e-01
0.000000000000000000e+00
9.346000000000000141e-03
1.414456372139316409e+00
0.000000000000000000e+00
3.526809216037822125e-05
6.049164246063749584e-01
0.000000000000000000e+00
1.869200000000000028e-02
1.443984460610564291e+00
0.000000000000000000e+00
4.606210081036998740e-05
5.942054387863023868e-01
0.000000000000000000e+00
1.869200000000000028e-02
1.466661392186267454e+00
0.000000000000000000e+00
6.407051553624158703e-05
5.866018455302415280e-01
0.000000000000000000e+00
2.803800000000000042e-02
1.480335130500495477e+00
0.000000000000000000e+00
9.411708512949994621e-05
5.818993738496666124e-01
0.000000000000000000e+00
2.803800000000000042e-02
1.484999999999999432e+00
0.000000000000000000e+00
1.205999999999999770e-04
5.801999999999997160e-01
0.000000000000000000e+00
9.346000000000000141e-03
1.487000000000000988e+00
0.000000000000000000e+00
1.367999999999999913e-04
5.795999999999996710e-01
0.000000000000000000e+00
9.346000000000000141e-03
1.487999999999999767e+00
0.000000000000000000e+00
1.551999999999999506e-04
5.791999999999998261e-01
0.000000000000000000e+00
9.346000000000000141e-03
1.488999999999999657e+00
0.000000000000000000e+00
1.760000000000000225e-04
5.788999999999998591e-01
0.000000000000000000e+00
9.346000000000000141e-03
1.490000000000000213e+00
0.000000000000000000e+00
1.995000000000000787e-04
5.786000000000002252e-01
0.000000000000000000e+00
9.346000000000000141e-03
1.491000000000000547e+00
0.000000000000000000e+00
2.261999999999999146e-04
5.783000000000000362e-01
0.000000000000000000e+00
9.346000000000000141e-03
1.491501761860290598e+00
0.000000000000000000e+00
2.735602556219079214e-04
5.780996476279419705e-01
0.000000000000000000e+00
1.869200000000000028e-02
1.491999999999999771e+00
0.000000000000000000e+00
3.293999999999999294e-04
5.778999999999999693e-01
0.000000000000000000e+00
9.346000000000000141e-03
1.492000000000000659e+00
0.000000000000000000e+00
3.733000000000000207e-04
5.777999999999999803e-01
0.000000000000000000e+00
9.346000000000000141e-03
1.492000000000001325e+00
0.000000000000000000e+00
4.230000000000001988e-04
5.776000000000003354e-01
0.000000000000000000e+00
9.346000000000000141e-03
1.492999999999999883e+00
0.000000000000000000e+00
4.793999999999997807e-04
5.774999999999997913e-01
0.000000000000000000e+00
9.346000000000000141e-03
1.492999999999999883e+00
0.000000000000000000e+00
5.794206641914329513e-04
5.773501095798458937e-01
0.000000000000000000e+00
1.869200000000000028e-02
1.493999999999999106e+00
0.000000000000000000e+00
6.975999999999999346e-04
5.770999999999998353e-01
0.000000000000000000e+00
9.346000000000000141e-03
1.494000000000000217e+00
0.000000000000000000e+00
7.906000000000000267e-04
5.767000000000001014e-01
0.000000000000000000e+00
9.346000000000000141e-03
1.495666633139858703e+00
0.000000000000000000e+00
1.020312833533079146e-03
5.761667100611618242e-01
0.000000000000000000e+00
2.803800000000000042e-02
1.497000000000000330e+00
0.000000000000000000e+00
1.304000000000000471e-03
5.756000000000000005e-01
0.000000000000000000e+00
9.346000000000000141e-03
1.496999999999999664e+00
0.000000000000000000e+00
1.476999999999999797e-03
5.754000000000001336e-01
0.000000000000000000e+00
9.346000000000000141e-03
1.498000000000000442e+00
0.000000000000000000e+00
1.673999999999998623e-03
5.749999999999997335e-01
0.000000000000000000e+00
9.346000000000000141e-03
1.497000000000000552e+00
0.000000000000000000e+00
1.897000000000000899e-03
5.741000000000001657e-01
0.000000000000000000e+00
9.346000000000000141e-03
1.509999999999999787e+00
0.000000000000000000e+00
2.149999999999999568e-03
5.732000000000000428e-01
0.000000000000000000e+00
9.346000000000000141e-03
1.522999999999999687e+00
0.000000000000000000e+00
2.435999999999999364e-03
5.724000000000001309e-01
0.000000000000000000e+00
9.346000000000000141e-03
1.534000000000000474e+00
0.000000000000000000e+00
2.674000000000001029e-03
5.718000000000000860e-01
0.000000000000000000e+00
9.346000000000000141e-03
1.541999999999999149e+00
0.000000000000000000e+00
2.845999999999999572e-03
5.711000000000000520e-01
0.000000000000000000e+00
9.346000000000000141e-03
1.550999999999999934e+00
0.000000000000000000e+00
3.028999999999999141e-03
5.702000000000001512e-01
0.000000000000000000e+00
9.346000000000000141e-03
1.572435238418055103e+00
0.000000000000000000e+00
3.438562425298764998e-03
5.686600164408057712e-01
0.000000000000000000e+00
2.803800000000000042e-02
1.597000000000000419e+00
0.000000000000000000e+00
3.888999999999999662e-03
5.667000000000000925e-01
0.000000000000000000e+00
9.346000000000000141e-03
1.610000000000000098e+00
0.000000000000000000e+00
4.140999999999998848e-03
5.654999999999998916e-01
0.000000000000000000e+00
9.346000000000000141e-03
1.628999999999999115e+00
0.000000000000000000e+00
4.406999999999999459e-03
5.641999999999999238e-01
0.000000000000000000e+00
9.346000000000000141e-03
1.653999999999999027e+00
0.000000000000000000e+00
4.692999999999998388e-03
5.627999999999997449e-01
0.000000000000000000e+00
9.346000000000000141e-03
1.687999999999999945e+00
0.000000000000000000e+00
4.992999999999999175e-03
5.611999999999996991e-01
0.000000000000000000e+00
9.346000000000000141e-03
1.733000000000001428e+00
0.000000000000000000e+00
5.313999999999998412e-03
5.594000000000002304e-01
0.000000000000000000e+00
9.346000000000000141e-03
1.793435746664706176e+00
0.000000000000000000e+00
5.753862875889028186e-03
5.568647888335674923e-01
0.000000000000000000e+00
2.803800000000000042e-02
1.840999999999999304e+00
0.000000000000000000e+00
6.134999999999997226e-03
5.544999999999999929e-01
0.000000000000000000e+00
9.346000000000000141e-03
1.868999999999999995e+00
0.000000000000000000e+00
6.350999999999999875e-03
5.530000000000000471e-01
0.000000000000000000e+00
9.346000000000000141e-03
1.896000000000000130e+00
0.000000000000000000e+00
6.581999999999999310e-03
5.514999999999997682e-01
0.000000000000000000e+00
9.346000000000000141e-03
1.922999999999999821e+00
0.000000000000000000e+00
6.829999999999998399e-03
5.497999999999997334e-01
0.000000000000000000e+00
9.346000000000000141e-03
1.950999999999999401e+00
0.000000000000000000e+00
7.099000000000002010e-03
5.478999999999999426e-01
0.000000000000000000e+00
9.346000000000000141e-03
1.980000000000000204e+00
0.000000000000000000e+00
7.388999999999999735e-03
5.459000000000001629e-01
0.000000000000000000e+00
9.346000000000000141e-03
2.093851495076305191e+00
0.000000000000000000e+00
8.397534359453897104e-03
5.381426154903167225e-01
0.000000000000000000e+00
3.738400000000000056e-02
2.201000000000000512e+00
0.000000000000000000e+00
9.288999999999998647e-03
5.310000000000001386e-01
0.000000000000000000e+00
9.346000000000000141e-03
2.261000000000000121e+00
0.000000000000000000e+00
9.792999999999997887e-03
5.266999999999996129e-01
0.000000000000000000e+00
9.346000000000000141e-03
2.327000000000000846e+00
0.000000000000000000e+00
1.034999999999999809e-02
5.216999999999999416e-01
0.000000000000000000e+00
9.346000000000000141e-03
2.399000000000001354e+00
0.000000000000000000e+00
1.098000000000000365e-02
5.159999999999997922e-01
0.000000000000000000e+00
9.346000000000000141e-03
2.479999999999999982e+00
0.000000000000000000e+00
1.169000000000000074e-02
5.092999999999999750e-01
0.000000000000000000e+00
9.346000000000000141e-03
2.572000000000000064e+00
0.000000000000000000e+00
1.250000000000000243e-02
5.014999999999997238e-01
0.000000000000000000e+00
9.346000000000000141e-03
2.683000000000001162e+00
0.000000000000000000e+00
1.344000000000000056e-02
4.923000000000002929e-01
0.000000000000000000e+00
9.346000000000000141e-03
2.819000000000000838e+00
0.000000000000000000e+00
1.452000000000000339e-02
4.814000000000001056e-01
0.000000000000000000e+00
9.346000000000000141e-03
2.985000000000001208e+00
0.000000000000000000e+00
1.578000000000000236e-02
4.685000000000001386e-01
0.000000000000000000e+00
9.346000000000000141e-03
3.182999999999999829e+00
0.000000000000000000e+00
1.728999999999999981e-02
4.530999999999999472e-01
0.000000000000000000e+00
9.346000000000000141e-03
3.663658679331638357e+00
0.000000000000000000e+00
2.136470785159259519e-02
4.130964684138245246e-01
0.000000000000000000e+00
2.803800000000000042e-02
4.433585298016416765e+00
0.000000000000000000e+00
2.998171522073343059e-02
3.406236341703794968e-01
0.000000000000000000e+00
1.869200000000000028e-02
5.064000000000002721e+00
0.000000000000000000e+00
4.012999999999999901e-02
2.763999999999998680e-01
0.000000000000000000e+00
9.346000000000000141e-03
5.926610126223036623e+00
0.000000000000000000e+00
5.687260396405106888e-02
2.117162423379378988e-01
0.000000000000000000e+00
1.869200000000000028e-02
9.559248437094225892e+00
0.000000000000000000e+00
1.192754819324765708e-01
1.119720954348281672e-01
0.000000000000000000e+00
1.869200000000000028e-02
