1.836868405150043071e-01
5.041494136380147983e-02
9.132516153744690834e-03
6.259126370970112541e-03
1.217865758943162055e-03
5.949520792211239424e-06
2.552422437936313166e-07
7.951329454686378023e-08
3.346105758608970867e-14
0.000000000000000000e+00
0.000000000000000000e+00
3.320125292027353847e-01
7.950956128782685206e-02
5.065755240488054034e-02
1.059439878442888956e-02
5.231125907938310407e-05
1.885164572648468085e-06
7.342804005260613029e-07
9.167177826411675916e-07
0.000000000000000000e+00
0.000000000000000000e+00
0.000000000000000000e+00
3.197015359810829183e-01
2.285148746776255735e-01
4.352031732822623372e-02
2.148938415155927136e-04
7.743481629099990352e-06
2.728154864459903047e-06
4.135972727683276639e-06
0.000000000000000000e+00
0.000000000000000000e+00
0.000000000000000000e+00
0.000000000000000000e+00
5.137433974899553446e-01
2.436701001204557848e-01
1.162094022650347978e-03
4.187529281646441604e-05
1.475065934910934083e-05
2.265322371519320902e-05
0.000000000000000000e+00
0.000000000000000000e+00
0.000000000000000000e+00
0.000000000000000000e+00
0.000000000000000000e+00
7.735679337522253229e-01
1.070395519131982776e-01
3.762045008584836720e-03
1.325228352446793014e-03
2.041006048174222147e-03
1.723981430585716621e-06
0.000000000000000000e+00
0.000000000000000000e+00
0.000000000000000000e+00
0.000000000000000000e+00
0.000000000000000000e+00
6.751896401174473095e-01
1.145098681342172769e-01
3.869933053761322878e-02
5.876534531820504226e-02
3.930298884170191175e-05
0.000000000000000000e+00
0.000000000000000000e+00
0.000000000000000000e+00
0.000000000000000000e+00
0.000000000000000000e+00
1.159159782325664475e-04
4.043361415628576316e-01
1.961650399879968365e-01
2.552798263518595290e-01
2.143002232089308897e-05
0.000000000000000000e+00
0.000000000000000000e+00
0.000000000000000000e+00
0.000000000000000000e+00
0.000000000000000000e+00
0.000000000000000000e+00
1.524361106052385091e-03
3.640477430220471211e-01
5.072496548139248107e-01
3.927922968945704411e-05
0.000000000000000000e+00
0.000000000000000000e+00
0.000000000000000000e+00
0.000000000000000000e+00
0.000000000000000000e+00
0.000000000000000000e+00
3.875121604799299275e-11
3.032895694961169745e-04
1.327647133495261089e+00
1.642627498927909206e-03
0.000000000000000000e+00
0.000000000000000000e+00
0.000000000000000000e+00
0.000000000000000000e+00
0.000000000000000000e+00
0.000000000000000000e+00
0.000000000000000000e+00
0.000000000000000000e+00
8.244614318702069511e+00
8.264661020619390452e-01
1.756768648948322242e-01
7.309837786263778669e-02
1.461214557275343322e-02
1.080968028079480094e-02
2.261716776320180436e-03
1.129306511948456777e-05
4.668544157462633989e-07
1.355853445153166438e-07
0.000000000000000000e+00
0.000000000000000000e+00
0.000000000000000000e+00
3.486179506241015580e-01
1.593578347594483968e-01
1.105863639755201577e-01
2.314317388954589133e-02
1.142851264542509411e-04
4.118549968830595036e-06
1.608588298676853281e-06
1.998037883096912494e-06
0.000000000000000000e+00
0.000000000000000000e+00
0.000000000000000000e+00
3.312045576285366777e-01
4.720558019660105464e-01
9.490818868920387896e-02
4.686853326020910945e-04
1.688860139639639527e-05
5.950133023454304472e-06
9.020627794834440427e-06
0.000000000000000000e+00
0.000000000000000000e+00
0.000000000000000000e+00
0.000000000000000000e+00
6.886786393228054859e-01
5.206443625379262308e-01
2.532054159053308880e-03
9.124116453495361692e-05
3.213991562868709269e-05
4.935986442355193011e-05
0.000000000000000000e+00
0.000000000000000000e+00
0.000000000000000000e+00
0.000000000000000000e+00
0.000000000000000000e+00
1.207665335755967684e+00
2.439394099267126470e-01
8.683339321018203327e-03
3.058816714434373866e-03
4.710890583636986526e-03
4.039386792082149674e-06
0.000000000000000000e+00
0.000000000000000000e+00
0.000000000000000000e+00
0.000000000000000000e+00
0.000000000000000000e+00
1.023306428914290578e+00
2.508113696946064342e-01
8.637141190335619056e-02
1.330063270033799983e-01
1.348671678458834811e-04
0.000000000000000000e+00
0.000000000000000000e+00
0.000000000000000000e+00
0.000000000000000000e+00
0.000000000000000000e+00
0.000000000000000000e+00
5.449181700297074382e-01
3.986285545119785945e-01
5.560320562434283298e-01
1.812197228888481882e-04
0.000000000000000000e+00
0.000000000000000000e+00
0.000000000000000000e+00
0.000000000000000000e+00
0.000000000000000000e+00
0.000000000000000000e+00
6.946942229861430458e-04
4.746200079102746439e-01
1.052584439125375804e+00
8.630878200313060007e-05
0.000000000000000000e+00
0.000000000000000000e+00
0.000000000000000000e+00
0.000000000000000000e+00
0.000000000000000000e+00
0.000000000000000000e+00
0.000000000000000000e+00
1.774443400496880917e-05
3.163349452159703645e+00
1.088708971572173272e-02
0.000000000000000000e+00
0.000000000000000000e+00
0.000000000000000000e+00
0.000000000000000000e+00
0.000000000000000000e+00
0.000000000000000000e+00
0.000000000000000000e+00
0.000000000000000000e+00
7.871028533920648051e+00
1.569273207737622355e+00
