2.542196998844394873e-01
7.854962335449730548e-03
3.635193417466052717e-03
2.440846792067566273e+00
1.122357516755048652e-04
8.298140000000000516e-01
4.741964031956183434e-01
9.718058829524282502e-04
1.372724052777168566e-03
1.221156815703944742e+00
0.000000000000000000e+00
1.409499999999999920e-01
5.937584031451411670e-01
1.134532761454997742e-03
1.809596384718798606e-03
9.774807465177783872e-01
0.000000000000000000e+00
1.956000000000000100e-02
7.622853008623137194e-01
1.474562003237093110e-03
3.630543619720871373e-03
8.018632760937119963e-01
0.000000000000000000e+00
8.964199999999998558e-03
9.032163651508107183e-01
7.434882926672705013e-03
1.546497128749832126e-02
5.975932131169162664e-01
0.000000000000000000e+00
7.067711000000001693e-04
9.465949800149037197e-01
3.046130724090190950e-02
5.930286733815651190e-02
5.237180995896680846e-01
0.000000000000000000e+00
2.651990000000000972e-07
8.721906270347558054e-01
1.284712502730391698e-02
1.628178836187591308e-02
7.201786022009410981e-01
0.000000000000000000e+00
2.942899999999999836e-09
8.858956056308291416e-01
1.128093859277537990e-02
1.305417590070280694e-02
6.834566919190873113e-01
0.000000000000000000e+00
7.455999999999999895e-10
1.430148517943680142e+00
1.673070668583378495e-01
1.004724162251567632e-01
3.692120952598021977e-01
0.000000000000000000e+00
6.671343799999998152e-10
9.773053949375533733e+00
1.005409463236609069e+00
7.018068159040581344e-01
3.582684906874541997e-02
0.000000000000000000e+00
6.088599999999999579e-15
2.768681936522611187e-01
0.000000000000000000e+00
3.937970537473997981e-04
3.075514672702025276e+00
0.000000000000000000e+00
1.028059999999999807e-01
6.418178565195401530e-01
0.000000000000000000e+00
8.089267783371330262e-06
1.179676397641919339e+00
0.000000000000000000e+00
4.673000000000000070e-02
8.986451335725196277e-01
0.000000000000000000e+00
7.251947755453078439e-06
8.774353741699084663e-01
0.000000000000000000e+00
2.803800000000000042e-02
1.211859693518114511e+00
0.000000000000000000e+00
1.627243380066066203e-05
6.916975465998554951e-01
0.000000000000000000e+00
6.542200000000000792e-02
1.468198028351932471e+00
0.000000000000000000e+00
1.392539380499982363e-04
5.861313150921357851e-01
0.000000000000000000e+00
1.962659999999999128e-01
1.494544489743308668e+00
0.000000000000000000e+00
8.534402165022858403e-04
5.766461824964465022e-01
0.000000000000000000e+00
1.028059999999999807e-01
1.501741042594683107e+00
0.000000000000000000e+00
1.910843681896758637e-03
5.740852721313947082e-01
0.000000000000000000e+00
2.803800000000000042e-02
1.530564828077189743e+00
0.000000000000000000e+00
2.599399408734754009e-03
5.719206821030822230e-01
0.000000000000000000e+00
2.803800000000000042e-02
3.192498222461882307e+00
0.000000000000000000e+00
1.822159428903631292e-02
4.489646306233905926e-01
0.000000000000000000e+00
3.831860000000001931e-01
9.559248437094225892e+00
0.000000000000000000e+00
1.192754819324765708e-01
1.119720954348281672e-01
0.000000000000000000e+00
1.869200000000000028e-02
