1.756621297964076900e-01
1.546903192865713150e-02
6.839495150019557664e-03
3.678291991458228161e+00
8.344747478967536221e-04
1.361739999999999895e-01
3.650092873330556542e-01
4.354455771605122809e-03
2.463356550203921365e-03
1.800161684515077853e+00
0.000000000000000000e+00
8.541499999999999648e-01
6.904178640947411516e-01
1.288558263520946578e-03
2.550853177634022136e-03
8.695627570443152932e-01
0.000000000000000000e+00
5.079999999999999447e-03
7.713884274193147927e-01
1.453958789409282720e-03
3.776749112318227453e-03
7.925455973620310068e-01
0.000000000000000000e+00
3.096000000000000228e-03
8.588256688824531526e-01
2.082487422560803676e-03
5.843941192711851751e-03
7.228479463281981543e-01
0.000000000000000000e+00
1.337139999999999900e-03
9.063064180501523293e-01
4.290828465198259258e-03
1.020616116705933864e-02
6.899438285299445139e-01
0.000000000000000000e+00
1.466390000000000033e-04
8.964999999999997415e-01
6.477999999999995047e-03
1.616999999999998647e-02
5.416999999999997373e-01
0.000000000000000000e+00
3.584999999999999981e-06
9.025832825618194111e-01
9.434645117768605815e-03
1.764551350238236990e-02
5.265345759927662073e-01
0.000000000000000000e+00
4.157000000000000179e-06
9.239625703172203997e-01
1.705181632456291563e-02
2.834116924050972611e-02
4.535050892354400287e-01
0.000000000000000000e+00
3.592370000000000132e-06
9.560902421981425370e-01
3.129670267955234064e-02
4.927964344836512078e-02
4.846934721721967154e-01
0.000000000000000000e+00
8.599000000000000436e-08
9.327623044163227961e-01
2.982530720062360682e-02
6.019582867571064699e-02
6.038403498256498247e-01
0.000000000000000000e+00
2.787400000000000197e-08
9.117000000000000659e-01
6.539999999999999980e-02
4.383999999999998315e-02
7.012999999999998124e-01
0.000000000000000000e+00
4.197000000000000293e-09
9.347313652590992783e-01
1.326327577865404547e-02
6.588059098697786331e-02
5.662031471172043195e-01
0.000000000000000000e+00
7.167399999999999879e-09
8.945884710148224173e-01
2.155475190881579392e-02
1.790474364853485503e-02
6.717118834748866396e-01
0.000000000000000000e+00
1.675650000000000102e-09
9.370468527987154683e-01
4.269692326539580030e-02
2.745852089060824702e-02
5.969595987456965958e-01
0.000000000000000000e+00
1.638500000000000080e-10
1.002695054294871158e+00
6.544046861546388982e-02
4.042518136300969622e-02
5.284063893974750847e-01
0.000000000000000000e+00
1.320309999999999911e-10
1.184137750774046483e+00
1.282020251972036673e-01
7.790854919956366476e-02
4.121701801216864358e-01
0.000000000000000000e+00
5.853199999999999495e-11
1.315161369200837038e+00
1.422404941127472233e-01
8.650338978586848138e-02
3.525743601206505207e-01
0.000000000000000000e+00
9.751999999999999644e-12
1.534930964700702782e+00
1.958542870172834960e-01
1.163658133853597981e-01
2.876677517987820676e-01
0.000000000000000000e+00
1.166400000000000038e-11
2.022068481512625748e+00
2.988868682316946912e-01
1.758966191216104202e-01
2.025580975696813779e-01
0.000000000000000000e+00
3.439899999999999913e-12
2.679435480667515357e+00
4.143457697042248200e-01
2.465870306014509017e-01
1.422999563119650146e-01
0.000000000000000000e+00
8.224000000000000096e-13
3.703995926652495108e+00
5.692167794688627325e-01
3.481611658702025713e-01
1.002545377816536354e-01
0.000000000000000000e+00
4.930800000000000558e-13
9.773053949375533733e+00
1.005409463236609069e+00
7.018068159040581344e-01
3.582684906874541997e-02
0.000000000000000000e+00
6.088599999999999579e-15
1.571275705169050130e-01
0.000000000000000000e+00
2.048662910577374926e-03
5.027539529977176791e+00
0.000000000000000000e+00
3.738400000000000056e-02
4.520837512846281325e-01
0.000000000000000000e+00
8.565607579196605090e-06
2.071885660377792870e+00
0.000000000000000000e+00
1.401899999999999535e-01
1.082884560739604929e+00
0.000000000000000000e+00
1.059042507071163130e-05
7.547782547598993474e-01
0.000000000000000000e+00
1.869200000000000028e-02
1.231919785980082560e+00
0.000000000000000000e+00
1.628540509611288136e-05
6.794152148111152201e-01
0.000000000000000000e+00
2.803800000000000042e-02
1.387019130274177003e+00
0.000000000000000000e+00
3.133492122724823451e-05
6.152886585091837945e-01
0.000000000000000000e+00
5.607600000000000084e-02
1.470124073038564738e+00
0.000000000000000000e+00
7.478937720588308379e-05
5.853777322111617387e-01
0.000000000000000000e+00
6.542200000000000792e-02
1.484999999999999432e+00
0.000000000000000000e+00
1.205999999999999770e-04
5.801999999999997160e-01
0.000000000000000000e+00
9.346000000000000141e-03
1.487500441772794391e+00
0.000000000000000000e+00
1.460081286194169718e-04
5.793998232908821322e-01
0.000000000000000000e+00
1.869200000000000028e-02
1.491335722760761762e+00
0.000000000000000000e+00
3.062052740223071101e-04
5.780880168849645839e-01
0.000000000000000000e+00
8.411399999999999433e-02
1.493334163885981392e+00
0.000000000000000000e+00
6.189119302878201773e-04
5.772665319907236414e-01
0.000000000000000000e+00
2.803800000000000042e-02
1.495002433217687887e+00
0.000000000000000000e+00
9.008010760580696837e-04
5.764326863208241170e-01
0.000000000000000000e+00
2.803800000000000042e-02
1.495999999999999774e+00
0.000000000000000000e+00
1.149999999999999981e-03
5.758999999999999675e-01
0.000000000000000000e+00
9.346000000000000141e-03
1.497248191419592533e+00
0.000000000000000000e+00
1.591775069773238320e-03
5.750141183203572037e-01
0.000000000000000000e+00
3.738400000000000056e-02
1.536649906949557609e+00
0.000000000000000000e+00
2.717577919349751375e-03
5.713460337836263614e-01
0.000000000000000000e+00
6.542200000000000792e-02
1.597157534029675086e+00
0.000000000000000000e+00
3.897292480528223666e-03
5.666854583972605885e-01
0.000000000000000000e+00
2.803800000000000042e-02
1.698278355637380832e+00
0.000000000000000000e+00
5.023718162474702896e-03
5.609488454195811213e-01
0.000000000000000000e+00
5.607600000000000084e-02
1.991223250582580206e+00
0.000000000000000000e+00
7.481414591706107321e-03
5.449659057316172950e-01
0.000000000000000000e+00
9.345999999999998753e-02
2.215174072585186948e+00
0.000000000000000000e+00
9.409906060371685949e-03
5.299284918094913088e-01
0.000000000000000000e+00
2.803800000000000042e-02
2.603833440259720522e+00
0.000000000000000000e+00
1.273435113596756846e-02
4.989895184467901257e-01
0.000000000000000000e+00
5.607600000000000084e-02
3.308280928371960972e+00
0.000000000000000000e+00
1.833707085462252945e-02
4.426512561964178194e-01
0.000000000000000000e+00
3.738400000000000056e-02
4.106130424397811396e+00
0.000000000000000000e+00
2.582808765449513128e-02
3.731736141960732001e-01
0.000000000000000000e+00
1.869200000000000028e-02
5.053919652983238642e+00
0.000000000000000000e+00
4.039758908637661183e-02
2.824797426467864914e-01
0.000000000000000000e+00
3.738400000000000056e-02
9.559248437094225892e+00
0.000000000000000000e+00
1.192754819324765708e-01
1.119720954348281672e-01
0.000000000000000000e+00
1.869200000000000028e-02
