9.043628393193972603e-02
7.777608723680427827e-02
6.651339176397154515e-04
4.477986403255836915e-04
2.512549733051271041e-04
5.118758665991215382e-05
2.296393691946945387e-06
3.168274563351109943e-06
4.344487441447907789e-06
2.711239588709327954e-07
2.019761809098417896e-07
2.792135815106924661e-08
1.228636439001998690e-14
0.000000000000000000e+00
0.000000000000000000e+00
0.000000000000000000e+00
0.000000000000000000e+00
0.000000000000000000e+00
0.000000000000000000e+00
0.000000000000000000e+00
0.000000000000000000e+00
0.000000000000000000e+00
0.000000000000000000e+00
0.000000000000000000e+00
3.087455529287503331e-01
2.259330045846330570e-02
1.653121410030124541e-02
1.142288418739523942e-02
2.704342779040824242e-03
1.257476447146426216e-04
1.741911946985086172e-04
2.401905703917169748e-04
1.493018688895370032e-05
7.052530136812137598e-06
1.402946379211825940e-06
3.154732954092764456e-06
1.261076087219657514e-06
1.940077992814013235e-07
1.936929766090714071e-07
7.790595923077643573e-08
0.000000000000000000e+00
0.000000000000000000e+00
0.000000000000000000e+00
0.000000000000000000e+00
0.000000000000000000e+00
0.000000000000000000e+00
0.000000000000000000e+00
0.000000000000000000e+00
3.069277627968414190e-01
2.152942914255453755e-01
1.288372680341019483e-01
3.041717098773723954e-02
1.415116492772891185e-03
1.960389191853663480e-03
2.703413723845799269e-03
1.680555894314590887e-04
7.938301340487909010e-05
1.572005611839554312e-05
3.498682018002915837e-05
1.375022961482989507e-05
2.067970752952706802e-06
2.108567114127655860e-06
1.930459604846378173e-06
4.350265340775225981e-07
0.000000000000000000e+00
0.000000000000000000e+00
0.000000000000000000e+00
0.000000000000000000e+00
0.000000000000000000e+00
0.000000000000000000e+00
0.000000000000000000e+00
0.000000000000000000e+00
3.866752441472731117e-01
3.003307681192690093e-01
6.658556214778448001e-02
3.096646644928291968e-03
4.289695213629234581e-03
5.915227723333581732e-03
3.677024025052298001e-04
1.736915693842304529e-04
3.439426324094855322e-05
7.655156539197311403e-05
3.008790631325349905e-05
4.522680733615052866e-06
4.622391267737363963e-06
2.881243873112480739e-06
8.522154654575755138e-07
1.494075202282462044e-06
0.000000000000000000e+00
0.000000000000000000e+00
0.000000000000000000e+00
0.000000000000000000e+00
0.000000000000000000e+00
0.000000000000000000e+00
0.000000000000000000e+00
0.000000000000000000e+00
5.402992810799580603e-01
2.601149854900707825e-01
1.162841022129387780e-02
1.610921044782204908e-02
2.221497267041835921e-02
1.380981832738215499e-03
6.523312155713101778e-04
1.291782395757454748e-04
2.875024663546920322e-04
1.129981336834920289e-04
1.698685663532671953e-05
1.735450850030709809e-05
1.082228192720150480e-05
2.433791868652815529e-06
3.915100952223110243e-06
2.084463962144357752e-06
6.228373437827567329e-07
0.000000000000000000e+00
0.000000000000000000e+00
0.000000000000000000e+00
0.000000000000000000e+00
0.000000000000000000e+00
0.000000000000000000e+00
0.000000000000000000e+00
5.935594607096795761e-01
7.373413524342041503e-02
9.002334035838241433e-02
1.241432729827443571e-01
7.717299514594094280e-03
3.645404215977937883e-03
7.218818225417785676e-04
1.606638758181380168e-03
6.314655239304607561e-04
9.492730360494411725e-05
9.698027112469994433e-05
6.047522260483981389e-05
1.360183961531971107e-05
2.091029989320310989e-05
9.281825573122383689e-06
3.319414153725645846e-06
3.954800395318482350e-06
0.000000000000000000e+00
0.000000000000000000e+00
0.000000000000000000e+00
0.000000000000000000e+00
0.000000000000000000e+00
0.000000000000000000e+00
0.000000000000000000e+00
2.572419999999998041e-01
2.828170999999998769e-01
3.043694999999997375e-01
1.892096999999999182e-02
8.937659999999994845e-03
1.769879999999998633e-03
3.939100000000000067e-03
1.548197999999999328e-03
2.327351999999998787e-04
2.377721999999997968e-04
1.482702000000000564e-04
3.334949999999998284e-05
5.126624000000000334e-05
2.275580000000000327e-05
7.951749999999993790e-06
1.004046000000000043e-05
0.000000000000000000e+00
0.000000000000000000e+00
0.000000000000000000e+00
0.000000000000000000e+00
0.000000000000000000e+00
0.000000000000000000e+00
0.000000000000000000e+00
0.000000000000000000e+00
3.538136566401802741e-01
4.784092721341324239e-01
2.781421226227924828e-02
1.313857615525905811e-02
2.601769532286658197e-03
5.790554883026693272e-03
2.275886290493536312e-03
3.421250411592474325e-04
3.495314394533722223e-04
2.179622999813009602e-04
4.902376532956506384e-05
7.536321147237387661e-05
3.345245318911383087e-05
1.168964801224197270e-05
1.414619154615237595e-05
6.627544412411447131e-07
0.000000000000000000e+00
0.000000000000000000e+00
0.000000000000000000e+00
0.000000000000000000e+00
0.000000000000000000e+00
0.000000000000000000e+00
0.000000000000000000e+00
0.000000000000000000e+00
6.395284916412328213e-01
1.382495262862217800e-01
6.217155160101458383e-02
1.231153262052333761e-02
2.740082858690069678e-02
1.076949466313564287e-02
1.618942199325792801e-03
1.653973438455054587e-03
1.031387176042670170e-03
2.319774970867239609e-04
3.566191445437224996e-04
1.582977084984949585e-04
5.531529443140682171e-05
6.295601730231265708e-05
7.532842047484464584e-06
0.000000000000000000e+00
0.000000000000000000e+00
0.000000000000000000e+00
0.000000000000000000e+00
0.000000000000000000e+00
0.000000000000000000e+00
0.000000000000000000e+00
0.000000000000000000e+00
0.000000000000000000e+00
4.302254291078637105e-01
2.614811436320941263e-01
4.755946606324297499e-02
1.058493544450672535e-01
4.160252891405617076e-02
6.253970417145613379e-03
6.389297547305336847e-03
3.984247782899848038e-03
8.961289020139383103e-04
1.377625407095204495e-03
6.115013976649611533e-04
2.136822830216257801e-04
2.431947908826245710e-04
2.941489470856447892e-05
0.000000000000000000e+00
0.000000000000000000e+00
0.000000000000000000e+00
0.000000000000000000e+00
0.000000000000000000e+00
0.000000000000000000e+00
0.000000000000000000e+00
0.000000000000000000e+00
0.000000000000000000e+00
0.000000000000000000e+00
3.892613425068475186e-01
1.234612070338215878e-01
2.274043432976532997e-01
8.937721638886178543e-02
1.343578141291594183e-02
1.372651048288285429e-02
8.559597895164259077e-03
1.925205886412663468e-03
2.959631775660542634e-03
1.313726280200855009e-03
4.590633328718144823e-04
5.224759467862629975e-04
6.332421964732183432e-05
0.000000000000000000e+00
0.000000000000000000e+00
0.000000000000000000e+00
0.000000000000000000e+00
0.000000000000000000e+00
0.000000000000000000e+00
0.000000000000000000e+00
0.000000000000000000e+00
0.000000000000000000e+00
0.000000000000000000e+00
0.000000000000000000e+00
2.330280000000000129e-01
4.240779000000002852e-01
1.423219999999998098e-01
2.139479999999999507e-02
2.185774999999998483e-02
1.363009999999999222e-02
3.065648999999998417e-03
4.712832999999999606e-03
2.091945999999999910e-03
7.309990000000001886e-04
8.319719999999991827e-04
1.009011999999999615e-04
0.000000000000000000e+00
0.000000000000000000e+00
0.000000000000000000e+00
0.000000000000000000e+00
0.000000000000000000e+00
0.000000000000000000e+00
0.000000000000000000e+00
0.000000000000000000e+00
0.000000000000000000e+00
0.000000000000000000e+00
0.000000000000000000e+00
0.000000000000000000e+00
4.473291364012166871e-01
2.961219438725362085e-01
4.199148102886794687e-02
4.258422571028561143e-02
2.532977199609306659e-02
5.174312352227201754e-03
6.914089825681577796e-03
2.288193917941457219e-03
5.862354586202715885e-04
4.210269365346592488e-04
1.585412214245653681e-05
0.000000000000000000e+00
0.000000000000000000e+00
0.000000000000000000e+00
0.000000000000000000e+00
0.000000000000000000e+00
0.000000000000000000e+00
0.000000000000000000e+00
0.000000000000000000e+00
0.000000000000000000e+00
0.000000000000000000e+00
0.000000000000000000e+00
0.000000000000000000e+00
4.240731341425262599e-04
5.059996305431725405e-01
1.334572993533300889e-01
1.212754007578790705e-01
7.209364542315001290e-02
1.466587254828684468e-02
1.952592708970572050e-02
6.411579029677580421e-03
1.627783691496829249e-03
1.162452755573698676e-03
4.363397244337922622e-05
0.000000000000000000e+00
0.000000000000000000e+00
0.000000000000000000e+00
0.000000000000000000e+00
0.000000000000000000e+00
0.000000000000000000e+00
0.000000000000000000e+00
0.000000000000000000e+00
0.000000000000000000e+00
0.000000000000000000e+00
0.000000000000000000e+00
0.000000000000000000e+00
0.000000000000000000e+00
9.887783746976418903e-03
3.693206499341598059e-01
2.946837964969714063e-01
1.466525319925650883e-01
3.028847954815650986e-02
4.001913527036250057e-02
1.301717164146943932e-02
3.281837817924643068e-03
2.332785634788731542e-03
8.725350116608836509e-05
0.000000000000000000e+00
0.000000000000000000e+00
0.000000000000000000e+00
0.000000000000000000e+00
0.000000000000000000e+00
0.000000000000000000e+00
0.000000000000000000e+00
0.000000000000000000e+00
0.000000000000000000e+00
0.000000000000000000e+00
0.000000000000000000e+00
0.000000000000000000e+00
0.000000000000000000e+00
1.939433440590935354e-05
1.147157148392014860e-02
5.001254751854007363e-01
3.004229911324198810e-01
5.252211002698839448e-02
6.740424196336365636e-02
2.125104913842260773e-02
5.277256466583915735e-03
3.713380600897205758e-03
1.377651347887597229e-04
0.000000000000000000e+00
0.000000000000000000e+00
0.000000000000000000e+00
0.000000000000000000e+00
0.000000000000000000e+00
0.000000000000000000e+00
0.000000000000000000e+00
0.000000000000000000e+00
0.000000000000000000e+00
0.000000000000000000e+00
0.000000000000000000e+00
0.000000000000000000e+00
0.000000000000000000e+00
1.095144621796689136e-09
2.632991973508636455e-05
2.652930412349677192e-02
6.519874992946487202e-01
1.670920080713995670e-01
1.844947421156372391e-01
5.388916040900165738e-02
1.293435244235073035e-02
8.939203447034249628e-03
3.267922143935827052e-04
0.000000000000000000e+00
0.000000000000000000e+00
0.000000000000000000e+00
0.000000000000000000e+00
0.000000000000000000e+00
0.000000000000000000e+00
0.000000000000000000e+00
0.000000000000000000e+00
0.000000000000000000e+00
0.000000000000000000e+00
0.000000000000000000e+00
0.000000000000000000e+00
0.000000000000000000e+00
0.000000000000000000e+00
1.951598164625094846e-06
2.523260584050722975e-03
1.996438021813704278e-01
4.945042095803731108e-01
3.931227865046674763e-01
9.991866735229164298e-02
2.290241648703588220e-02
1.543460588444479226e-02
5.544563303994432023e-04
0.000000000000000000e+00
0.000000000000000000e+00
0.000000000000000000e+00
0.000000000000000000e+00
0.000000000000000000e+00
0.000000000000000000e+00
0.000000000000000000e+00
0.000000000000000000e+00
0.000000000000000000e+00
0.000000000000000000e+00
0.000000000000000000e+00
0.000000000000000000e+00
0.000000000000000000e+00
0.000000000000000000e+00
5.311092311851232979e-07
1.084783280644563549e-03
7.703402491390047568e-02
1.433700167313965990e-01
8.844680624910493671e-01
2.381080115563714850e-01
4.455408689800236660e-02
2.880857436893157625e-02
1.012053812551446221e-03
0.000000000000000000e+00
0.000000000000000000e+00
0.000000000000000000e+00
0.000000000000000000e+00
0.000000000000000000e+00
0.000000000000000000e+00
0.000000000000000000e+00
0.000000000000000000e+00
0.000000000000000000e+00
0.000000000000000000e+00
0.000000000000000000e+00
0.000000000000000000e+00
0.000000000000000000e+00
0.000000000000000000e+00
5.420590474814901567e-08
6.254701069172961293e-04
4.245703154831612786e-02
7.053640069576962157e-02
4.782298682838010961e-01
9.839154505110421223e-01
1.885431143394671327e-01
7.969725820965294083e-02
1.942338406223712488e-03
0.000000000000000000e+00
0.000000000000000000e+00
0.000000000000000000e+00
0.000000000000000000e+00
0.000000000000000000e+00
0.000000000000000000e+00
0.000000000000000000e+00
0.000000000000000000e+00
0.000000000000000000e+00
0.000000000000000000e+00
0.000000000000000000e+00
0.000000000000000000e+00
0.000000000000000000e+00
0.000000000000000000e+00
0.000000000000000000e+00
6.049755818586786439e-04
4.084443609776355899e-02
6.489794019897532351e-02
3.589998425864257547e-01
7.631259116957357369e-01
8.134699707784061040e-01
3.830585383035666758e-01
7.395158561224197090e-03
0.000000000000000000e+00
0.000000000000000000e+00
0.000000000000000000e+00
0.000000000000000000e+00
0.000000000000000000e+00
0.000000000000000000e+00
0.000000000000000000e+00
0.000000000000000000e+00
0.000000000000000000e+00
0.000000000000000000e+00
0.000000000000000000e+00
0.000000000000000000e+00
0.000000000000000000e+00
0.000000000000000000e+00
0.000000000000000000e+00
7.884580414577074033e-04
5.316708188450295497e-02
8.245734142139417300e-02
4.383422077422697849e-01
6.119721116970451291e-01
7.188692242013795530e-01
1.399871057034940636e+00
4.994808203420667697e-02
0.000000000000000000e+00
0.000000000000000000e+00
0.000000000000000000e+00
0.000000000000000000e+00
0.000000000000000000e+00
0.000000000000000000e+00
0.000000000000000000e+00
0.000000000000000000e+00
0.000000000000000000e+00
0.000000000000000000e+00
0.000000000000000000e+00
0.000000000000000000e+00
0.000000000000000000e+00
0.000000000000000000e+00
0.000000000000000000e+00
2.398707023180887254e-03
1.615345949685188798e-01
2.461827039291725194e-01
1.277799282833727013e+00
1.232291362935530765e+00
1.157612019125852321e+00
4.166795647886087473e+00
8.264661020619390452e-01
6.114262888696340298e-02
9.198276275299963056e-02
7.691695115530465532e-04
6.241861730946450526e-04
4.332522648824575122e-04
1.026752300281897896e-04
4.774602502235618270e-06
6.613726772379456374e-06
9.119486692350686993e-06
5.722441100593656019e-07
4.293196242146281381e-07
5.370839445895786087e-08
0.000000000000000000e+00
0.000000000000000000e+00
0.000000000000000000e+00
0.000000000000000000e+00
0.000000000000000000e+00
0.000000000000000000e+00
0.000000000000000000e+00
0.000000000000000000e+00
0.000000000000000000e+00
0.000000000000000000e+00
0.000000000000000000e+00
0.000000000000000000e+00
3.499437670867260874e-01
4.132190405149891582e-02
3.208513433370736856e-02
2.231873290573054697e-02
5.296816475315662895e-03
2.464299927989984968e-04
3.413872400365644804e-04
4.707805677810554773e-04
2.926562944907741310e-05
1.382423469312043208e-05
2.755038803577827802e-06
6.205553132636868148e-06
2.452134284012738585e-06
3.727633676130280207e-07
3.760293411588968739e-07
1.538124355173848940e-07
0.000000000000000000e+00
0.000000000000000000e+00
0.000000000000000000e+00
0.000000000000000000e+00
0.000000000000000000e+00
0.000000000000000000e+00
0.000000000000000000e+00
0.000000000000000000e+00
2.972975229876154701e-01
4.287123851253333839e-01
2.775835094001899428e-01
6.587903641711798097e-02
3.064980493979991595e-03
4.245996622764445193e-03
5.855339090480496562e-03
3.639928370613598903e-04
1.719363532900481512e-04
3.404816702576336101e-05
7.577830606267096719e-05
2.978172142408786911e-05
4.479033333442832550e-06
4.567007988100612510e-06
4.177030817800791163e-06
9.464234612435974991e-07
0.000000000000000000e+00
0.000000000000000000e+00
0.000000000000000000e+00
0.000000000000000000e+00
0.000000000000000000e+00
0.000000000000000000e+00
0.000000000000000000e+00
0.000000000000000000e+00
4.327116551382338971e-01
6.253868831531147476e-01
1.437386561450504086e-01
6.687340306796757221e-03
9.264187531548536206e-03
1.277553428543184294e-02
7.941849595602648755e-04
3.751497185086060965e-04
7.428698070558087169e-05
1.653412581834455986e-04
6.498593287896064618e-05
9.768400672482986912e-06
9.983764020373992525e-06
6.223091452139937983e-06
1.840149210659482664e-06
3.227605163641116284e-06
0.000000000000000000e+00
0.000000000000000000e+00
0.000000000000000000e+00
0.000000000000000000e+00
0.000000000000000000e+00
0.000000000000000000e+00
0.000000000000000000e+00
0.000000000000000000e+00
7.225785562376687565e-01
5.507239182879728467e-01
2.515590959973733678e-02
3.484924714269020674e-02
4.805796460958278865e-02
2.987501327009072210e-03
1.411197588142390795e-03
2.794532345527043896e-04
6.219580730636592187e-04
2.444506659648119484e-04
3.674790348891140415e-05
3.754329732158625870e-05
2.341199579405555799e-05
5.265069221257688435e-06
8.462082100806741835e-06
4.503482679616577001e-06
1.361857859902699273e-06
0.000000000000000000e+00
0.000000000000000000e+00
0.000000000000000000e+00
0.000000000000000000e+00
0.000000000000000000e+00
0.000000000000000000e+00
0.000000000000000000e+00
8.255001312110636924e-01
1.494542118714405621e-01
1.947726850434587376e-01
2.685954722971548025e-01
1.669709778246392801e-02
7.887172212808230692e-03
1.561858062415656580e-03
3.476109053969149692e-03
1.366233454292836973e-03
2.053839505835084280e-04
2.098257408685025240e-04
1.308437587634450399e-04
2.942882100388096196e-05
4.524135901538049682e-05
2.008210272547571404e-05
7.176402094111406635e-06
8.563935556171604733e-06
0.000000000000000000e+00
0.000000000000000000e+00
0.000000000000000000e+00
0.000000000000000000e+00
0.000000000000000000e+00
0.000000000000000000e+00
0.000000000000000000e+00
2.224209999999998966e-01
5.344719999999999471e-01
6.515339999999998355e-01
4.050219999999999515e-02
1.913197999999999288e-02
3.788619999999997753e-03
8.432030000000001815e-03
3.314070999999993959e-03
4.981940000000000890e-04
5.089747000000003838e-04
3.173875000000000914e-04
7.138800000000000158e-05
1.097405999999998824e-04
4.871110000000001546e-05
1.702152999999999490e-05
2.149262999999997315e-05
0.000000000000000000e+00
0.000000000000000000e+00
0.000000000000000000e+00
0.000000000000000000e+00
0.000000000000000000e+00
0.000000000000000000e+00
0.000000000000000000e+00
0.000000000000000000e+00
3.865212001311790213e-01
9.881575759438323558e-01
5.949876023764232719e-02
2.810534385502587093e-02
5.565563657753248503e-03
1.238684575826479520e-02
4.868453790170566148e-03
7.318556933350795672e-04
7.476997826387485118e-04
4.662532587908439752e-04
1.048689156559347817e-04
1.612130736681279160e-04
7.155973860425769468e-05
2.500590767831450403e-05
3.025506192972007423e-05
1.423596702232778541e-06
0.000000000000000000e+00
0.000000000000000000e+00
0.000000000000000000e+00
0.000000000000000000e+00
0.000000000000000000e+00
0.000000000000000000e+00
0.000000000000000000e+00
0.000000000000000000e+00
9.411805035357320159e-01
2.933697975161727034e-01
1.353031010561773495e-01
2.679344872049898435e-02
5.963210707149897011e-02
2.343751835939878944e-02
3.523280735068537884e-03
3.599519166131456924e-03
2.244594456523699415e-03
5.048500181253329873e-04
7.761051597543535416e-04
3.445012368993314103e-04
1.203819106233450654e-04
1.370102822905551259e-04
1.639917165770812170e-05
0.000000000000000000e+00
0.000000000000000000e+00
0.000000000000000000e+00
0.000000000000000000e+00
0.000000000000000000e+00
0.000000000000000000e+00
0.000000000000000000e+00
0.000000000000000000e+00
0.000000000000000000e+00
5.117404691691526120e-01
5.272424444788476050e-01
1.003028441443774565e-01
2.232359499457456653e-01
8.773956594257005526e-02
1.318960359095729118e-02
1.347500885143134049e-02
8.402772328544803535e-03
1.889933938424443296e-03
2.905409076205283259e-03
1.289653920083657897e-03
4.506545891040247159e-04
5.128976770425714262e-04
6.203650572453938100e-05
0.000000000000000000e+00
0.000000000000000000e+00
0.000000000000000000e+00
0.000000000000000000e+00
0.000000000000000000e+00
0.000000000000000000e+00
0.000000000000000000e+00
0.000000000000000000e+00
0.000000000000000000e+00
0.000000000000000000e+00
5.118240315336137769e-01
2.334265583071996331e-01
4.733933674601996100e-01
1.860597470668332587e-01
2.796974205009015654e-02
2.857495897981732896e-02
1.781881677013599785e-02
4.007770329955134304e-03
6.161169356454221369e-03
2.734830900615805617e-03
9.556484570988300550e-04
1.087657849916548502e-03
1.318231710270659511e-04
0.000000000000000000e+00
0.000000000000000000e+00
0.000000000000000000e+00
0.000000000000000000e+00
0.000000000000000000e+00
0.000000000000000000e+00
0.000000000000000000e+00
0.000000000000000000e+00
0.000000000000000000e+00
0.000000000000000000e+00
0.000000000000000000e+00
2.236189999999999567e-01
8.265300000000002090e-01
3.004775999999997893e-01
4.516979999999998913e-02
4.614723999999998522e-02
2.877657999999994748e-02
6.472359999999999919e-03
9.949970000000011097e-03
4.416620999999997313e-03
1.543322999999999223e-03
1.756502999999998453e-03
2.130281000000000687e-04
0.000000000000000000e+00
0.000000000000000000e+00
0.000000000000000000e+00
0.000000000000000000e+00
0.000000000000000000e+00
0.000000000000000000e+00
0.000000000000000000e+00
0.000000000000000000e+00
0.000000000000000000e+00
0.000000000000000000e+00
0.000000000000000000e+00
0.000000000000000000e+00
6.235416968507221380e-01
5.995168212444647038e-01
8.728213748624030766e-02
8.887149210486833262e-02
5.456009154531332728e-02
1.191642638489450942e-02
1.756572026396260866e-02
7.218501566931254977e-03
2.362907052728670850e-03
2.507114968412119116e-03
2.780984204831891808e-04
0.000000000000000000e+00
0.000000000000000000e+00
0.000000000000000000e+00
0.000000000000000000e+00
0.000000000000000000e+00
0.000000000000000000e+00
0.000000000000000000e+00
0.000000000000000000e+00
0.000000000000000000e+00
0.000000000000000000e+00
0.000000000000000000e+00
0.000000000000000000e+00
1.938886716950246854e-04
7.516559061215987159e-01
2.723247534515197410e-01
2.591048290374465823e-01
1.557525917078031175e-01
3.192843697463395441e-02
4.268686988967815288e-02
1.407554343504103210e-02
3.580954614965202367e-03
2.558882752131336116e-03
9.607906156304578480e-05
0.000000000000000000e+00
0.000000000000000000e+00
0.000000000000000000e+00
0.000000000000000000e+00
0.000000000000000000e+00
0.000000000000000000e+00
0.000000000000000000e+00
0.000000000000000000e+00
0.000000000000000000e+00
0.000000000000000000e+00
0.000000000000000000e+00
0.000000000000000000e+00
0.000000000000000000e+00
4.869747378069672582e-03
4.971231235099053958e-01
5.849088157128766730e-01
3.128519790247571430e-01
6.573111994531778690e-02
8.715034653398913422e-02
2.837428624199263977e-02
7.150218301639665354e-03
5.081112612440094774e-03
1.900099602940665043e-04
0.000000000000000000e+00
0.000000000000000000e+00
0.000000000000000000e+00
0.000000000000000000e+00
0.000000000000000000e+00
0.000000000000000000e+00
0.000000000000000000e+00
0.000000000000000000e+00
0.000000000000000000e+00
0.000000000000000000e+00
0.000000000000000000e+00
0.000000000000000000e+00
0.000000000000000000e+00
2.877347572633736790e-08
6.003496465890554960e-03
7.535266693905589008e-01
6.122347967947605607e-01
1.130925118744060265e-01
1.445287357379280158e-01
4.476534199984456147e-02
1.095751688540803209e-02
7.638655378927185907e-03
2.813386991212866420e-04
0.000000000000000000e+00
0.000000000000000000e+00
0.000000000000000000e+00
0.000000000000000000e+00
0.000000000000000000e+00
0.000000000000000000e+00
0.000000000000000000e+00
0.000000000000000000e+00
0.000000000000000000e+00
0.000000000000000000e+00
0.000000000000000000e+00
0.000000000000000000e+00
0.000000000000000000e+00
0.000000000000000000e+00
4.000065165387098783e-08
1.041994405791759823e-02
1.009389388300439450e+00
3.769199639850261407e-01
4.176572626140553912e-01
1.207869540264149000e-01
2.841828825078274515e-02
1.942143255113338435e-02
7.060390064009643878e-04
0.000000000000000000e+00
0.000000000000000000e+00
0.000000000000000000e+00
0.000000000000000000e+00
0.000000000000000000e+00
0.000000000000000000e+00
0.000000000000000000e+00
0.000000000000000000e+00
0.000000000000000000e+00
0.000000000000000000e+00
0.000000000000000000e+00
0.000000000000000000e+00
0.000000000000000000e+00
0.000000000000000000e+00
4.907009187836343574e-10
5.167023718325670971e-05
1.516358664150007363e-01
9.057490967848478292e-01
8.533830279613481284e-01
2.150353726928649900e-01
4.774456277417360450e-02
3.132085792271253888e-02
1.099627628986493688e-03
0.000000000000000000e+00
0.000000000000000000e+00
0.000000000000000000e+00
0.000000000000000000e+00
0.000000000000000000e+00
0.000000000000000000e+00
0.000000000000000000e+00
0.000000000000000000e+00
0.000000000000000000e+00
0.000000000000000000e+00
0.000000000000000000e+00
0.000000000000000000e+00
0.000000000000000000e+00
0.000000000000000000e+00
8.236183260135676214e-11
7.945820244541228187e-06
1.798663240333308114e-02
1.042362929605209626e-01
1.741229179542803429e+00
5.816059927761570991e-01
8.683102215939519919e-02
5.714856944155741192e-02
2.061908735900817597e-03
0.000000000000000000e+00
0.000000000000000000e+00
0.000000000000000000e+00
0.000000000000000000e+00
0.000000000000000000e+00
0.000000000000000000e+00
0.000000000000000000e+00
0.000000000000000000e+00
0.000000000000000000e+00
0.000000000000000000e+00
0.000000000000000000e+00
0.000000000000000000e+00
0.000000000000000000e+00
0.000000000000000000e+00
2.721020818195725820e-11
2.186962981736799501e-06
4.368656956613012170e-03
2.187293147715780109e-02
5.105430729634441445e-01
2.175851199576123385e+00
4.470802419524020910e-01
1.279872130642552563e-01
2.251239081576953890e-03
0.000000000000000000e+00
0.000000000000000000e+00
0.000000000000000000e+00
0.000000000000000000e+00
0.000000000000000000e+00
0.000000000000000000e+00
0.000000000000000000e+00
0.000000000000000000e+00
0.000000000000000000e+00
0.000000000000000000e+00
0.000000000000000000e+00
0.000000000000000000e+00
0.000000000000000000e+00
0.000000000000000000e+00
0.000000000000000000e+00
1.460741948408970974e-06
2.767774136720339666e-03
1.313233277124228361e-02
2.021043090290926270e-01
1.212454681007946622e+00
1.833073945937153004e+00
8.090040546091827878e-01
7.583423450295077861e-03
0.000000000000000000e+00
0.000000000000000000e+00
0.000000000000000000e+00
0.000000000000000000e+00
0.000000000000000000e+00
0.000000000000000000e+00
0.000000000000000000e+00
0.000000000000000000e+00
0.000000000000000000e+00
0.000000000000000000e+00
0.000000000000000000e+00
0.000000000000000000e+00
0.000000000000000000e+00
0.000000000000000000e+00
0.000000000000000000e+00
1.527317667426266791e-06
2.820382038753501894e-03
1.285159131837345509e-02
1.984291833253034598e-01
5.158954365621201132e-01
1.208035958784110964e+00
2.978004712466931991e+00
9.728804710776244036e-02
0.000000000000000000e+00
0.000000000000000000e+00
0.000000000000000000e+00
0.000000000000000000e+00
0.000000000000000000e+00
0.000000000000000000e+00
0.000000000000000000e+00
0.000000000000000000e+00
0.000000000000000000e+00
0.000000000000000000e+00
0.000000000000000000e+00
0.000000000000000000e+00
0.000000000000000000e+00
0.000000000000000000e+00
0.000000000000000000e+00
3.490106553794011860e-06
6.381913196342616119e-03
2.803171712449086667e-02
4.449568509696918972e-01
5.611614695502422645e-01
7.077979577313743276e-01
6.122695135241933428e+00
1.569273207737622355e+00
