2.876529123815841915e-01
6.732735570434043859e-03
3.257836909672379155e-03
2.269136691912939874e+00
9.405343695716621231e-05
9.138340000000000352e-01
4.712531745411204231e-01
9.840272389297004089e-04
1.384999162454210930e-03
1.102643548785689376e+00
0.000000000000000000e+00
4.406000000000000194e-02
5.384275953089772138e-01
1.076159351541159390e-03
1.583184749302184386e-03
1.044875292715876203e+00
0.000000000000000000e+00
2.185700000000000143e-02
6.670881120119112051e-01
1.246103234736821701e-03
2.401339719441959297e-03
8.952698315826429498e-01
0.000000000000000000e+00
1.708400000000000196e-02
7.788917829249634162e-01
1.494413680771765124e-03
3.985923360553457473e-03
7.931557310567163288e-01
0.000000000000000000e+00
1.664999999999999813e-03
8.687307489057681797e-01
2.359461360109831474e-03
6.382442570085055875e-03
7.154954199517780111e-01
0.000000000000000000e+00
1.420579999999999846e-03
9.087420398988903525e-01
4.417991848490802377e-03
1.035560227325543411e-02
6.879068735789926059e-01
0.000000000000000000e+00
5.799900000000000492e-05
9.085000000000001963e-01
5.971999999999999878e-03
1.401999999999999774e-02
6.942000000000003723e-01
0.000000000000000000e+00
5.200000000000000188e-06
8.964999999999997415e-01
6.477999999999995047e-03
1.616999999999998647e-02
5.416999999999997373e-01
0.000000000000000000e+00
3.584999999999999981e-06
9.290407806775361488e-01
1.766840632800735847e-02
3.107960277804015792e-02
4.537459187359760282e-01
0.000000000000000000e+00
7.816560000000001272e-06
9.204475794078373907e-01
3.729624327953577623e-02
4.945814038557758141e-02
6.474549915235655595e-01
0.000000000000000000e+00
5.087099999999999938e-08
9.563283401270188389e-01
9.375418936872765077e-03
8.262058476021798270e-02
5.114967426892086388e-01
0.000000000000000000e+00
6.230999999999999679e-09
8.766999999999998128e-01
2.370999999999999497e-02
2.089999999999999497e-02
7.131999999999996120e-01
0.000000000000000000e+00
9.363999999999999924e-10
8.729000000000001203e-01
1.064999999999999801e-02
1.106000000000000039e-02
7.124999999999999112e-01
0.000000000000000000e+00
6.435000000000000009e-10
8.838999999999994639e-01
1.128000000000000010e-02
1.443999999999999277e-02
6.906000000000001027e-01
0.000000000000000000e+00
4.420000000000000246e-10
8.913868336013263116e-01
1.279088892447433068e-02
1.283233747718371016e-02
6.698939091350524233e-01
0.000000000000000000e+00
4.174999999999999541e-10
9.317968104038600874e-01
5.612587590814822197e-02
3.595865701215136823e-02
6.149544486472487970e-01
0.000000000000000000e+00
1.726500000000000190e-10
9.568382343949259905e-01
4.827954457729067422e-02
3.077062338150991783e-02
5.730086086705967752e-01
0.000000000000000000e+00
2.572000000000000010e-10
1.040515567014724585e+00
8.199983830751589320e-02
4.951524825172184258e-02
4.978217722963911851e-01
0.000000000000000000e+00
3.868099999999999805e-11
1.141049495397479907e+00
1.290694462169384160e-01
7.733770699212426381e-02
4.353968722282008930e-01
0.000000000000000000e+00
4.040799999999999503e-11
1.221398466390682058e+00
1.274519199155256244e-01
7.840218694301569202e-02
3.920848190010592926e-01
0.000000000000000000e+00
1.812399999999999992e-11
1.468473766609179387e+00
1.796417511230860020e-01
1.073355697061532943e-01
3.072951771343219174e-01
0.000000000000000000e+00
2.141600000000000003e-11
2.270430954873557727e+00
3.410409175532401749e-01
2.021671439686315574e-01
1.834755134821329514e-01
0.000000000000000000e+00
4.729839999999999968e-12
6.660831301018884432e+00
8.520996712130703976e-01
5.579692561439987264e-01
5.374162855290157831e-02
0.000000000000000000e+00
3.162860000000000596e-14
3.175083082028649639e-01
0.000000000000000000e+00
3.441617309694342333e-04
2.853694611791670610e+00
0.000000000000000000e+00
1.214979999999999671e-01
6.564369902858704364e-01
0.000000000000000000e+00
6.080107417508715006e-06
1.040558079530374824e+00
0.000000000000000000e+00
1.869200000000000028e-02
7.869577542074995824e-01
0.000000000000000000e+00
6.019981306587128210e-06
9.653867346294712215e-01
0.000000000000000000e+00
1.869200000000000028e-02
1.036793361062796182e+00
0.000000000000000000e+00
9.870444896639794260e-06
7.862145384458539832e-01
0.000000000000000000e+00
4.673000000000000070e-02
1.259027465705035542e+00
0.000000000000000000e+00
1.771500853760531405e-05
6.668063721206577421e-01
0.000000000000000000e+00
1.869200000000000028e-02
1.403543599986918355e+00
0.000000000000000000e+00
3.649453051622276236e-05
6.092630416678102012e-01
0.000000000000000000e+00
7.476800000000000113e-02
1.474501945531365710e+00
0.000000000000000000e+00
7.806657085435722782e-05
5.839243744845651340e-01
0.000000000000000000e+00
3.738400000000000056e-02
1.482999999999999430e+00
0.000000000000000000e+00
1.063000000000000224e-04
5.808999999999997499e-01
0.000000000000000000e+00
9.346000000000000141e-03
1.484999999999999432e+00
0.000000000000000000e+00
1.205999999999999770e-04
5.801999999999997160e-01
0.000000000000000000e+00
9.346000000000000141e-03
1.491005275526645857e+00
0.000000000000000000e+00
3.238408665941348743e-04
5.781750110883864258e-01
0.000000000000000000e+00
1.214979999999999671e-01
1.495001157029355543e+00
0.000000000000000000e+00
9.099468551845759506e-04
5.764598347127875000e-01
0.000000000000000000e+00
4.673000000000000070e-02
1.497334663320468717e+00
0.000000000000000000e+00
1.485432231836687073e-03
5.753326045472991757e-01
0.000000000000000000e+00
2.803800000000000042e-02
1.497000000000000552e+00
0.000000000000000000e+00
1.897000000000000899e-03
5.741000000000001657e-01
0.000000000000000000e+00
9.346000000000000141e-03
1.509999999999999787e+00
0.000000000000000000e+00
2.149999999999999568e-03
5.732000000000000428e-01
0.000000000000000000e+00
9.346000000000000141e-03
1.522999999999999687e+00
0.000000000000000000e+00
2.435999999999999364e-03
5.724000000000001309e-01
0.000000000000000000e+00
9.346000000000000141e-03
1.542384668500998313e+00
0.000000000000000000e+00
2.850738249080276600e-03
5.710284973237578221e-01
0.000000000000000000e+00
2.803800000000000042e-02
1.566533720670791441e+00
0.000000000000000000e+00
3.329134561713985741e-03
5.690478541391315037e-01
0.000000000000000000e+00
1.869200000000000028e-02
1.628107700592203999e+00
0.000000000000000000e+00
4.310631546792030588e-03
5.646441394887193876e-01
0.000000000000000000e+00
5.607600000000000084e-02
1.757132724702554549e+00
0.000000000000000000e+00
5.487568310886160525e-03
5.584083953035634540e-01
0.000000000000000000e+00
2.803800000000000042e-02
1.891007132171882876e+00
0.000000000000000000e+00
6.559641632846563084e-03
5.515995316769948253e-01
0.000000000000000000e+00
5.607600000000000084e-02
2.049051892502116612e+00
0.000000000000000000e+00
8.013313843187310978e-03
5.411380426542300448e-01
0.000000000000000000e+00
3.738400000000000056e-02
2.555729573358154205e+00
0.000000000000000000e+00
1.232288887173635383e-02
5.028187951360806318e-01
0.000000000000000000e+00
8.411399999999999433e-02
3.724899148197420740e+00
0.000000000000000000e+00
2.290884532860804762e-02
4.049342434697285054e-01
0.000000000000000000e+00
8.411399999999999433e-02
7.226519061050566961e+00
0.000000000000000000e+00
8.053414243892230429e-02
1.604355820213133055e-01
0.000000000000000000e+00
2.803800000000000042e-02
