2.226451090378235576e-01
2.965023785242789506e-02
1.302590529038625752e-02
1.388463077771712878e-02
2.111526673950931375e-03
2.762931201488389495e-03
2.693677633491565744e-04
3.461693101174256887e-05
2.694986551366889582e-05
9.113950763189994440e-05
2.638087539881837955e-06
5.941292580141181288e-07
1.219399984632777467e-07
9.651910697090962943e-08
8.231542856102852418e-08
9.136285365726293638e-08
3.017782201774535031e-08
1.264281542776170484e-14
2.452785283283943370e-15
1.489360979634904354e-15
0.000000000000000000e+00
0.000000000000000000e+00
0.000000000000000000e+00
0.000000000000000000e+00
0.000000000000000000e+00
2.463452810352733113e-01
1.081393416289713888e-01
8.236665089898964620e-02
1.299997222199360085e-02
1.732692794842585066e-02
1.714194707735938045e-03
2.206714903686567879e-04
1.718591688472386088e-04
5.816144009132956632e-04
1.673960293042045787e-05
3.546705407735357253e-06
7.025315179905576265e-07
5.471523952505721766e-07
4.259771683898047780e-07
4.694436508646956545e-07
2.758411185338466371e-07
7.152838797689709457e-07
0.000000000000000000e+00
0.000000000000000000e+00
0.000000000000000000e+00
0.000000000000000000e+00
0.000000000000000000e+00
0.000000000000000000e+00
0.000000000000000000e+00
0.000000000000000000e+00
2.636444131706091043e-01
2.040883117138246050e-01
2.719832784923210955e-02
3.624704820946186151e-02
3.585795529805132619e-03
4.616057597401854455e-04
3.594968881770882474e-04
1.216629079760461361e-03
3.501580650855612935e-05
7.418892064937065176e-06
1.469044812868260403e-06
1.143975011629793837e-06
8.915913182217212716e-07
9.805295652882554397e-07
4.771472353326699498e-07
1.271640948754366611e-06
3.575865594289203051e-07
0.000000000000000000e+00
0.000000000000000000e+00
0.000000000000000000e+00
0.000000000000000000e+00
0.000000000000000000e+00
0.000000000000000000e+00
0.000000000000000000e+00
0.000000000000000000e+00
4.125846421844477363e-01
1.062361945558703002e-01
1.261599163877414609e-01
1.246122769612205590e-02
1.603794588035107986e-03
1.248971737605475809e-03
4.226454139779309803e-03
1.216327320762957873e-04
2.577054861581429583e-05
5.103481793707146993e-06
3.974379353087630190e-06
3.095413886995224554e-06
3.407989125664414405e-06
1.656995686245234034e-06
3.077823065991851139e-06
6.440608636628548628e-07
1.028357602840302968e-06
5.563563489038363804e-07
4.498587289457546615e-07
0.000000000000000000e+00
0.000000000000000000e+00
0.000000000000000000e+00
0.000000000000000000e+00
0.000000000000000000e+00
0.000000000000000000e+00
3.311832247041039956e-01
3.877772180031258120e-01
3.535255115047641200e-02
4.551106700180423265e-03
3.544398593751917678e-03
1.199531198257046231e-02
3.452387428244430055e-04
7.314885774556406780e-05
1.448536509714557973e-05
1.128102054063175914e-05
8.785868803845321560e-06
9.673453711333039078e-06
4.703023697903671075e-06
8.736355885463753789e-06
1.730691299334771451e-06
2.132403617562709399e-06
1.166066397680084148e-06
2.701459314134387598e-06
0.000000000000000000e+00
0.000000000000000000e+00
0.000000000000000000e+00
0.000000000000000000e+00
0.000000000000000000e+00
0.000000000000000000e+00
0.000000000000000000e+00
5.996055111539728699e-01
1.688273589862774315e-01
2.077491255231197001e-02
1.617950700192109792e-02
5.475625251708727409e-02
1.575954720242547097e-03
3.339014635427760497e-04
6.612227424987003469e-05
5.149326776923101288e-05
4.010737829239547665e-05
4.415517023179149262e-05
2.146723661744906321e-05
3.987884683706255048e-05
7.902662999280377949e-06
9.730828529252927970e-06
5.326599690276681088e-06
8.724916496676349680e-06
3.913930535842491405e-06
0.000000000000000000e+00
0.000000000000000000e+00
0.000000000000000000e+00
0.000000000000000000e+00
0.000000000000000000e+00
0.000000000000000000e+00
0.000000000000000000e+00
4.862519079087397889e-01
1.034555174036690672e-01
6.827559735874050295e-02
2.310599936478217598e-01
6.650202828927977497e-03
1.408994156782541378e-03
2.790224575905207315e-04
2.172909730211336650e-04
1.692424228707366946e-04
1.863286881642207125e-04
9.058906928626805747e-05
1.682821469895863411e-04
3.334725457291698431e-05
4.106141916638130445e-05
2.247736206115210134e-05
3.625997976418593303e-05
1.737977485654094433e-05
2.014786979111966126e-08
0.000000000000000000e+00
0.000000000000000000e+00
0.000000000000000000e+00
0.000000000000000000e+00
0.000000000000000000e+00
0.000000000000000000e+00
0.000000000000000000e+00
2.718800000000000661e-01
1.868100000000000593e-01
4.188684799999996544e-01
1.205540000000000257e-02
2.554209000000000861e-03
5.058080000000001689e-04
3.939040000000001507e-04
3.067980000000000533e-04
3.377727000000000398e-04
1.642144000000000383e-04
3.050515999999996392e-04
6.045180000000000963e-05
7.443650000000002500e-05
4.074460000000000289e-05
6.573271000000002274e-05
2.979493999999999429e-05
1.836230000000000925e-06
0.000000000000000000e+00
0.000000000000000000e+00
0.000000000000000000e+00
0.000000000000000000e+00
0.000000000000000000e+00
0.000000000000000000e+00
0.000000000000000000e+00
0.000000000000000000e+00
2.572419999999998041e-01
6.012964499999990942e-01
1.551866000000000009e-02
3.287984999999996310e-03
6.511149999999996368e-04
5.070649999999997945e-04
3.949349999999997958e-04
4.348070000000000537e-04
2.113909999999998197e-04
3.926914999999996537e-04
7.781589999999996760e-05
9.581979999999993257e-05
5.245039999999998151e-05
8.461573999999993196e-05
3.835310999999995711e-05
2.394899999999998873e-06
0.000000000000000000e+00
0.000000000000000000e+00
0.000000000000000000e+00
0.000000000000000000e+00
0.000000000000000000e+00
0.000000000000000000e+00
0.000000000000000000e+00
0.000000000000000000e+00
0.000000000000000000e+00
7.135721605871638840e-01
1.326771902253414126e-01
2.726862502822312295e-02
5.399987911267725531e-03
4.205308781472664841e-03
3.275395361021127879e-03
3.606043790811253036e-03
1.753174198330222826e-03
3.256747953587210871e-03
6.453825993830711793e-04
7.946706958607399401e-04
4.350001797743453151e-04
7.017544801684049999e-04
3.180784648948810681e-04
2.066155717560469668e-05
0.000000000000000000e+00
0.000000000000000000e+00
0.000000000000000000e+00
0.000000000000000000e+00
0.000000000000000000e+00
0.000000000000000000e+00
0.000000000000000000e+00
0.000000000000000000e+00
0.000000000000000000e+00
0.000000000000000000e+00
4.898291753429813156e-01
2.068255577734949557e-01
3.855129390328479455e-02
3.002233818697227011e-02
2.338351166449106899e-02
2.574407104201779234e-02
1.251619141304011196e-02
2.325041420801292683e-02
4.607493294402395523e-03
5.673277931715481684e-03
3.105530085796008762e-03
5.009935460498695682e-03
2.270806105154969147e-03
1.481881073891757293e-04
0.000000000000000000e+00
0.000000000000000000e+00
0.000000000000000000e+00
0.000000000000000000e+00
0.000000000000000000e+00
0.000000000000000000e+00
0.000000000000000000e+00
0.000000000000000000e+00
0.000000000000000000e+00
0.000000000000000000e+00
0.000000000000000000e+00
3.944057612673737001e-01
1.255681813102206557e-01
7.984195228445084558e-02
6.210575227746702176e-02
6.845352621232944634e-02
3.333763027453984229e-02
6.191453850370758766e-02
1.214273869467790562e-02
1.462716524028428305e-02
7.619429955403446940e-03
1.062469249763863151e-02
2.874899036036011619e-03
4.817923189996604113e-05
0.000000000000000000e+00
0.000000000000000000e+00
0.000000000000000000e+00
0.000000000000000000e+00
0.000000000000000000e+00
0.000000000000000000e+00
0.000000000000000000e+00
0.000000000000000000e+00
0.000000000000000000e+00
0.000000000000000000e+00
0.000000000000000000e+00
7.355539999999999171e-04
2.513959999999999528e-01
1.796839999999998994e-01
1.002169999999999728e-01
1.058542999999999151e-01
5.112069999999999115e-02
9.443099999999990390e-02
1.840787000000000326e-02
2.210465999999999820e-02
1.150964999999999974e-02
1.602140999999999635e-02
4.283324199999999880e-03
7.117134999999995683e-05
0.000000000000000000e+00
0.000000000000000000e+00
0.000000000000000000e+00
0.000000000000000000e+00
0.000000000000000000e+00
0.000000000000000000e+00
0.000000000000000000e+00
0.000000000000000000e+00
0.000000000000000000e+00
0.000000000000000000e+00
0.000000000000000000e+00
0.000000000000000000e+00
1.928339999999999959e-03
2.596529999999999672e-01
1.782980000000000675e-01
1.408650999999999931e-01
6.618909999999997296e-02
1.218064999999999565e-01
2.369417000000000051e-02
2.841938999999999230e-02
1.477158999999998723e-02
2.060176999999999495e-02
5.516178000000002656e-03
9.107669000000001450e-05
0.000000000000000000e+00
0.000000000000000000e+00
0.000000000000000000e+00
0.000000000000000000e+00
0.000000000000000000e+00
0.000000000000000000e+00
0.000000000000000000e+00
0.000000000000000000e+00
0.000000000000000000e+00
0.000000000000000000e+00
0.000000000000000000e+00
0.000000000000000000e+00
1.132120000000000214e-07
3.073390000000000063e-03
2.686790000000000012e-01
2.326358999999999511e-01
8.635139999999999483e-02
1.576580000000000481e-01
3.081612000000000934e-02
3.702179999999997972e-02
1.924920000000000450e-02
2.673220999999999931e-02
7.128451999999997797e-03
1.178686899999999572e-04
0.000000000000000000e+00
0.000000000000000000e+00
0.000000000000000000e+00
0.000000000000000000e+00
0.000000000000000000e+00
0.000000000000000000e+00
0.000000000000000000e+00
0.000000000000000000e+00
0.000000000000000000e+00
0.000000000000000000e+00
0.000000000000000000e+00
0.000000000000000000e+00
0.000000000000000000e+00
6.136074011292565880e-07
3.230546894223987331e-03
3.323452655065314842e-01
1.549945199079268698e-01
2.209192729750250050e-01
4.247912565960129672e-02
5.113476785096405380e-02
2.658543989962585535e-02
3.690353219349932351e-02
9.821783499193940253e-03
1.618169504462494107e-04
0.000000000000000000e+00
0.000000000000000000e+00
0.000000000000000000e+00
0.000000000000000000e+00
0.000000000000000000e+00
0.000000000000000000e+00
0.000000000000000000e+00
0.000000000000000000e+00
0.000000000000000000e+00
0.000000000000000000e+00
0.000000000000000000e+00
0.000000000000000000e+00
0.000000000000000000e+00
0.000000000000000000e+00
2.839644529738999136e-07
9.573755086214615073e-03
2.967293123885313411e-01
3.576295816686346773e-01
5.899013543765344730e-02
7.114751547836555001e-02
3.696472346051090513e-02
5.104631041441545086e-02
1.351909787650525455e-02
2.219367983257235319e-04
0.000000000000000000e+00
0.000000000000000000e+00
0.000000000000000000e+00
0.000000000000000000e+00
0.000000000000000000e+00
0.000000000000000000e+00
0.000000000000000000e+00
0.000000000000000000e+00
0.000000000000000000e+00
0.000000000000000000e+00
0.000000000000000000e+00
0.000000000000000000e+00
0.000000000000000000e+00
0.000000000000000000e+00
1.840901986546969373e-09
2.201424701811454019e-05
4.802233404333910473e-03
4.982749347897414971e-01
1.251596546180714642e-01
1.267777833142053612e-01
6.271406790599853842e-02
8.568935983848206817e-02
2.224917738037988577e-02
3.590188545427368217e-04
0.000000000000000000e+00
0.000000000000000000e+00
0.000000000000000000e+00
0.000000000000000000e+00
0.000000000000000000e+00
0.000000000000000000e+00
0.000000000000000000e+00
0.000000000000000000e+00
0.000000000000000000e+00
0.000000000000000000e+00
0.000000000000000000e+00
0.000000000000000000e+00
0.000000000000000000e+00
0.000000000000000000e+00
0.000000000000000000e+00
3.615096245148085367e-10
4.047116228825543689e-07
5.112598599660166804e-02
3.580781704094984086e-01
2.819732479229534738e-01
1.165854236250245257e-01
1.473648419924812325e-01
3.552715609852050843e-02
5.557488003477438140e-04
0.000000000000000000e+00
0.000000000000000000e+00
0.000000000000000000e+00
0.000000000000000000e+00
0.000000000000000000e+00
0.000000000000000000e+00
0.000000000000000000e+00
0.000000000000000000e+00
0.000000000000000000e+00
0.000000000000000000e+00
0.000000000000000000e+00
0.000000000000000000e+00
0.000000000000000000e+00
0.000000000000000000e+00
0.000000000000000000e+00
2.073495151443742409e-11
2.340833848060904243e-09
5.104740883387814260e-03
4.425856187579104567e-02
4.906113979472120357e-01
2.208871615378061870e-01
2.448468470876667691e-01
5.721253552375050316e-02
8.647628592952487109e-04
0.000000000000000000e+00
0.000000000000000000e+00
0.000000000000000000e+00
0.000000000000000000e+00
0.000000000000000000e+00
0.000000000000000000e+00
0.000000000000000000e+00
0.000000000000000000e+00
0.000000000000000000e+00
0.000000000000000000e+00
0.000000000000000000e+00
0.000000000000000000e+00
0.000000000000000000e+00
0.000000000000000000e+00
0.000000000000000000e+00
0.000000000000000000e+00
0.000000000000000000e+00
7.191298169305598668e-04
6.113495010067276914e-03
1.099057307240318276e-01
4.906193765470973078e-01
4.438904450007401525e-01
9.031237308501800787e-02
1.353255495882117959e-03
0.000000000000000000e+00
0.000000000000000000e+00
0.000000000000000000e+00
0.000000000000000000e+00
0.000000000000000000e+00
0.000000000000000000e+00
0.000000000000000000e+00
0.000000000000000000e+00
0.000000000000000000e+00
0.000000000000000000e+00
0.000000000000000000e+00
0.000000000000000000e+00
0.000000000000000000e+00
0.000000000000000000e+00
0.000000000000000000e+00
0.000000000000000000e+00
0.000000000000000000e+00
1.605245179992694784e-04
1.360207576493044704e-03
2.240648909897969762e-02
9.170410337782089472e-02
9.854389670727623507e-01
2.569371752340414705e-01
3.027854108284504589e-03
0.000000000000000000e+00
0.000000000000000000e+00
0.000000000000000000e+00
0.000000000000000000e+00
0.000000000000000000e+00
0.000000000000000000e+00
0.000000000000000000e+00
0.000000000000000000e+00
0.000000000000000000e+00
0.000000000000000000e+00
0.000000000000000000e+00
0.000000000000000000e+00
0.000000000000000000e+00
0.000000000000000000e+00
0.000000000000000000e+00
0.000000000000000000e+00
0.000000000000000000e+00
6.533000342642732725e-05
5.679298959557900310e-04
9.308103564105390734e-03
3.360764978737009606e-02
5.229673381856049241e-01
1.478241997949336195e+00
2.322183026146010243e-02
0.000000000000000000e+00
0.000000000000000000e+00
0.000000000000000000e+00
0.000000000000000000e+00
0.000000000000000000e+00
0.000000000000000000e+00
0.000000000000000000e+00
0.000000000000000000e+00
0.000000000000000000e+00
0.000000000000000000e+00
0.000000000000000000e+00
0.000000000000000000e+00
0.000000000000000000e+00
0.000000000000000000e+00
0.000000000000000000e+00
0.000000000000000000e+00
0.000000000000000000e+00
1.539895234520596032e-04
1.395429568112577711e-03
2.269783589354013725e-02
8.167048620442160511e-02
9.903626900769539887e-01
3.917969272489747468e+00
1.088674286552750559e+00
2.192365818016357715e-01
4.224736074003856284e-02
2.190267234188025824e-02
2.409690394852692999e-02
3.808007593442707707e-03
5.075884123645842821e-03
5.022146792145377623e-04
6.465186211599522562e-05
5.035082419756806133e-05
1.704021015782018766e-04
4.951158480850301937e-06
1.125534403810531152e-06
2.242853364659424755e-07
1.732418154981570709e-07
1.456514358656543857e-07
1.609107884698110620e-07
5.343864767202014079e-08
0.000000000000000000e+00
0.000000000000000000e+00
0.000000000000000000e+00
0.000000000000000000e+00
0.000000000000000000e+00
0.000000000000000000e+00
0.000000000000000000e+00
0.000000000000000000e+00
2.076232947248747851e-01
1.950823015122267468e-01
1.810216340488098319e-01
2.861219661638305864e-02
3.814101267733425310e-02
3.773894262800859926e-03
4.858297496947294324e-04
3.783649200598054809e-04
1.280495385983675995e-03
3.685449471641024939e-05
7.808541334840333852e-06
1.546716108463622781e-06
1.204628450950477637e-06
9.378466217208499944e-07
1.033550094209320857e-06
6.067969367349130588e-07
1.575338451065976047e-06
0.000000000000000000e+00
0.000000000000000000e+00
0.000000000000000000e+00
0.000000000000000000e+00
0.000000000000000000e+00
0.000000000000000000e+00
0.000000000000000000e+00
0.000000000000000000e+00
2.304374620926967765e-01
4.053720883822373722e-01
5.948229243577594222e-02
7.929335392365564894e-02
7.845841639400002662e-03
1.010033983114174945e-03
7.866130717644149659e-04
2.662123903962470596e-03
7.661942687297332256e-05
1.623356041150567905e-05
3.214467987688251024e-06
2.503168735672377511e-06
1.950923990491623663e-06
2.145540768162748183e-06
1.044034328861232279e-06
2.777255648700069890e-06
7.878398699545195162e-07
0.000000000000000000e+00
0.000000000000000000e+00
0.000000000000000000e+00
0.000000000000000000e+00
0.000000000000000000e+00
0.000000000000000000e+00
0.000000000000000000e+00
0.000000000000000000e+00
5.027800183258642752e-01
2.166656842447904907e-01
2.745355559948042257e-01
2.716483876622673849e-02
3.497055282720241531e-03
2.723509964336197527e-03
9.217155083912935074e-03
2.652815858949106277e-04
5.620586136434863712e-05
1.113075460378150815e-05
8.668163896898938890e-06
6.751128058492674563e-06
7.432882287937819031e-06
3.613916485210030513e-06
6.712786587184728640e-06
1.402884054867486584e-06
2.231548773581492291e-06
1.215135737418891841e-06
9.934682395781029306e-07
0.000000000000000000e+00
0.000000000000000000e+00
0.000000000000000000e+00
0.000000000000000000e+00
0.000000000000000000e+00
0.000000000000000000e+00
3.363382608955692854e-01
8.021318299781940997e-01
7.637652179828732790e-02
9.832302068462677597e-03
7.657397018682475520e-03
2.591494411506732945e-02
7.458610408100812324e-04
1.580324264176794131e-04
3.129452212211649283e-05
2.437181753702872346e-05
1.898114442060181356e-05
2.089876063876475160e-05
1.016051584875795839e-05
1.887419435841301298e-05
3.739061507546168260e-06
4.606879482451498839e-06
2.519180696162000365e-06
5.836351557479446976e-06
0.000000000000000000e+00
0.000000000000000000e+00
0.000000000000000000e+00
0.000000000000000000e+00
0.000000000000000000e+00
0.000000000000000000e+00
0.000000000000000000e+00
8.416197635846228708e-01
3.579651878545102028e-01
4.511461564367619248e-02
3.513525999327998806e-02
1.189081543453084366e-01
3.422330252457110675e-03
7.250972416298164837e-04
1.435906348825223403e-04
1.118222486194389749e-04
8.709688065214520947e-05
9.588699366452522414e-05
4.661809462412263097e-05
8.660054851352416987e-05
1.716137180383930718e-05
2.113138477920531208e-05
1.156717607734059736e-05
1.893802671839283559e-05
8.510368164885606830e-06
0.000000000000000000e+00
0.000000000000000000e+00
0.000000000000000000e+00
0.000000000000000000e+00
0.000000000000000000e+00
0.000000000000000000e+00
0.000000000000000000e+00
6.067660819236092573e-01
2.039611348822914505e-01
1.467660888620862802e-01
4.966946400355574665e-01
1.429551480684835944e-02
3.028821068910307699e-03
5.997963539733546304e-04
4.670960295418583410e-04
3.638094640513293040e-04
4.005389204110147987e-04
1.947335210421782554e-04
3.617455019580420399e-04
7.168445791806449686e-05
8.826711137023969100e-05
4.831817012263966315e-05
7.794576104973652275e-05
3.736024114548729450e-05
4.372899988465430970e-08
0.000000000000000000e+00
0.000000000000000000e+00
0.000000000000000000e+00
0.000000000000000000e+00
0.000000000000000000e+00
0.000000000000000000e+00
0.000000000000000000e+00
2.221620000000001094e-01
3.272059999999998858e-01
8.975304000000008386e-01
2.583190999999999959e-02
5.473070000000000018e-03
1.083829999999999603e-03
8.440439999999997406e-04
6.573969999999995607e-04
7.237670000000000518e-04
3.518729999999999428e-04
6.536533999999996191e-04
1.295339999999998884e-04
1.595000999999999537e-04
8.730610000000000085e-05
1.408496999999999332e-04
6.384359000000001938e-05
3.934599999999997023e-06
0.000000000000000000e+00
0.000000000000000000e+00
0.000000000000000000e+00
0.000000000000000000e+00
0.000000000000000000e+00
0.000000000000000000e+00
0.000000000000000000e+00
0.000000000000000000e+00
2.224209999999998966e-01
1.216209499999999721e+00
3.321929999999996552e-02
7.038250000000001970e-03
1.393779999999999412e-03
1.085419999999999484e-03
8.453969999999994683e-04
9.307489999999993789e-04
4.525049999999997477e-04
8.405959999999998780e-04
1.665726999999999985e-04
2.051120000000001870e-04
1.122754999999999858e-04
1.811285999999998433e-04
8.209872999999996875e-05
5.126529999999998671e-06
0.000000000000000000e+00
0.000000000000000000e+00
0.000000000000000000e+00
0.000000000000000000e+00
0.000000000000000000e+00
0.000000000000000000e+00
0.000000000000000000e+00
0.000000000000000000e+00
0.000000000000000000e+00
1.081733509224212630e+00
2.931193015487635889e-01
6.109193427070225280e-02
1.209799851714724733e-02
9.421462242324974562e-03
7.338108407546868953e-03
8.078889085921032998e-03
3.927765826903112552e-03
7.296331320271115702e-03
1.445898458010553677e-03
1.780359630067249047e-03
9.745637195015497160e-04
1.572192750939061618e-03
7.126145702531375484e-04
4.630256158734184047e-05
0.000000000000000000e+00
0.000000000000000000e+00
0.000000000000000000e+00
0.000000000000000000e+00
0.000000000000000000e+00
0.000000000000000000e+00
0.000000000000000000e+00
0.000000000000000000e+00
0.000000000000000000e+00
0.000000000000000000e+00
7.016540310839537442e-01
4.239672353703324292e-01
8.149917618320813573e-02
6.346858378556639868e-02
4.943378221851044835e-02
5.442410819512918940e-02
2.645977748673860111e-02
4.915241448637681226e-02
9.740438169573983895e-03
1.199356307764433069e-02
6.565229141599358657e-03
1.059122579066848653e-02
4.800584596835738051e-03
3.132776298742125098e-04
0.000000000000000000e+00
0.000000000000000000e+00
0.000000000000000000e+00
0.000000000000000000e+00
0.000000000000000000e+00
0.000000000000000000e+00
0.000000000000000000e+00
0.000000000000000000e+00
0.000000000000000000e+00
0.000000000000000000e+00
0.000000000000000000e+00
5.122799738439965944e-01
2.337124313089043726e-01
1.658417862792614661e-01
1.291677787442805925e-01
1.422072209309113433e-01
6.913794663051323064e-02
1.284326160832018338e-01
2.545118920324343503e-02
3.133853816203556464e-02
1.715458083341449974e-02
2.767426978801446058e-02
1.254367407413389812e-02
8.189598329631771288e-04
0.000000000000000000e+00
0.000000000000000000e+00
0.000000000000000000e+00
0.000000000000000000e+00
0.000000000000000000e+00
0.000000000000000000e+00
0.000000000000000000e+00
0.000000000000000000e+00
0.000000000000000000e+00
0.000000000000000000e+00
0.000000000000000000e+00
0.000000000000000000e+00
2.720840000000001591e-01
3.253220000000000001e-01
2.077670000000000072e-01
2.250620000000000398e-01
1.087593999999999922e-01
2.008467999999999642e-01
3.922561999999999577e-02
4.725055000000000227e-02
2.472295000000002477e-02
3.467110999999997029e-02
9.351864000000004867e-03
1.560073100000000613e-04
0.000000000000000000e+00
0.000000000000000000e+00
0.000000000000000000e+00
0.000000000000000000e+00
0.000000000000000000e+00
0.000000000000000000e+00
0.000000000000000000e+00
0.000000000000000000e+00
0.000000000000000000e+00
0.000000000000000000e+00
0.000000000000000000e+00
0.000000000000000000e+00
8.953630000000000399e-04
2.853589999999999738e-01
3.251380000000000381e-01
2.943305000000000504e-01
1.410949000000000231e-01
2.600462000000000051e-01
5.073099999999997750e-02
6.105402999999996055e-02
3.189205000000003287e-02
4.481450000000000711e-02
1.209956100000001214e-02
2.003689900000003030e-04
0.000000000000000000e+00
0.000000000000000000e+00
0.000000000000000000e+00
0.000000000000000000e+00
0.000000000000000000e+00
0.000000000000000000e+00
0.000000000000000000e+00
0.000000000000000000e+00
0.000000000000000000e+00
0.000000000000000000e+00
0.000000000000000000e+00
0.000000000000000000e+00
0.000000000000000000e+00
1.399850000000000009e-03
3.021099999999999897e-01
4.373569999999999958e-01
1.828950999999999771e-01
3.361891000000000740e-01
6.583459999999999313e-02
7.942230000000002899e-02
4.154713000000001544e-02
5.814368000000001702e-02
1.562998299999999313e-02
2.591243400000001131e-04
0.000000000000000000e+00
0.000000000000000000e+00
0.000000000000000000e+00
0.000000000000000000e+00
0.000000000000000000e+00
0.000000000000000000e+00
0.000000000000000000e+00
0.000000000000000000e+00
0.000000000000000000e+00
0.000000000000000000e+00
0.000000000000000000e+00
0.000000000000000000e+00
0.000000000000000000e+00
8.692518717964341259e-11
1.471435846486582105e-03
4.172000508765134064e-01
2.941311159652683083e-01
4.660779629450131911e-01
9.102753351333042753e-02
1.098915534576776765e-01
5.742867426819491666e-02
8.025097809913901703e-02
2.152646648490074213e-02
3.551811524109853486e-04
0.000000000000000000e+00
0.000000000000000000e+00
0.000000000000000000e+00
0.000000000000000000e+00
0.000000000000000000e+00
0.000000000000000000e+00
0.000000000000000000e+00
0.000000000000000000e+00
0.000000000000000000e+00
0.000000000000000000e+00
0.000000000000000000e+00
0.000000000000000000e+00
0.000000000000000000e+00
0.000000000000000000e+00
0.000000000000000000e+00
4.570783719179775766e-03
3.607818391150497406e-01
7.009285380225892537e-01
1.255708934831429591e-01
1.521118919206985443e-01
7.942546703868744173e-02
1.103276553424808182e-01
2.934290703665445171e-02
4.830057831895306453e-04
0.000000000000000000e+00
0.000000000000000000e+00
0.000000000000000000e+00
0.000000000000000000e+00
0.000000000000000000e+00
0.000000000000000000e+00
0.000000000000000000e+00
0.000000000000000000e+00
0.000000000000000000e+00
0.000000000000000000e+00
0.000000000000000000e+00
0.000000000000000000e+00
0.000000000000000000e+00
0.000000000000000000e+00
0.000000000000000000e+00
3.839117091247282420e-08
2.365672800248051939e-03
7.398475830847086598e-01
2.491327544116395398e-01
2.653654654807099944e-01
1.343447875308290962e-01
1.843413869560918406e-01
4.766594664541171783e-02
7.638367406150828754e-04
0.000000000000000000e+00
0.000000000000000000e+00
0.000000000000000000e+00
0.000000000000000000e+00
0.000000000000000000e+00
0.000000000000000000e+00
0.000000000000000000e+00
0.000000000000000000e+00
0.000000000000000000e+00
0.000000000000000000e+00
0.000000000000000000e+00
0.000000000000000000e+00
0.000000000000000000e+00
0.000000000000000000e+00
0.000000000000000000e+00
0.000000000000000000e+00
6.270361468406739949e-11
3.178591969826873725e-02
5.242230922445447749e-01
5.534355340925908306e-01
2.463963370991849311e-01
3.202538705653612539e-01
7.403451901963299664e-02
1.112647483770532776e-03
0.000000000000000000e+00
0.000000000000000000e+00
0.000000000000000000e+00
0.000000000000000000e+00
0.000000000000000000e+00
0.000000000000000000e+00
0.000000000000000000e+00
0.000000000000000000e+00
0.000000000000000000e+00
0.000000000000000000e+00
0.000000000000000000e+00
0.000000000000000000e+00
0.000000000000000000e+00
0.000000000000000000e+00
0.000000000000000000e+00
0.000000000000000000e+00
0.000000000000000000e+00
3.637118660823859990e-04
2.748921407464772690e-02
7.682198853701304175e-01
4.428645738631703521e-01
5.198123793867222009e-01
1.238577900125678727e-01
1.801604580552739181e-03
0.000000000000000000e+00
0.000000000000000000e+00
0.000000000000000000e+00
0.000000000000000000e+00
0.000000000000000000e+00
0.000000000000000000e+00
0.000000000000000000e+00
0.000000000000000000e+00
0.000000000000000000e+00
0.000000000000000000e+00
0.000000000000000000e+00
0.000000000000000000e+00
0.000000000000000000e+00
0.000000000000000000e+00
0.000000000000000000e+00
0.000000000000000000e+00
0.000000000000000000e+00
6.580619288021433135e-06
3.539103188614420564e-04
6.968325920377317628e-02
8.233201403067900159e-01
9.531273502069803616e-01
1.917318158106463832e-01
2.802120940250297718e-03
0.000000000000000000e+00
0.000000000000000000e+00
0.000000000000000000e+00
0.000000000000000000e+00
0.000000000000000000e+00
0.000000000000000000e+00
0.000000000000000000e+00
0.000000000000000000e+00
0.000000000000000000e+00
0.000000000000000000e+00
0.000000000000000000e+00
0.000000000000000000e+00
0.000000000000000000e+00
0.000000000000000000e+00
0.000000000000000000e+00
0.000000000000000000e+00
0.000000000000000000e+00
2.662596655121500598e-07
1.309140797316372781e-05
1.887156233142424280e-03
3.264106888378105059e-02
1.834780105791272931e+00
6.674080183554619294e-01
6.716060353663529277e-03
0.000000000000000000e+00
0.000000000000000000e+00
0.000000000000000000e+00
0.000000000000000000e+00
0.000000000000000000e+00
0.000000000000000000e+00
0.000000000000000000e+00
0.000000000000000000e+00
0.000000000000000000e+00
0.000000000000000000e+00
0.000000000000000000e+00
0.000000000000000000e+00
0.000000000000000000e+00
0.000000000000000000e+00
0.000000000000000000e+00
0.000000000000000000e+00
0.000000000000000000e+00
4.742448817576435099e-08
1.872949188116822379e-06
2.614199570256928911e-04
3.508689933271454207e-03
4.131420097780272860e-01
3.228765396137770249e+00
5.625253633884422927e-02
0.000000000000000000e+00
0.000000000000000000e+00
0.000000000000000000e+00
0.000000000000000000e+00
0.000000000000000000e+00
0.000000000000000000e+00
0.000000000000000000e+00
0.000000000000000000e+00
0.000000000000000000e+00
0.000000000000000000e+00
0.000000000000000000e+00
0.000000000000000000e+00
0.000000000000000000e+00
0.000000000000000000e+00
0.000000000000000000e+00
0.000000000000000000e+00
0.000000000000000000e+00
6.401397407801777451e-08
2.366467931891829925e-06
3.128224431679699127e-04
4.129048123315415784e-03
3.299426259954112983e-01
4.634565473134214741e+00
2.176714498913722373e+00
