2.876529123815841915e-01
6.732735570434043859e-03
3.257836909672379155e-03
2.269136691912939874e+00
9.405343695716621231e-05
9.138340000000000352e-01
6.989651561894970611e-01
1.760321960693224429e-03
4.016863622304968698e-03
8.779176349696289350e-01
0.000000000000000000e+00
8.613700999999999997e-02
9.026172831859801127e-01
6.543865775845598108e-03
1.461830300488753571e-02
6.148915681676631051e-01
0.000000000000000000e+00
1.881799999999999838e-05
9.288805671596581659e-01
2.112963850274227062e-02
3.637461898132205579e-02
4.895499514366054572e-01
0.000000000000000000e+00
5.399233999999999575e-06
9.378429377300353531e-01
3.594311129052701198e-02
3.908407693674311595e-02
6.035412529337926824e-01
0.000000000000000000e+00
1.334389799999999585e-08
1.578496601289307133e+00
2.028245903296335417e-01
1.212707611920575551e-01
3.062333317876147487e-01
0.000000000000000000e+00
7.674246859999996915e-11
3.175083082028649639e-01
0.000000000000000000e+00
3.441617309694342333e-04
2.853694611791670610e+00
0.000000000000000000e+00
1.214979999999999671e-01
1.108064696013300265e+00
0.000000000000000000e+00
2.342001948072591376e-05
7.710605163776095283e-01
0.000000000000000000e+00
2.056119999999999060e-01
1.484000399222766164e+00
0.000000000000000000e+00
1.143303152546393134e-04
5.806248454194666841e-01
0.000000000000000000e+00
3.738400000000000056e-02
1.492193110845391635e+00
0.000000000000000000e+00
4.673462328641904895e-04
5.776916361483888096e-01
0.000000000000000000e+00
1.495359999999999467e-01
1.570134353191267040e+00
0.000000000000000000e+00
2.997321904606473335e-03
5.695929168400903908e-01
0.000000000000000000e+00
2.056119999999999060e-01
3.250495345149980952e+00
0.000000000000000000e+00
1.880340404588901407e-02
4.448373475450642656e-01
0.000000000000000000e+00
2.803799999999999626e-01
