2.226451090378235576e-01
6.166013084780179454e-02
1.270182164507468482e-04
7.248778498077233150e-05
1.323546266573641864e-06
9.763222123268413361e-16
0.000000000000000000e+00
6.150985889968971776e-01
5.119614815001536506e-02
2.813309203832345742e-02
5.082092739423128705e-04
1.660198303064030364e-05
0.000000000000000000e+00
0.000000000000000000e+00
4.736345821952577251e-01
4.070341690872436025e-01
7.074955357414452160e-03
2.340542434738975431e-04
0.000000000000000000e+00
0.000000000000000000e+00
0.000000000000000000e+00
7.430391768475955727e-01
1.447474440423334452e-01
4.677226006513531507e-03
0.000000000000000000e+00
0.000000000000000000e+00
0.000000000000000000e+00
0.000000000000000000e+00
7.281093997715974986e-01
1.706310161988719432e-01
0.000000000000000000e+00
0.000000000000000000e+00
0.000000000000000000e+00
0.000000000000000000e+00
1.028149069020526350e-02
1.446831355811688091e+00
2.192365818016357715e-01
9.755003050724785074e-02
2.372287351761794547e-04
1.355613619336012521e-04
2.461831191025710039e-06
0.000000000000000000e+00
0.000000000000000000e+00
9.234615111214563576e-01
1.175050052142270485e-01
6.591609957869191960e-02
1.190700104773699313e-03
3.894983779005578415e-05
0.000000000000000000e+00
0.000000000000000000e+00
6.108949043056105532e-01
8.572822074740178433e-01
1.520207313337066518e-02
5.029172395009921413e-04
0.000000000000000000e+00
0.000000000000000000e+00
0.000000000000000000e+00
1.152000734101450208e+00
3.289127850685783505e-01
1.075703259830272478e-02
0.000000000000000000e+00
0.000000000000000000e+00
0.000000000000000000e+00
0.000000000000000000e+00
1.204299633591301211e+00
3.628140215308258143e-01
0.000000000000000000e+00
0.000000000000000000e+00
0.000000000000000000e+00
0.000000000000000000e+00
4.293917221785872179e-04
3.231241244450375749e+00
