1.413616236154562888e-01
2.392781529666842405e-02
1.036021028184866584e-02
4.510841682254790541e+00
4.203315271447503366e-03
2.531399999999999970e-02
1.630000000000000893e-01
1.381000000000000630e-02
6.038000000000000832e-03
3.994000000000000661e+00
1.043000000000000178e-05
4.078999999999999987e-02
1.976999999999999591e-01
1.310999999999999839e-02
5.928999999999999375e-03
3.137999999999998124e+00
0.000000000000000000e+00
7.006999999999999340e-02
1.969838073435593306e-01
1.224031039756874606e-02
4.674571737993253942e-03
3.027317558539330378e+00
0.000000000000000000e+00
2.164400000000000213e-01
2.207000000000000628e-01
1.143000000000000786e-02
4.804000000000001845e-03
2.548000000000002707e+00
0.000000000000000000e+00
1.223000000000000059e-01
2.451000000000000123e-01
7.542000000000000960e-03
3.563000000000001496e-03
2.298999999999999932e+00
0.000000000000000000e+00
1.136000000000000065e-01
3.075000000000001621e-01
1.892999999999999934e-03
1.572000000000000697e-03
1.739000000000000323e+00
0.000000000000000000e+00
9.750000000000000333e-02
3.610999999999998100e-01
1.208999999999999788e-03
1.507999999999999358e-03
1.393999999999999684e+00
0.000000000000000000e+00
8.040999999999999537e-02
3.510665915468921261e-01
9.386946636438625287e-04
1.349244456914370149e-03
1.743604659827828307e+00
0.000000000000000000e+00
1.116999999999999937e-01
5.879999999999997451e-01
9.268999999999997077e-04
1.295000000000000144e-03
9.029999999999995808e-01
0.000000000000000000e+00
3.570999999999999869e-02
4.611000000000001764e-01
9.776000000000003437e-04
1.351000000000000855e-03
1.091000000000000414e+00
0.000000000000000000e+00
2.576000000000000165e-02
4.829000000000001069e-01
9.913999999999999202e-04
1.423999999999999702e-03
1.116000000000000103e+00
0.000000000000000000e+00
1.830000000000000029e-02
5.193000000000000949e-01
1.064000000000000492e-03
1.528000000000000929e-03
1.072000000000000508e+00
0.000000000000000000e+00
1.286999999999999950e-02
5.765809918175923698e-01
1.111653035161186019e-03
1.716137005196013282e-03
9.972424336578648019e-01
0.000000000000000000e+00
1.522100000000000015e-02
6.339000000000000190e-01
1.188000000000000254e-03
2.028000000000000289e-03
9.313000000000003498e-01
0.000000000000000000e+00
4.338999999999999975e-03
6.734999999999999876e-01
1.227999999999999925e-03
2.323999999999999677e-03
8.860000000000001208e-01
0.000000000000000000e+00
3.004999999999999859e-03
7.086999999999995525e-01
1.353999999999999518e-03
2.795999999999999441e-03
8.517999999999994465e-01
0.000000000000000000e+00
2.075000000000000022e-03
7.572999999999999732e-01
1.377999999999999234e-03
3.384000000000000289e-03
7.913999999999997703e-01
0.000000000000000000e+00
1.430999999999999980e-03
7.917994920966158201e-01
1.555311219939661295e-03
4.172531270707322167e-03
7.809957820070790868e-01
0.000000000000000000e+00
2.132099999999999621e-03
8.616999999999995774e-01
1.815999999999999906e-03
5.007000000000001033e-03
7.035999999999996701e-01
0.000000000000000000e+00
3.210999999999999987e-04
8.609999999999995435e-01
1.978000000000000591e-03
5.690999999999999011e-03
7.173999999999999266e-01
0.000000000000000000e+00
2.204999999999999929e-04
8.474999999999995870e-01
2.176999999999999248e-03
6.012999999999997514e-03
7.491000000000000991e-01
0.000000000000000000e+00
1.519000000000000059e-04
8.836912919053622195e-01
2.451532284059316624e-03
6.990554235393507156e-03
7.048696701869979764e-01
0.000000000000000000e+00
1.765399999999999869e-04
8.831999999999997630e-01
3.040000000000000167e-03
7.583000000000000330e-03
7.141999999999997240e-01
0.000000000000000000e+00
4.945000000000000258e-05
9.181000000000005823e-01
3.461000000000000968e-03
8.647999999999997703e-03
6.693000000000000060e-01
0.000000000000000000e+00
3.398999999999999813e-05
9.274000000000000021e-01
3.754000000000001259e-03
9.809999999999999276e-03
6.602999999999998870e-01
0.000000000000000000e+00
2.335999999999999996e-05
9.087000000000005073e-01
3.998999999999999951e-03
1.020000000000000247e-02
6.871000000000002661e-01
0.000000000000000000e+00
1.605000000000000049e-05
8.993644929413728839e-01
4.967229970993718678e-03
1.071020495068607074e-02
7.022276018178780221e-01
0.000000000000000000e+00
1.858900000000000108e-05
9.025330594148613939e-01
6.223605994673343800e-03
1.508907685483732580e-02
6.183701300638644316e-01
0.000000000000000000e+00
8.784999999999999745e-06
9.113000000000002210e-01
8.555999999999997635e-03
1.778000000000000760e-02
5.093999999999999639e-01
0.000000000000000000e+00
2.464000000000000041e-06
8.938000000000000389e-01
1.032000000000000105e-02
1.751000000000000473e-02
5.437999999999998391e-01
0.000000000000000000e+00
1.692999999999999927e-06
8.934999999999998499e-01
8.919000000000001580e-03
1.554000000000000520e-02
6.633999999999999897e-01
0.000000000000000000e+00
1.163999999999999994e-06
9.385343700995352201e-01
1.410113249904031141e-02
2.528818226866045085e-02
3.216695785274352182e-01
0.000000000000000000e+00
1.726400000000000107e-06
8.909000000000002473e-01
1.540000000000000917e-02
2.148999999999999869e-02
6.782000000000001361e-01
0.000000000000000000e+00
2.591999999999999917e-07
9.376288287568437241e-01
1.614844636548045179e-02
3.833883689042432569e-02
3.826371821477329016e-01
0.000000000000000000e+00
3.005000000000000240e-07
9.493000000000000327e-01
1.674999999999999406e-02
4.315999999999999698e-02
2.776000000000001244e-01
0.000000000000000000e+00
8.432000000000000330e-08
8.931999999999997719e-01
3.957999999999998325e-02
2.495999999999999608e-02
7.248999999999996557e-01
0.000000000000000000e+00
5.794999999999999944e-08
9.873095405093631483e-01
3.087665589231040550e-02
6.148345989828934294e-02
3.660685020657275524e-01
0.000000000000000000e+00
6.719000000000000807e-08
8.949000000000004729e-01
3.212000000000001659e-02
2.535999999999999713e-02
7.172000000000001707e-01
0.000000000000000000e+00
1.879999999999999960e-08
1.057000000000000828e+00
3.707000000000001266e-02
1.379000000000000503e-01
2.680000000000002380e-01
0.000000000000000000e+00
1.291999999999999922e-08
8.657000000000003581e-01
2.364000000000000476e-02
1.909000000000000280e-02
7.707999999999999297e-01
0.000000000000000000e+00
8.871999999999999969e-09
8.918000000000000371e-01
2.976000000000000867e-02
3.371999999999999997e-02
7.291999999999997373e-01
0.000000000000000000e+00
6.082000000000000297e-09
9.117000000000000659e-01
6.539999999999999980e-02
4.383999999999998315e-02
7.012999999999998124e-01
0.000000000000000000e+00
4.197000000000000293e-09
1.101000000000000423e+00
8.257000000000000450e-03
1.744000000000000550e-01
1.841000000000000691e-01
0.000000000000000000e+00
2.884999999999999860e-09
9.246999999999997444e-01
1.621999999999998443e-02
7.243999999999997663e-02
5.595999999999996533e-01
0.000000000000000000e+00
1.982999999999999873e-09
8.669000000000000039e-01
4.098999999999999345e-03
1.695000000000000326e-02
7.350999999999999757e-01
0.000000000000000000e+00
1.362999999999999946e-09
8.766999999999998128e-01
2.370999999999999497e-02
2.089999999999999497e-02
7.131999999999996120e-01
0.000000000000000000e+00
9.363999999999999924e-10
8.784160588718794571e-01
1.096591973538945872e-02
1.275493445335930745e-02
7.015180282459855254e-01
0.000000000000000000e+00
1.085500000000000026e-09
8.854999999999996207e-01
1.073999999999999781e-02
1.129999999999999581e-02
6.816999999999993065e-01
0.000000000000000000e+00
1.658999999999999906e-10
8.943058527867308038e-01
1.380783360528281892e-02
1.359215553852748289e-02
6.640397933109468687e-01
0.000000000000000000e+00
2.515999999999999894e-10
9.261000000000004784e-01
4.876000000000001861e-02
3.355999999999999955e-02
6.229000000000000092e-01
0.000000000000000000e+00
9.426000000000000589e-11
9.341055336030908984e-01
5.379283937839055701e-02
3.311124300418195193e-02
6.077092914859210104e-01
0.000000000000000000e+00
1.435100000000000038e-10
9.356999999999995321e-01
4.106999999999998152e-02
2.661999999999999089e-02
5.982999999999998320e-01
0.000000000000000000e+00
5.397999999999999738e-11
9.444000000000003503e-01
4.271000000000001184e-02
2.776000000000000342e-02
5.846000000000000085e-01
0.000000000000000000e+00
4.475000000000000056e-11
9.567999999999997618e-01
4.667999999999996458e-02
3.007999999999998522e-02
5.688999999999996282e-01
0.000000000000000000e+00
3.709999999999999984e-11
9.846711452431718969e-01
5.690141135115119736e-02
3.576050135027497578e-02
5.413421309478605448e-01
0.000000000000000000e+00
5.624999999999999963e-11
1.023000000000000353e+00
7.305000000000001770e-02
4.458999999999999075e-02
5.099000000000002419e-01
0.000000000000000000e+00
2.114000000000000080e-11
1.047999999999999821e+00
8.519999999999998408e-02
5.124999999999997613e-02
4.924999999999999378e-01
0.000000000000000000e+00
9.044000000000000641e-12
1.066000000000000503e+00
9.561000000000004218e-02
5.703000000000001818e-02
4.804000000000001602e-01
0.000000000000000000e+00
8.496999999999999842e-12
1.097883425218330711e+00
1.145855326341172209e-01
6.782657241110050250e-02
4.604108156971368770e-01
0.000000000000000000e+00
1.541399999999999713e-11
1.140435582807583392e+00
1.345879345557345896e-01
8.011534423677098282e-02
4.355959100289097385e-01
0.000000000000000000e+00
1.342300000000000046e-11
1.178039717577357814e+00
1.321266655378704191e-01
8.049481811144462706e-02
4.141787328848081096e-01
0.000000000000000000e+00
1.670100000000000002e-11
1.205999999999999739e+00
1.259000000000000397e-01
7.757000000000005557e-02
3.993000000000000993e-01
0.000000000000000000e+00
4.722000000000000276e-12
1.226999999999999202e+00
1.262999999999998846e-01
7.780999999999997641e-02
3.889999999999999014e-01
0.000000000000000000e+00
4.328000000000000138e-12
1.250999999999999446e+00
1.292000000000000093e-01
7.939000000000001611e-02
3.781999999999999251e-01
0.000000000000000000e+00
3.944000000000000158e-12
1.279000000000000137e+00
1.343000000000000027e-01
8.216000000000001080e-02
3.664000000000001145e-01
0.000000000000000000e+00
3.590999999999999946e-12
1.312000000000000721e+00
1.412999999999999534e-01
8.595999999999999475e-02
3.535000000000000364e-01
0.000000000000000000e+00
3.247000000000000200e-12
1.348999999999999533e+00
1.498999999999999222e-01
9.071999999999992570e-02
3.398999999999998689e-01
0.000000000000000000e+00
2.913999999999999902e-12
1.390999999999999792e+00
1.602000000000000368e-01
9.641000000000002346e-02
3.259000000000001895e-01
0.000000000000000000e+00
2.604999999999999906e-12
1.438000000000000167e+00
1.722000000000000197e-01
1.031000000000000527e-01
3.113000000000001877e-01
0.000000000000000000e+00
2.324000000000000195e-12
1.523633171563842481e+00
1.937329758158085613e-01
1.150683903588163165e-01
2.881163900338875039e-01
0.000000000000000000e+00
3.845999999999999566e-12
1.628999999999999559e+00
2.192999999999999394e-01
1.294999999999999485e-01
2.634999999999999010e-01
0.000000000000000000e+00
1.556000000000000034e-12
1.719000000000000750e+00
2.393999999999999739e-01
1.410000000000000142e-01
2.459000000000000075e-01
0.000000000000000000e+00
1.333000000000000076e-12
1.827999999999999403e+00
2.622999999999999221e-01
1.541999999999999760e-01
2.273999999999998245e-01
0.000000000000000000e+00
1.128000000000000040e-12
1.960999999999999410e+00
2.882999999999999452e-01
1.694999999999999563e-01
2.081999999999998852e-01
0.000000000000000000e+00
9.379000000000000728e-13
2.210019447219091493e+00
3.337059939719516088e-01
1.966235122020457138e-01
1.799424529552437202e-01
0.000000000000000000e+00
1.374000000000000002e-12
2.558000000000000718e+00
3.938999999999998614e-01
2.337000000000000466e-01
1.499000000000000887e-01
0.000000000000000000e+00
4.719000000000000390e-13
2.999368873718579298e+00
4.673866358286623002e-01
2.803815705103296363e-01
1.244451071092168432e-01
0.000000000000000000e+00
6.005000000000000161e-13
3.994845270480567923e+00
6.153569427894211019e-01
3.783456616790670801e-01
8.979511966147914193e-02
0.000000000000000000e+00
2.175400000000000000e-13
5.927999999999997272e+00
8.160000000000000586e-01
5.241000000000001213e-01
5.795999999999998376e-02
0.000000000000000000e+00
2.554000000000000086e-14
9.773053949375533733e+00
1.005409463236609069e+00
7.018068159040581344e-01
3.582684906874541997e-02
0.000000000000000000e+00
6.088599999999999579e-15
1.189923659765760589e-01
0.000000000000000000e+00
3.552922861219349766e-03
6.311437706180011098e+00
0.000000000000000000e+00
1.869200000000000028e-02
1.460000000000000742e-01
0.000000000000000000e+00
1.658000000000001486e-03
5.415000000000000924e+00
0.000000000000000000e+00
9.346000000000000141e-03
1.872000000000000330e-01
0.000000000000000000e+00
1.515000000000000071e-03
4.004999999999999005e+00
0.000000000000000000e+00
9.346000000000000141e-03
2.062101788209741160e-01
0.000000000000000000e+00
1.540921064179122507e-05
3.699243256560142523e+00
0.000000000000000000e+00
1.869200000000000028e-02
2.533000000000000251e-01
0.000000000000000000e+00
5.783999999999999171e-06
2.851999999999998092e+00
0.000000000000000000e+00
9.346000000000000141e-03
2.953000000000000624e-01
0.000000000000000000e+00
5.715000000000002881e-06
2.444000000000000394e+00
0.000000000000000000e+00
9.346000000000000141e-03
3.770000000000002238e-01
0.000000000000000000e+00
5.635000000000002800e-06
1.768000000000001792e+00
0.000000000000000000e+00
9.346000000000000141e-03
4.462000000000000965e-01
0.000000000000000000e+00
5.839000000000002032e-06
1.419999999999999263e+00
0.000000000000000000e+00
9.346000000000000141e-03
4.589566252428582405e-01
0.000000000000000000e+00
6.737872191090181827e-06
1.708394810381020701e+00
0.000000000000000000e+00
1.869200000000000028e-02
7.332999999999998408e-01
0.000000000000000000e+00
1.594999999999999806e-05
9.224999999999995426e-01
0.000000000000000000e+00
9.346000000000000141e-03
6.324999999999999512e-01
0.000000000000000000e+00
6.563999999999999326e-06
1.034000000000000030e+00
0.000000000000000000e+00
9.346000000000000141e-03
6.835999999999999854e-01
0.000000000000000000e+00
5.531000000000000915e-06
1.048000000000000265e+00
0.000000000000000000e+00
9.346000000000000141e-03
7.518999999999996797e-01
0.000000000000000000e+00
5.745000000000000052e-06
9.951999999999997515e-01
0.000000000000000000e+00
9.346000000000000141e-03
8.638861458689485184e-01
0.000000000000000000e+00
6.782237611662333394e-06
9.025736397858215021e-01
0.000000000000000000e+00
1.869200000000000028e-02
9.781999999999997364e-01
0.000000000000000000e+00
8.327000000000001759e-06
8.198999999999998511e-01
0.000000000000000000e+00
9.346000000000000141e-03
1.050000000000000266e+00
0.000000000000000000e+00
9.748000000000002214e-06
7.733000000000005425e-01
0.000000000000000000e+00
9.346000000000000141e-03
1.117999999999999661e+00
0.000000000000000000e+00
1.148999999999999672e-05
7.350000000000000977e-01
0.000000000000000000e+00
9.346000000000000141e-03
1.180999999999999828e+00
0.000000000000000000e+00
1.359999999999999854e-05
7.030999999999999472e-01
0.000000000000000000e+00
9.346000000000000141e-03
1.279669311565861500e+00
0.000000000000000000e+00
1.901374172480113891e-05
6.581568320094085545e-01
0.000000000000000000e+00
2.803800000000000042e-02
1.355000000000000204e+00
0.000000000000000000e+00
2.486000000000002626e-05
6.271000000000002128e-01
0.000000000000000000e+00
9.346000000000000141e-03
1.382999999999999785e+00
0.000000000000000000e+00
2.887000000000000311e-05
6.162999999999999590e-01
0.000000000000000000e+00
9.346000000000000141e-03
1.406000000000000361e+00
0.000000000000000000e+00
3.296000000000000969e-05
6.081000000000001959e-01
0.000000000000000000e+00
9.346000000000000141e-03
1.430470875610672099e+00
0.000000000000000000e+00
4.029947638732305767e-05
5.990104847801577259e-01
0.000000000000000000e+00
1.869200000000000028e-02
1.450000000000000178e+00
0.000000000000000000e+00
4.911999999999999049e-05
5.920999999999998487e-01
0.000000000000000000e+00
9.346000000000000141e-03
1.460000000000001075e+00
0.000000000000000000e+00
5.601000000000003464e-05
5.889000000000002011e-01
0.000000000000000000e+00
9.346000000000000141e-03
1.466999999999999860e+00
0.000000000000000000e+00
6.371999999999999301e-05
5.863999999999998103e-01
0.000000000000000000e+00
9.346000000000000141e-03
1.472999999999999643e+00
0.000000000000000000e+00
7.249999999999990556e-05
5.844999999999996865e-01
0.000000000000000000e+00
9.346000000000000141e-03
1.479000956162982439e+00
0.000000000000000000e+00
8.801767486594351834e-05
5.823997131511051695e-01
0.000000000000000000e+00
1.869200000000000028e-02
1.483999692275226323e+00
0.000000000000000000e+00
1.134477997678736447e-04
5.805501077036704372e-01
0.000000000000000000e+00
1.869200000000000028e-02
1.487000000000000988e+00
0.000000000000000000e+00
1.367999999999999913e-04
5.795999999999996710e-01
0.000000000000000000e+00
9.346000000000000141e-03
1.487999999999999767e+00
0.000000000000000000e+00
1.551999999999999506e-04
5.791999999999998261e-01
0.000000000000000000e+00
9.346000000000000141e-03
1.488999999999999657e+00
0.000000000000000000e+00
1.760000000000000225e-04
5.788999999999998591e-01
0.000000000000000000e+00
9.346000000000000141e-03
1.490666742566415515e+00
0.000000000000000000e+00
2.273556887235423567e-04
5.783666869578890646e-01
0.000000000000000000e+00
2.803800000000000042e-02
1.492000000000000215e+00
0.000000000000000000e+00
2.906000000000001247e-04
5.780000000000000693e-01
0.000000000000000000e+00
9.346000000000000141e-03
1.491999999999999993e+00
0.000000000000000000e+00
3.514107110198082143e-04
5.778498617061054166e-01
0.000000000000000000e+00
1.869200000000000028e-02
1.492000000000001325e+00
0.000000000000000000e+00
4.230000000000001988e-04
5.776000000000003354e-01
0.000000000000000000e+00
9.346000000000000141e-03
1.492999999999999883e+00
0.000000000000000000e+00
4.793999999999997807e-04
5.774999999999997913e-01
0.000000000000000000e+00
9.346000000000000141e-03
1.492999999999999883e+00
0.000000000000000000e+00
5.794206641914329513e-04
5.773501095798458937e-01
0.000000000000000000e+00
1.869200000000000028e-02
1.493999999999999106e+00
0.000000000000000000e+00
6.975999999999999346e-04
5.770999999999998353e-01
0.000000000000000000e+00
9.346000000000000141e-03
1.494000000000000217e+00
0.000000000000000000e+00
7.906000000000000267e-04
5.767000000000001014e-01
0.000000000000000000e+00
9.346000000000000141e-03
1.494999999999999440e+00
0.000000000000000000e+00
8.959999999999996613e-04
5.763999999999999124e-01
0.000000000000000000e+00
9.346000000000000141e-03
1.495999999999999774e+00
0.000000000000000000e+00
1.015000000000000277e-03
5.762000000000002675e-01
0.000000000000000000e+00
9.346000000000000141e-03
1.495999999999999774e+00
0.000000000000000000e+00
1.149999999999999981e-03
5.758999999999999675e-01
0.000000000000000000e+00
9.346000000000000141e-03
1.497000000000000330e+00
0.000000000000000000e+00
1.304000000000000471e-03
5.756000000000000005e-01
0.000000000000000000e+00
9.346000000000000141e-03
1.496999999999999664e+00
0.000000000000000000e+00
1.476999999999999797e-03
5.754000000000001336e-01
0.000000000000000000e+00
9.346000000000000141e-03
1.498000000000000442e+00
0.000000000000000000e+00
1.673999999999998623e-03
5.749999999999997335e-01
0.000000000000000000e+00
9.346000000000000141e-03
1.497000000000000552e+00
0.000000000000000000e+00
1.897000000000000899e-03
5.741000000000001657e-01
0.000000000000000000e+00
9.346000000000000141e-03
1.516539942392882478e+00
0.000000000000000000e+00
2.293878732643420820e-03
5.727975420065918311e-01
0.000000000000000000e+00
1.869200000000000028e-02
1.534000000000000474e+00
0.000000000000000000e+00
2.674000000000001029e-03
5.718000000000000860e-01
0.000000000000000000e+00
9.346000000000000141e-03
1.546521125876743286e+00
0.000000000000000000e+00
2.937929559493752691e-03
5.706478874123254164e-01
0.000000000000000000e+00
1.869200000000000028e-02
1.560999999999999943e+00
0.000000000000000000e+00
3.224999999999998701e-03
5.694000000000000172e-01
0.000000000000000000e+00
9.346000000000000141e-03
1.578042844524604638e+00
0.000000000000000000e+00
3.543289053328138160e-03
5.682971436983598190e-01
0.000000000000000000e+00
1.869200000000000028e-02
1.597000000000000419e+00
0.000000000000000000e+00
3.888999999999999662e-03
5.667000000000000925e-01
0.000000000000000000e+00
9.346000000000000141e-03
1.610000000000000098e+00
0.000000000000000000e+00
4.140999999999998848e-03
5.654999999999998916e-01
0.000000000000000000e+00
9.346000000000000141e-03
1.628999999999999115e+00
0.000000000000000000e+00
4.406999999999999459e-03
5.641999999999999238e-01
0.000000000000000000e+00
9.346000000000000141e-03
1.671138596894806261e+00
0.000000000000000000e+00
4.844222913777699799e-03
5.619934777931854253e-01
0.000000000000000000e+00
1.869200000000000028e-02
1.733000000000001428e+00
0.000000000000000000e+00
5.313999999999998412e-03
5.594000000000002304e-01
0.000000000000000000e+00
9.346000000000000141e-03
1.768999999999999684e+00
0.000000000000000000e+00
5.567000000000001635e-03
5.580000000000000515e-01
0.000000000000000000e+00
9.346000000000000141e-03
1.792000000000000703e+00
0.000000000000000000e+00
5.744000000000001709e-03
5.568999999999998396e-01
0.000000000000000000e+00
9.346000000000000141e-03
1.829361177123504767e+00
0.000000000000000000e+00
6.037039907456170224e-03
5.551304362391435987e-01
0.000000000000000000e+00
1.869200000000000028e-02
1.883141400792373243e+00
0.000000000000000000e+00
6.471987540112520039e-03
5.522143666226461134e-01
0.000000000000000000e+00
1.869200000000000028e-02
1.954858011521527716e+00
0.000000000000000000e+00
7.140614305975974581e-03
5.476253698270902026e-01
0.000000000000000000e+00
2.803800000000000042e-02
2.011000000000001009e+00
0.000000000000000000e+00
7.704000000000003380e-03
5.435000000000000941e-01
0.000000000000000000e+00
9.346000000000000141e-03
2.051999999999999602e+00
0.000000000000000000e+00
8.047999999999997864e-03
5.409000000000000474e-01
0.000000000000000000e+00
9.346000000000000141e-03
2.097000000000000419e+00
0.000000000000000000e+00
8.422000000000005870e-03
5.380000000000004778e-01
0.000000000000000000e+00
9.346000000000000141e-03
2.145999999999999908e+00
0.000000000000000000e+00
8.835000000000000839e-03
5.346999999999999531e-01
0.000000000000000000e+00
9.346000000000000141e-03
2.201000000000000512e+00
0.000000000000000000e+00
9.288999999999998647e-03
5.310000000000001386e-01
0.000000000000000000e+00
9.346000000000000141e-03
2.261000000000000121e+00
0.000000000000000000e+00
9.792999999999997887e-03
5.266999999999996129e-01
0.000000000000000000e+00
9.346000000000000141e-03
2.327000000000000846e+00
0.000000000000000000e+00
1.034999999999999809e-02
5.216999999999999416e-01
0.000000000000000000e+00
9.346000000000000141e-03
2.399000000000001354e+00
0.000000000000000000e+00
1.098000000000000365e-02
5.159999999999997922e-01
0.000000000000000000e+00
9.346000000000000141e-03
2.531383668366406159e+00
0.000000000000000000e+00
1.214239968887815234e-02
5.049435585515438252e-01
0.000000000000000000e+00
1.869200000000000028e-02
2.683000000000001162e+00
0.000000000000000000e+00
1.344000000000000056e-02
4.923000000000002929e-01
0.000000000000000000e+00
9.346000000000000141e-03
2.819000000000000838e+00
0.000000000000000000e+00
1.452000000000000339e-02
4.814000000000001056e-01
0.000000000000000000e+00
9.346000000000000141e-03
2.985000000000001208e+00
0.000000000000000000e+00
1.578000000000000236e-02
4.685000000000001386e-01
0.000000000000000000e+00
9.346000000000000141e-03
3.182999999999999829e+00
0.000000000000000000e+00
1.728999999999999981e-02
4.530999999999999472e-01
0.000000000000000000e+00
9.346000000000000141e-03
3.538900284353458048e+00
0.000000000000000000e+00
2.019086784536646556e-02
4.239834758299558248e-01
0.000000000000000000e+00
1.869200000000000028e-02
3.964999999999998082e+00
0.000000000000000000e+00
2.419999999999998888e-02
3.868000000000000882e-01
0.000000000000000000e+00
9.346000000000000141e-03
4.433585298016416765e+00
0.000000000000000000e+00
2.998171522073343059e-02
3.406236341703794968e-01
0.000000000000000000e+00
1.869200000000000028e-02
5.263455055603730059e+00
0.000000000000000000e+00
4.399142227025207991e-02
2.594566726122090050e-01
0.000000000000000000e+00
1.869200000000000028e-02
6.640999999999998238e+00
0.000000000000000000e+00
7.080999999999997019e-02
1.725999999999998924e-01
0.000000000000000000e+00
9.346000000000000141e-03
9.559248437094225892e+00
0.000000000000000000e+00
1.192754819324765708e-01
1.119720954348281672e-01
0.000000000000000000e+00
1.869200000000000028e-02
