6.292242163076752770e-02
6.830217718206854638e-02
3.285593594491221722e-03
7.337560409827707927e-04
0.000000000000000000e+00
0.000000000000000000e+00
0.000000000000000000e+00
0.000000000000000000e+00
2.539304396853886425e-01
4.258654737218178082e-02
1.489393066767687353e-02
0.000000000000000000e+00
0.000000000000000000e+00
0.000000000000000000e+00
0.000000000000000000e+00
0.000000000000000000e+00
3.747990610587264015e-01
2.115655730273636459e-01
0.000000000000000000e+00
0.000000000000000000e+00
0.000000000000000000e+00
0.000000000000000000e+00
0.000000000000000000e+00
0.000000000000000000e+00
8.584837360200018308e-01
5.106295839750262661e-02
9.044715695507004466e-04
1.232263800800206246e-03
0.000000000000000000e+00
0.000000000000000000e+00
0.000000000000000000e+00
2.236082733904412034e-01
1.349446060959980542e+00
3.679240930317615593e-02
3.823535983689874129e-02
0.000000000000000000e+00
0.000000000000000000e+00
0.000000000000000000e+00
1.571807155499999331e-01
1.700394499999999587e+00
5.529349999999998433e-01
5.126577900000002241e-01
0.000000000000000000e+00
0.000000000000000000e+00
0.000000000000000000e+00
2.141962535177331095e-01
1.794259586648412785e+00
5.184734183444306144e-01
1.411966180336253984e+00
3.150020635573540922e-02
8.087589343494155925e-02
2.218470834988125247e-03
8.252599854818134031e-04
0.000000000000000000e+00
0.000000000000000000e+00
0.000000000000000000e+00
0.000000000000000000e+00
2.613854019052543332e-01
7.087823574981885755e-02
2.721332547669319882e-02
0.000000000000000000e+00
0.000000000000000000e+00
0.000000000000000000e+00
0.000000000000000000e+00
0.000000000000000000e+00
4.383201018467039467e-01
4.502252283402214950e-01
0.000000000000000000e+00
0.000000000000000000e+00
0.000000000000000000e+00
0.000000000000000000e+00
0.000000000000000000e+00
0.000000000000000000e+00
1.391525500923097569e+00
2.884204572479305839e-01
4.599158264860249944e-03
6.123273440134906209e-03
0.000000000000000000e+00
0.000000000000000000e+00
0.000000000000000000e+00
9.274178946066984064e-02
2.855247913176146124e+00
1.227563641200195010e-01
9.500916223592421883e-02
0.000000000000000000e+00
0.000000000000000000e+00
0.000000000000000000e+00
2.501973735925003967e-02
2.298697600000005004e+00
1.186080000000000245e+00
1.098819699999999511e+00
0.000000000000000000e+00
0.000000000000000000e+00
0.000000000000000000e+00
2.884474917163933061e-02
1.561892519183225359e+00
9.698650690326495738e-01
2.941638104790442299e+00
