1.413616236154562888e-01
2.392781529666842405e-02
1.036021028184866584e-02
4.510841682254790541e+00
4.203315271447503366e-03
2.531399999999999970e-02
3.142684369260534960e-01
5.648949988108574460e-03
2.874968755522186795e-03
2.073985456883163270e+00
3.288206773485508514e-07
9.325799999999999645e-01
5.881781134035104497e-01
1.132154140211051336e-03
1.823003610324369509e-03
9.861447446446489629e-01
0.000000000000000000e+00
3.543500000000000122e-02
9.432521492511469763e-01
3.227340563263448453e-02
3.154368864361285774e-02
5.894379237602771493e-01
0.000000000000000000e+00
6.666240640819998987e-03
1.796063947158391461e+00
2.499110502459914174e-01
1.478251220223068541e-01
2.446431257890759603e-01
0.000000000000000000e+00
1.332129999999999818e-11
3.228000000000000647e+00
5.046000000000000485e-01
3.044000000000000594e-01
1.134999999999999898e-01
0.000000000000000000e+00
2.499999999999999950e-13
4.340960861408223792e+00
6.460924186724784635e-01
4.016655612699235878e-01
8.511442169940798552e-02
0.000000000000000000e+00
2.491686000000000375e-13
1.189923659765760589e-01
0.000000000000000000e+00
3.552922861219349766e-03
6.311437706180011098e+00
0.000000000000000000e+00
1.869200000000000028e-02
3.596684414910135685e-01
0.000000000000000000e+00
1.920914419706770714e-04
2.540610819885673610e+00
0.000000000000000000e+00
1.214979999999999671e-01
8.884540191316476765e-01
0.000000000000000000e+00
7.304395212340269966e-06
8.885045454269860921e-01
0.000000000000000000e+00
4.673000000000000070e-02
1.694242095525089864e+00
0.000000000000000000e+00
3.578069433257970861e-03
5.731185822664117691e-01
0.000000000000000000e+00
6.542199999999999127e-01
3.183302804757581317e+00
0.000000000000000000e+00
1.753953964440520263e-02
4.516858624723880666e-01
0.000000000000000000e+00
1.028059999999999807e-01
4.642000000000001236e+00
0.000000000000000000e+00
3.291000000000000869e-02
3.191999999999999837e-01
0.000000000000000000e+00
9.346000000000000141e-03
5.551528109605605721e+00
0.000000000000000000e+00
4.935394380358762434e-02
2.449256599208411989e-01
0.000000000000000000e+00
4.673000000000000070e-02
