1.413616236154562888e-01
2.392781529666842405e-02
1.036021028184866584e-02
4.510841682254790541e+00
4.203315271447503366e-03
2.531399999999999970e-02
1.630000000000000893e-01
1.381000000000000630e-02
6.038000000000000832e-03
3.994000000000000661e+00
1.043000000000000178e-05
4.078999999999999987e-02
1.976999999999999591e-01
1.310999999999999839e-02
5.928999999999999375e-03
3.137999999999998124e+00
0.000000000000000000e+00
7.006999999999999340e-02
2.157999999999999363e-01
1.231000000000000150e-02
4.541000000000002500e-03
2.686999999999998945e+00
0.000000000000000000e+00
9.854000000000000259e-02
1.834000000000000075e-01
1.218999999999999077e-02
4.771000000000000067e-03
3.272999999999999687e+00
0.000000000000000000e+00
1.179000000000000048e-01
2.207000000000000628e-01
1.143000000000000786e-02
4.804000000000001845e-03
2.548000000000002707e+00
0.000000000000000000e+00
1.223000000000000059e-01
3.021346635762476307e-01
3.692880874978953822e-03
2.262198620148366673e-03
1.830035541773932239e+00
0.000000000000000000e+00
2.915099999999999913e-01
3.293999999999999706e-01
9.475999999999997229e-04
1.379999999999999500e-03
1.783999999999999364e+00
0.000000000000000000e+00
6.339000000000000190e-02
3.766000000000000458e-01
9.281999999999996850e-04
1.313000000000000148e-03
1.696000000000000618e+00
0.000000000000000000e+00
4.830999999999999878e-02
5.879999999999997451e-01
9.268999999999997077e-04
1.295000000000000144e-03
9.029999999999995808e-01
0.000000000000000000e+00
3.570999999999999869e-02
4.611000000000001764e-01
9.776000000000003437e-04
1.351000000000000855e-03
1.091000000000000414e+00
0.000000000000000000e+00
2.576000000000000165e-02
4.829000000000001069e-01
9.913999999999999202e-04
1.423999999999999702e-03
1.116000000000000103e+00
0.000000000000000000e+00
1.830000000000000029e-02
5.716647320697676449e-01
1.113603926484056043e-03
1.726039692160352213e-03
1.005526973787190137e+00
0.000000000000000000e+00
3.243000000000000049e-02
6.904178640947411516e-01
1.288558263520946578e-03
2.550853177634022136e-03
8.695627570443152932e-01
0.000000000000000000e+00
5.079999999999999447e-03
7.613727375426757593e-01
1.397136959537872113e-03
3.577823051729727213e-03
7.978280556396445400e-01
0.000000000000000000e+00
2.417100000000000151e-03
7.929000000000001602e-01
1.576000000000000794e-03
4.204000000000001139e-03
7.812000000000004496e-01
0.000000000000000000e+00
6.788999999999999679e-04
8.195000000000000062e-01
1.686000000000000866e-03
4.573000000000000675e-03
7.549000000000000155e-01
0.000000000000000000e+00
4.671000000000000239e-04
8.568449942940959962e-01
1.987540808650989799e-03
5.562625867945120151e-03
7.230125808176297575e-01
0.000000000000000000e+00
6.934999999999998891e-04
8.716999999999996973e-01
2.356000000000000021e-03
6.490999999999997640e-03
7.191000000000000725e-01
0.000000000000000000e+00
1.045999999999999946e-04
8.958000000000001517e-01
2.547999999999999484e-03
7.495000000000000794e-03
6.904999999999998916e-01
0.000000000000000000e+00
7.194000000000000579e-05
9.005548081681746808e-01
3.249351697386859781e-03
8.112595148971514167e-03
6.918724674283373011e-01
0.000000000000000000e+00
8.344000000000000071e-05
9.134529627127498941e-01
4.150943459572680946e-03
1.026218629138843375e-02
6.806828021264501594e-01
0.000000000000000000e+00
5.043000000000000336e-05
8.944000000000000838e-01
5.231000000000001274e-03
1.064000000000000536e-02
7.099000000000003086e-01
0.000000000000000000e+00
7.568999999999999868e-06
9.085000000000001963e-01
5.971999999999999878e-03
1.401999999999999774e-02
6.942000000000003723e-01
0.000000000000000000e+00
5.200000000000000188e-06
9.005331292762533968e-01
8.438213398405620957e-03
1.714824433494444716e-02
5.316455409264950749e-01
0.000000000000000000e+00
7.741999999999999736e-06
8.934999999999998499e-01
8.919000000000001580e-03
1.554000000000000520e-02
6.633999999999999897e-01
0.000000000000000000e+00
1.163999999999999994e-06
9.304000000000002268e-01
1.097000000000000232e-02
2.222999999999999976e-02
3.548000000000000598e-01
0.000000000000000000e+00
7.996000000000000396e-07
9.238000000000002876e-01
1.724000000000000532e-02
2.559000000000000510e-02
4.451000000000001067e-01
0.000000000000000000e+00
5.493999999999999830e-07
9.264094025916018715e-01
1.477395270466146104e-02
2.481556323283830301e-02
4.200681791860139125e-01
0.000000000000000000e+00
6.365999999999999697e-07
1.000999999999999668e+00
1.487999999999999913e-02
4.664000000000002866e-02
2.316000000000000003e-01
0.000000000000000000e+00
1.777999999999999907e-07
8.771000000000001018e-01
1.736000000000000737e-02
3.041000000000000300e-02
5.269000000000000350e-01
0.000000000000000000e+00
1.227000000000000068e-07
9.210737081907155455e-01
2.823674228174637840e-02
3.400280729181852368e-02
5.026556207895381823e-01
0.000000000000000000e+00
1.422700000000000160e-07
9.657999999999997698e-01
2.440000000000000502e-02
3.008999999999998481e-02
5.123999999999999666e-01
0.000000000000000000e+00
3.982000000000000187e-08
9.509292485299268849e-01
3.496248297882228323e-02
5.947944764053278432e-02
4.699667181577794617e-01
0.000000000000000000e+00
4.616999999999999587e-08
1.057000000000000828e+00
3.707000000000001266e-02
1.379000000000000503e-01
2.680000000000002380e-01
0.000000000000000000e+00
1.291999999999999922e-08
8.786119453816940705e-01
2.666762857225921796e-02
2.632761536146280626e-02
7.502200410774539918e-01
0.000000000000000000e+00
1.495399999999999944e-08
9.117000000000000659e-01
6.539999999999999980e-02
4.383999999999998315e-02
7.012999999999998124e-01
0.000000000000000000e+00
4.197000000000000293e-09
1.101000000000000423e+00
8.257000000000000450e-03
1.744000000000000550e-01
1.841000000000000691e-01
0.000000000000000000e+00
2.884999999999999860e-09
9.246999999999997444e-01
1.621999999999998443e-02
7.243999999999997663e-02
5.595999999999996533e-01
0.000000000000000000e+00
1.982999999999999873e-09
8.669000000000000039e-01
4.098999999999999345e-03
1.695000000000000326e-02
7.350999999999999757e-01
0.000000000000000000e+00
1.362999999999999946e-09
8.766999999999998128e-01
2.370999999999999497e-02
2.089999999999999497e-02
7.131999999999996120e-01
0.000000000000000000e+00
9.363999999999999924e-10
8.729000000000001203e-01
1.064999999999999801e-02
1.106000000000000039e-02
7.124999999999999112e-01
0.000000000000000000e+00
6.435000000000000009e-10
8.946397491509232580e-01
1.822455830238947985e-02
1.678204733574265028e-02
6.689812007857847131e-01
0.000000000000000000e+00
9.537600000000000234e-10
9.374999999999998890e-01
6.350000000000000089e-02
3.836000000000000520e-02
6.069999999999999840e-01
0.000000000000000000e+00
7.839000000000000020e-11
9.307999999999994056e-01
4.433999999999997665e-02
2.799999999999999364e-02
6.083999999999999408e-01
0.000000000000000000e+00
6.512000000000000363e-11
9.356999999999995321e-01
4.106999999999998152e-02
2.661999999999999089e-02
5.982999999999998320e-01
0.000000000000000000e+00
5.397999999999999738e-11
9.506549705703892794e-01
4.471259944874566433e-02
2.893028481639543445e-02
5.766804001649099565e-01
0.000000000000000000e+00
8.185000000000000687e-11
9.736000000000002430e-01
5.266000000000000542e-02
3.342999999999999444e-02
5.512000000000001343e-01
0.000000000000000000e+00
3.075999999999999899e-11
9.955000000000000515e-01
6.105000000000000010e-02
3.803999999999999049e-02
5.316999999999997284e-01
0.000000000000000000e+00
2.549000000000000064e-11
1.023000000000000353e+00
7.305000000000001770e-02
4.458999999999999075e-02
5.099000000000002419e-01
0.000000000000000000e+00
2.114000000000000080e-11
1.047999999999999821e+00
8.519999999999998408e-02
5.124999999999997613e-02
4.924999999999999378e-01
0.000000000000000000e+00
9.044000000000000641e-12
1.066000000000000503e+00
9.561000000000004218e-02
5.703000000000001818e-02
4.804000000000001602e-01
0.000000000000000000e+00
8.496999999999999842e-12
1.097883425218330711e+00
1.145855326341172209e-01
6.782657241110050250e-02
4.604108156971368770e-01
0.000000000000000000e+00
1.541399999999999713e-11
1.131000000000000005e+00
1.315999999999999115e-01
7.804999999999998050e-02
4.410999999999998811e-01
0.000000000000000000e+00
6.952000000000000266e-12
1.148999999999999577e+00
1.373000000000000054e-01
8.198999999999999344e-02
4.306000000000003158e-01
0.000000000000000000e+00
6.471000000000000195e-12
1.170886268580331846e+00
1.344752055355855624e-01
8.156829943617122103e-02
4.182330953356608871e-01
0.000000000000000000e+00
1.157100000000000068e-11
1.209116852068759851e+00
1.267266451481876555e-01
7.799234537371867171e-02
3.978456013358999122e-01
0.000000000000000000e+00
1.418000000000000137e-11
1.265682089479386319e+00
1.318742377266026167e-01
8.084247813778221159e-02
3.720125480051152400e-01
0.000000000000000000e+00
7.534999999999999700e-12
1.312000000000000721e+00
1.412999999999999534e-01
8.595999999999999475e-02
3.535000000000000364e-01
0.000000000000000000e+00
3.247000000000000200e-12
1.348999999999999533e+00
1.498999999999999222e-01
9.071999999999992570e-02
3.398999999999998689e-01
0.000000000000000000e+00
2.913999999999999902e-12
1.414933934824050388e+00
1.663107918699703591e-01
9.981676646750849147e-02
3.184652032248695974e-01
0.000000000000000000e+00
4.929000000000000505e-12
1.491999999999999993e+00
1.859000000000000652e-01
1.106999999999999929e-01
2.960999999999999743e-01
0.000000000000000000e+00
2.034000000000000017e-12
1.554999999999999938e+00
2.015000000000000124e-01
1.194000000000000339e-01
2.802000000000000046e-01
0.000000000000000000e+00
1.811999999999999953e-12
1.672531021675701890e+00
2.290219281742400803e-01
1.350622972141174993e-01
2.549872668723068836e-01
0.000000000000000000e+00
2.889000000000000312e-12
1.827999999999999403e+00
2.622999999999999221e-01
1.541999999999999760e-01
2.273999999999998245e-01
0.000000000000000000e+00
1.128000000000000040e-12
1.960999999999999410e+00
2.882999999999999452e-01
1.694999999999999563e-01
2.081999999999998852e-01
0.000000000000000000e+00
9.379000000000000728e-13
2.123000000000000664e+00
3.183000000000000829e-01
1.873000000000000220e-01
1.886000000000000176e-01
0.000000000000000000e+00
7.665999999999999849e-13
2.421775227871434844e+00
3.705878946441076849e-01
2.192225555980523155e-01
1.608435800203696919e-01
0.000000000000000000e+00
1.079300000000000056e-12
2.852000000000000313e+00
4.433999999999997943e-01
2.648999999999999133e-01
1.314999999999999780e-01
0.000000000000000000e+00
3.505000000000000211e-13
3.228000000000000647e+00
5.046000000000000485e-01
3.044000000000000594e-01
1.134999999999999898e-01
0.000000000000000000e+00
2.499999999999999950e-13
3.994845270480567923e+00
6.153569427894211019e-01
3.783456616790670801e-01
8.979511966147914193e-02
0.000000000000000000e+00
2.175400000000000000e-13
5.927999999999997272e+00
8.160000000000000586e-01
5.241000000000001213e-01
5.795999999999998376e-02
0.000000000000000000e+00
2.554000000000000086e-14
9.170999999999997598e+00
9.896999999999996911e-01
6.816000000000000947e-01
3.695999999999998592e-02
0.000000000000000000e+00
5.736999999999999940e-15
1.976000000000000512e+01
1.266000000000001124e+00
1.037000000000000144e+00
1.703000000000000694e-02
0.000000000000000000e+00
3.515999999999999842e-16
1.189923659765760589e-01
0.000000000000000000e+00
3.552922861219349766e-03
6.311437706180011098e+00
0.000000000000000000e+00
1.869200000000000028e-02
1.460000000000000742e-01
0.000000000000000000e+00
1.658000000000001486e-03
5.415000000000000924e+00
0.000000000000000000e+00
9.346000000000000141e-03
1.872000000000000330e-01
0.000000000000000000e+00
1.515000000000000071e-03
4.004999999999999005e+00
0.000000000000000000e+00
9.346000000000000141e-03
2.187999999999999112e-01
0.000000000000000000e+00
2.977000000000000127e-05
3.258000000000000007e+00
0.000000000000000000e+00
9.346000000000000141e-03
1.978000000000000314e-01
0.000000000000000000e+00
5.816000000000000728e-06
3.993999999999998884e+00
0.000000000000000000e+00
9.346000000000000141e-03
2.533000000000000251e-01
0.000000000000000000e+00
5.783999999999999171e-06
2.851999999999998092e+00
0.000000000000000000e+00
9.346000000000000141e-03
3.650634720712682135e-01
0.000000000000000000e+00
5.724750805305799192e-06
1.931273089900752860e+00
0.000000000000000000e+00
2.803800000000000042e-02
4.284000000000000030e-01
0.000000000000000000e+00
6.463000000000002326e-06
1.750999999999999890e+00
0.000000000000000000e+00
9.346000000000000141e-03
4.951000000000003731e-01
0.000000000000000000e+00
7.063000000000004205e-06
1.658000000000000584e+00
0.000000000000000000e+00
9.346000000000000141e-03
7.332999999999998408e-01
0.000000000000000000e+00
1.594999999999999806e-05
9.224999999999995426e-01
0.000000000000000000e+00
9.346000000000000141e-03
6.324999999999999512e-01
0.000000000000000000e+00
6.563999999999999326e-06
1.034000000000000030e+00
0.000000000000000000e+00
9.346000000000000141e-03
6.835999999999999854e-01
0.000000000000000000e+00
5.531000000000000915e-06
1.048000000000000265e+00
0.000000000000000000e+00
9.346000000000000141e-03
8.561101211252953869e-01
0.000000000000000000e+00
6.815149341938146086e-06
9.115702017010050007e-01
0.000000000000000000e+00
3.738400000000000056e-02
1.082884560739604929e+00
0.000000000000000000e+00
1.059042507071163130e-05
7.547782547598993474e-01
0.000000000000000000e+00
1.869200000000000028e-02
1.207411368986443634e+00
0.000000000000000000e+00
1.486676751249794992e-05
6.904812348175876080e-01
0.000000000000000000e+00
1.869200000000000028e-02
1.283999999999999586e+00
0.000000000000000000e+00
1.929999999999999479e-05
6.558999999999997055e-01
0.000000000000000000e+00
9.346000000000000141e-03
1.322999999999999288e+00
0.000000000000000000e+00
2.173999999999999514e-05
6.399999999999999023e-01
0.000000000000000000e+00
9.346000000000000141e-03
1.381068498987572335e+00
0.000000000000000000e+00
2.885484981871747030e-05
6.172655371476967190e-01
0.000000000000000000e+00
2.803800000000000042e-02
1.422999999999999821e+00
0.000000000000000000e+00
3.760000000000000592e-05
6.017000000000001236e-01
0.000000000000000000e+00
9.346000000000000141e-03
1.437999999999999723e+00
0.000000000000000000e+00
4.302000000000000485e-05
5.962999999999999412e-01
0.000000000000000000e+00
9.346000000000000141e-03
1.454990191259501797e+00
0.000000000000000000e+00
5.255824177779611485e-05
5.905031387969599255e-01
0.000000000000000000e+00
1.869200000000000028e-02
1.472334043500745704e+00
0.000000000000000000e+00
7.288092155420534924e-05
5.846331151978224616e-01
0.000000000000000000e+00
2.803800000000000042e-02
1.481000000000000094e+00
0.000000000000000000e+00
9.360999999999999313e-05
5.818000000000003169e-01
0.000000000000000000e+00
9.346000000000000141e-03
1.482999999999999430e+00
0.000000000000000000e+00
1.063000000000000224e-04
5.808999999999997499e-01
0.000000000000000000e+00
9.346000000000000141e-03
1.486667744553558768e+00
0.000000000000000000e+00
1.375467126098305743e-04
5.796662981705730244e-01
0.000000000000000000e+00
2.803800000000000042e-02
1.488999999999999657e+00
0.000000000000000000e+00
1.760000000000000225e-04
5.788999999999998591e-01
0.000000000000000000e+00
9.346000000000000141e-03
1.490000000000000213e+00
0.000000000000000000e+00
1.995000000000000787e-04
5.786000000000002252e-01
0.000000000000000000e+00
9.346000000000000141e-03
1.491000000000000547e+00
0.000000000000000000e+00
2.261999999999999146e-04
5.783000000000000362e-01
0.000000000000000000e+00
9.346000000000000141e-03
1.491501761860290598e+00
0.000000000000000000e+00
2.735602556219079214e-04
5.780996476279419705e-01
0.000000000000000000e+00
1.869200000000000028e-02
1.491999999999999771e+00
0.000000000000000000e+00
3.293999999999999294e-04
5.778999999999999693e-01
0.000000000000000000e+00
9.346000000000000141e-03
1.492000000000000659e+00
0.000000000000000000e+00
3.733000000000000207e-04
5.777999999999999803e-01
0.000000000000000000e+00
9.346000000000000141e-03
1.492501375295731236e+00
0.000000000000000000e+00
4.512775666792242526e-04
5.775498624704271666e-01
0.000000000000000000e+00
1.869200000000000028e-02
1.492999999999999883e+00
0.000000000000000000e+00
5.432999999999999245e-04
5.774000000000000243e-01
0.000000000000000000e+00
9.346000000000000141e-03
1.493501482287295845e+00
0.000000000000000000e+00
6.567713993295508758e-04
5.771997035425405764e-01
0.000000000000000000e+00
1.869200000000000028e-02
1.494000000000000217e+00
0.000000000000000000e+00
7.906000000000000267e-04
5.767000000000001014e-01
0.000000000000000000e+00
9.346000000000000141e-03
1.495500041425024795e+00
0.000000000000000000e+00
9.555049295779551163e-04
5.762999917149952411e-01
0.000000000000000000e+00
1.869200000000000028e-02
1.495999999999999774e+00
0.000000000000000000e+00
1.149999999999999981e-03
5.758999999999999675e-01
0.000000000000000000e+00
9.346000000000000141e-03
1.497000000000000330e+00
0.000000000000000000e+00
1.304000000000000471e-03
5.756000000000000005e-01
0.000000000000000000e+00
9.346000000000000141e-03
1.496999999999999664e+00
0.000000000000000000e+00
1.476999999999999797e-03
5.754000000000001336e-01
0.000000000000000000e+00
9.346000000000000141e-03
1.498000000000000442e+00
0.000000000000000000e+00
1.673999999999998623e-03
5.749999999999997335e-01
0.000000000000000000e+00
9.346000000000000141e-03
1.497000000000000552e+00
0.000000000000000000e+00
1.897000000000000899e-03
5.741000000000001657e-01
0.000000000000000000e+00
9.346000000000000141e-03
1.509999999999999787e+00
0.000000000000000000e+00
2.149999999999999568e-03
5.732000000000000428e-01
0.000000000000000000e+00
9.346000000000000141e-03
1.539194242776164678e+00
0.000000000000000000e+00
2.778390875985822014e-03
5.712012201621722296e-01
0.000000000000000000e+00
4.673000000000000070e-02
1.572000000000001174e+00
0.000000000000000000e+00
3.432000000000001889e-03
5.687000000000002053e-01
0.000000000000000000e+00
9.346000000000000141e-03
1.583999999999999408e+00
0.000000000000000000e+00
3.652999999999999130e-03
5.678999999999999604e-01
0.000000000000000000e+00
9.346000000000000141e-03
1.597000000000000419e+00
0.000000000000000000e+00
3.888999999999999662e-03
5.667000000000000925e-01
0.000000000000000000e+00
9.346000000000000141e-03
1.619595310935107779e+00
0.000000000000000000e+00
4.275334353091501775e-03
5.648434787254925649e-01
0.000000000000000000e+00
1.869200000000000028e-02
1.653999999999999027e+00
0.000000000000000000e+00
4.692999999999998388e-03
5.627999999999997449e-01
0.000000000000000000e+00
9.346000000000000141e-03
1.687999999999999945e+00
0.000000000000000000e+00
4.992999999999999175e-03
5.611999999999996991e-01
0.000000000000000000e+00
9.346000000000000141e-03
1.733000000000001428e+00
0.000000000000000000e+00
5.313999999999998412e-03
5.594000000000002304e-01
0.000000000000000000e+00
9.346000000000000141e-03
1.768999999999999684e+00
0.000000000000000000e+00
5.567000000000001635e-03
5.580000000000000515e-01
0.000000000000000000e+00
9.346000000000000141e-03
1.792000000000000703e+00
0.000000000000000000e+00
5.744000000000001709e-03
5.568999999999998396e-01
0.000000000000000000e+00
9.346000000000000141e-03
1.829361177123504767e+00
0.000000000000000000e+00
6.037039907456170224e-03
5.551304362391435987e-01
0.000000000000000000e+00
1.869200000000000028e-02
1.868999999999999995e+00
0.000000000000000000e+00
6.350999999999999875e-03
5.530000000000000471e-01
0.000000000000000000e+00
9.346000000000000141e-03
1.896000000000000130e+00
0.000000000000000000e+00
6.581999999999999310e-03
5.514999999999997682e-01
0.000000000000000000e+00
9.346000000000000141e-03
1.938141416372440640e+00
0.000000000000000000e+00
6.975465750149530304e-03
5.487725467461556095e-01
0.000000000000000000e+00
1.869200000000000028e-02
2.020839220875487730e+00
0.000000000000000000e+00
7.772842864410637979e-03
5.429844672906569691e-01
0.000000000000000000e+00
2.803800000000000042e-02
2.125519392543348207e+00
0.000000000000000000e+00
8.662377737151073440e-03
5.360793062164685985e-01
0.000000000000000000e+00
1.869200000000000028e-02
2.201000000000000512e+00
0.000000000000000000e+00
9.288999999999998647e-03
5.310000000000001386e-01
0.000000000000000000e+00
9.346000000000000141e-03
2.261000000000000121e+00
0.000000000000000000e+00
9.792999999999997887e-03
5.266999999999996129e-01
0.000000000000000000e+00
9.346000000000000141e-03
2.368087922558574920e+00
0.000000000000000000e+00
1.070951932238753575e-02
5.184472061307791035e-01
0.000000000000000000e+00
1.869200000000000028e-02
2.479999999999999982e+00
0.000000000000000000e+00
1.169000000000000074e-02
5.092999999999999750e-01
0.000000000000000000e+00
9.346000000000000141e-03
2.572000000000000064e+00
0.000000000000000000e+00
1.250000000000000243e-02
5.014999999999997238e-01
0.000000000000000000e+00
9.346000000000000141e-03
2.755592311983516840e+00
0.000000000000000000e+00
1.401646835986909700e-02
4.864819397013209201e-01
0.000000000000000000e+00
1.869200000000000028e-02
2.985000000000001208e+00
0.000000000000000000e+00
1.578000000000000236e-02
4.685000000000001386e-01
0.000000000000000000e+00
9.346000000000000141e-03
3.182999999999999829e+00
0.000000000000000000e+00
1.728999999999999981e-02
4.530999999999999472e-01
0.000000000000000000e+00
9.346000000000000141e-03
3.413999999999999257e+00
0.000000000000000000e+00
1.910999999999999505e-02
4.345999999999999308e-01
0.000000000000000000e+00
9.346000000000000141e-03
3.808702064848725310e+00
0.000000000000000000e+00
2.267461808993259317e-02
4.006036320734974177e-01
0.000000000000000000e+00
1.869200000000000028e-02
4.284000000000000696e+00
0.000000000000000000e+00
2.788000000000000200e-02
3.559999999999998166e-01
0.000000000000000000e+00
9.346000000000000141e-03
4.642000000000001236e+00
0.000000000000000000e+00
3.291000000000000869e-02
3.191999999999999837e-01
0.000000000000000000e+00
9.346000000000000141e-03
5.263455055603730059e+00
0.000000000000000000e+00
4.399142227025207991e-02
2.594566726122090050e-01
0.000000000000000000e+00
1.869200000000000028e-02
6.640999999999998238e+00
0.000000000000000000e+00
7.080999999999997019e-02
1.725999999999998924e-01
0.000000000000000000e+00
9.346000000000000141e-03
9.059000000000001052e+00
0.000000000000000000e+00
1.119999999999999746e-01
1.152000000000000662e-01
0.000000000000000000e+00
9.346000000000000141e-03
1.752999999999999403e+01
0.000000000000000000e+00
2.351999999999999091e-01
6.053999999999998272e-02
0.000000000000000000e+00
9.346000000000000141e-03
