1.756621297964076900e-01
1.546903192865713150e-02
6.839495150019557664e-03
3.678291991458228161e+00
8.344747478967536221e-04
1.361739999999999895e-01
1.969838073435593306e-01
1.224031039756874606e-02
4.674571737993253942e-03
3.027317558539330378e+00
0.000000000000000000e+00
2.164400000000000213e-01
3.052249808078891791e-01
4.041694431611044837e-03
2.374028553099716450e-03
1.919749733227724020e+00
0.000000000000000000e+00
5.255100000000000326e-01
5.879999999999997451e-01
9.268999999999997077e-04
1.295000000000000144e-03
9.029999999999995808e-01
0.000000000000000000e+00
3.570999999999999869e-02
4.611000000000001764e-01
9.776000000000003437e-04
1.351000000000000855e-03
1.091000000000000414e+00
0.000000000000000000e+00
2.576000000000000165e-02
4.997666392157214532e-01
1.025040604589598069e-03
1.472190397759203786e-03
1.095611754794182602e+00
0.000000000000000000e+00
3.116999999999999979e-02
5.765809918175923698e-01
1.111653035161186019e-03
1.716137005196013282e-03
9.972424336578648019e-01
0.000000000000000000e+00
1.522100000000000015e-02
6.528568759097252983e-01
1.207148359504772858e-03
2.169697860335322460e-03
9.096144828608442312e-01
0.000000000000000000e+00
7.343999999999999834e-03
7.543257433422748681e-01
1.426751770273109376e-03
3.509806505026608504e-03
8.086736004721216675e-01
0.000000000000000000e+00
5.170999999999999382e-03
8.470498939193756849e-01
1.824316864221864733e-03
5.081379862591224594e-03
7.256253215284688141e-01
0.000000000000000000e+00
1.008699999999999961e-03
8.953822136481849325e-01
3.685893189082218181e-03
9.095701938512210094e-03
6.993150242584574849e-01
0.000000000000000000e+00
4.750789999999999961e-04
9.038529267601206341e-01
7.510390662671064324e-03
1.696987919485100360e-02
5.256527341654106955e-01
0.000000000000000000e+00
6.049000000000000022e-06
9.154419287738151390e-01
1.277967583649581955e-02
2.167434302548224001e-02
4.759707301582935535e-01
0.000000000000000000e+00
4.842600000000000019e-06
9.523261222643338852e-01
2.704126294692007007e-02
5.144226902662338285e-02
4.399225893840179591e-01
0.000000000000000000e+00
5.416800000000001230e-07
8.657000000000003581e-01
2.364000000000000476e-02
1.909000000000000280e-02
7.707999999999999297e-01
0.000000000000000000e+00
8.871999999999999969e-09
8.918000000000000371e-01
2.976000000000000867e-02
3.371999999999999997e-02
7.291999999999997373e-01
0.000000000000000000e+00
6.082000000000000297e-09
9.122440631683493839e-01
1.965763893973909021e-02
4.404374636439743751e-02
6.310789072431869373e-01
0.000000000000000000e+00
1.261579999999999939e-08
9.197523577681130380e-01
3.741835012895577961e-02
2.554511139471850670e-02
6.274336247976712855e-01
0.000000000000000000e+00
5.433499999999998866e-10
9.506549705703892794e-01
4.471259944874566433e-02
2.893028481639543445e-02
5.766804001649099565e-01
0.000000000000000000e+00
8.185000000000000687e-11
9.977966447391303229e-01
6.243140418593954438e-02
3.878411321689054919e-02
5.305749510640296318e-01
0.000000000000000000e+00
7.739000000000000366e-11
1.047999999999999821e+00
8.519999999999998408e-02
5.124999999999997613e-02
4.924999999999999378e-01
0.000000000000000000e+00
9.044000000000000641e-12
1.132795805070928807e+00
1.253896891964566274e-01
7.510433388458233328e-02
4.403461644038160205e-01
0.000000000000000000e+00
4.890499999999999811e-11
1.235470370915302984e+00
1.291248880309109337e-01
7.932021087824479844e-02
3.858100846655732608e-01
0.000000000000000000e+00
2.171499999999999946e-11
1.656707601836458377e+00
2.198213654398636641e-01
1.304801416133091474e-01
2.716412978680455281e-01
0.000000000000000000e+00
2.173680000000000165e-11
3.135240054191469561e+00
4.884862102397169448e-01
2.941989805042991013e-01
1.191827312427189561e-01
0.000000000000000000e+00
7.484000000000000220e-13
5.192404438553228196e+00
7.363320736550558188e-01
4.667897389433778854e-01
7.003172688332102991e-02
0.000000000000000000e+00
1.012685999999999937e-13
1.571275705169050130e-01
0.000000000000000000e+00
2.048662910577374926e-03
5.027539529977176791e+00
0.000000000000000000e+00
3.738400000000000056e-02
2.062101788209741160e-01
0.000000000000000000e+00
1.540921064179122507e-05
3.699243256560142523e+00
0.000000000000000000e+00
1.869200000000000028e-02
3.719115109940760444e-01
0.000000000000000000e+00
6.045463725278795380e-06
2.042882583189864487e+00
0.000000000000000000e+00
5.607600000000000084e-02
7.332999999999998408e-01
0.000000000000000000e+00
1.594999999999999806e-05
9.224999999999995426e-01
0.000000000000000000e+00
9.346000000000000141e-03
6.324999999999999512e-01
0.000000000000000000e+00
6.563999999999999326e-06
1.034000000000000030e+00
0.000000000000000000e+00
9.346000000000000141e-03
7.156241403346413898e-01
0.000000000000000000e+00
5.631339180550711192e-06
1.023243417135153210e+00
0.000000000000000000e+00
1.869200000000000028e-02
8.638861458689485184e-01
0.000000000000000000e+00
6.782237611662333394e-06
9.025736397858215021e-01
0.000000000000000000e+00
1.869200000000000028e-02
1.012744221050075666e+00
0.000000000000000000e+00
9.010667661729217736e-06
7.974799345273867468e-01
0.000000000000000000e+00
1.869200000000000028e-02
1.201284869511372033e+00
0.000000000000000000e+00
1.499584127461189329e-05
6.943628837919059160e-01
0.000000000000000000e+00
3.738400000000000056e-02
1.353256728245778584e+00
0.000000000000000000e+00
2.510836779067061067e-05
6.279620839130458654e-01
0.000000000000000000e+00
2.803800000000000042e-02
1.455567942497335121e+00
0.000000000000000000e+00
6.355491228461519618e-05
5.904513097014436607e-01
0.000000000000000000e+00
9.345999999999998753e-02
1.486000263107672525e+00
0.000000000000000000e+00
1.287021311721455081e-04
5.798999210676981653e-01
0.000000000000000000e+00
1.869200000000000028e-02
1.490168472598775828e+00
0.000000000000000000e+00
2.173792040811903898e-04
5.785328315452673564e-01
0.000000000000000000e+00
5.607600000000000084e-02
1.492875754534320754e+00
0.000000000000000000e+00
5.315904409070500982e-04
5.774124475110626875e-01
0.000000000000000000e+00
7.476800000000000113e-02
1.494999999999999440e+00
0.000000000000000000e+00
8.959999999999996613e-04
5.763999999999999124e-01
0.000000000000000000e+00
9.346000000000000141e-03
1.495999999999999774e+00
0.000000000000000000e+00
1.015000000000000277e-03
5.762000000000002675e-01
0.000000000000000000e+00
9.346000000000000141e-03
1.504967002927197761e+00
0.000000000000000000e+00
1.803207230982342441e-03
5.742945159212733408e-01
0.000000000000000000e+00
7.476800000000000113e-02
1.568225984572442000e+00
0.000000000000000000e+00
3.353084050744528470e-03
5.689698636700243339e-01
0.000000000000000000e+00
5.607600000000000084e-02
1.619595310935107779e+00
0.000000000000000000e+00
4.275334353091501775e-03
5.648434787254925649e-01
0.000000000000000000e+00
1.869200000000000028e-02
1.692071176717383496e+00
0.000000000000000000e+00
5.003185463324847509e-03
5.611159002052407141e-01
0.000000000000000000e+00
2.803800000000000042e-02
1.768999999999999684e+00
0.000000000000000000e+00
5.567000000000001635e-03
5.580000000000000515e-01
0.000000000000000000e+00
9.346000000000000141e-03
1.879945801878947664e+00
0.000000000000000000e+00
6.468516061348115499e-03
5.521917135687618439e-01
0.000000000000000000e+00
6.542200000000000792e-02
2.082043073289360002e+00
0.000000000000000000e+00
8.292931437067366587e-03
5.389471940177434917e-01
0.000000000000000000e+00
4.673000000000000070e-02
3.030367791341560313e+00
0.000000000000000000e+00
1.617533443228563045e-02
4.645755195465173237e-01
0.000000000000000000e+00
1.214979999999999671e-01
4.565072210297676847e+00
0.000000000000000000e+00
3.209836419224075532e-02
3.272283765312832271e-01
0.000000000000000000e+00
2.803800000000000042e-02
6.169040939772288290e+00
0.000000000000000000e+00
6.103717504959706164e-02
2.050596328406110169e-01
0.000000000000000000e+00
3.738400000000000056e-02
