9.043628393193972603e-02
3.087184299032576934e-02
3.489497861189599925e-02
3.464423207448420750e-03
2.680100489219781803e-03
3.477277747658751288e-03
1.835839374266091560e-03
9.396623964714694412e-04
7.248949774830358269e-04
1.767506420400981836e-04
1.256919179249411218e-04
4.079388575459958393e-06
4.852542560431398892e-06
1.210265637498901188e-06
6.458816291359163265e-08
7.547090022289454543e-08
2.792137043743363970e-08
0.000000000000000000e+00
0.000000000000000000e+00
0.000000000000000000e+00
0.000000000000000000e+00
0.000000000000000000e+00
0.000000000000000000e+00
0.000000000000000000e+00
0.000000000000000000e+00
0.000000000000000000e+00
0.000000000000000000e+00
1.008289576167840512e-01
6.951026800159136598e-02
5.409386802822512864e-03
4.173939373973823905e-03
5.560973891399866552e-03
3.059243440531672891e-03
1.661839167773191848e-03
1.406236018259189894e-03
3.830671379037242576e-04
2.955754348603849128e-04
1.006723771638895749e-05
1.202195395282301796e-05
2.980010057271708485e-06
1.030668633767733426e-07
8.027501271781950021e-08
2.701849967457771124e-07
0.000000000000000000e+00
0.000000000000000000e+00
0.000000000000000000e+00
0.000000000000000000e+00
0.000000000000000000e+00
0.000000000000000000e+00
0.000000000000000000e+00
0.000000000000000000e+00
0.000000000000000000e+00
0.000000000000000000e+00
0.000000000000000000e+00
2.175506022337962697e-01
2.449965877570714490e-02
1.368736919371360897e-02
1.892248300441509712e-02
1.135585959360631801e-02
6.776337736882302905e-03
6.441737853089713785e-03
1.936290765034478925e-03
1.569306519012983979e-03
5.480513473335843673e-05
6.558800644431358475e-05
1.627964336739243654e-05
5.635438224455143658e-07
4.388757175818405876e-07
1.459512931909274797e-06
6.376618812246313388e-08
6.445344467614944441e-15
7.056786786021391679e-15
9.751090910469814677e-16
3.296953910386090365e-15
0.000000000000000000e+00
0.000000000000000000e+00
0.000000000000000000e+00
0.000000000000000000e+00
0.000000000000000000e+00
0.000000000000000000e+00
0.000000000000000000e+00
2.862970000000000237e-01
1.618569999999999454e-01
5.484299999999998204e-02
3.294030000000000569e-02
1.997783999999998283e-02
1.946873000000000006e-02
5.977680000000003442e-03
4.911482999999994270e-03
1.727976999999999465e-04
2.069320999999997937e-04
5.139030999999994809e-05
1.779109999999999048e-06
1.385579999999999785e-06
4.130751999999999004e-06
7.155972999999990753e-07
0.000000000000000000e+00
0.000000000000000000e+00
0.000000000000000000e+00
0.000000000000000000e+00
0.000000000000000000e+00
0.000000000000000000e+00
0.000000000000000000e+00
0.000000000000000000e+00
0.000000000000000000e+00
0.000000000000000000e+00
0.000000000000000000e+00
0.000000000000000000e+00
1.787289999999999990e-01
1.590167000000000663e-01
4.811330000000001855e-02
2.909050000000001912e-02
2.834129999999999289e-02
8.702570000000003220e-03
7.151401000000002540e-03
2.516209999999999953e-04
3.013220000000000265e-04
7.483228000000011898e-05
2.590970000000000707e-06
2.017690000000001599e-06
6.015371000000003261e-06
1.051795499999999805e-06
0.000000000000000000e+00
0.000000000000000000e+00
0.000000000000000000e+00
0.000000000000000000e+00
0.000000000000000000e+00
0.000000000000000000e+00
0.000000000000000000e+00
0.000000000000000000e+00
0.000000000000000000e+00
0.000000000000000000e+00
0.000000000000000000e+00
0.000000000000000000e+00
0.000000000000000000e+00
2.515159136770090953e-01
1.164250118357244707e-01
5.131389237532533315e-02
4.997094517174804212e-02
1.533855811821275596e-02
1.260356686197937684e-02
4.434641130172880955e-04
5.310635101017724749e-04
1.318868622665122917e-04
4.566279170512293411e-06
3.556230990240441644e-06
1.060089228064997450e-05
1.067425285208083668e-06
4.914412158971914579e-07
3.165024848830139734e-07
0.000000000000000000e+00
0.000000000000000000e+00
0.000000000000000000e+00
0.000000000000000000e+00
0.000000000000000000e+00
0.000000000000000000e+00
0.000000000000000000e+00
0.000000000000000000e+00
0.000000000000000000e+00
0.000000000000000000e+00
0.000000000000000000e+00
0.000000000000000000e+00
2.732208946877624500e-01
1.381602392967762050e-01
1.034062582666066960e-01
3.171347457214164500e-02
2.606071515439208411e-02
9.169395562012449706e-04
1.098067934132397399e-03
2.727030802952517380e-04
9.441260493845188401e-06
7.353043059058181181e-06
2.191741585402685996e-05
2.095035710936936178e-06
4.150931088641777855e-07
7.177420022076738734e-07
1.483013822486728673e-07
5.383663441076152136e-07
0.000000000000000000e+00
0.000000000000000000e+00
0.000000000000000000e+00
0.000000000000000000e+00
0.000000000000000000e+00
0.000000000000000000e+00
0.000000000000000000e+00
0.000000000000000000e+00
0.000000000000000000e+00
0.000000000000000000e+00
0.000000000000000000e+00
2.948023683792482252e-01
2.366826976334537036e-01
6.295860742760979456e-02
5.162660815759972238e-02
1.816561516252181803e-03
2.175405562205219058e-03
5.402519635660955671e-04
1.870470876888004211e-05
1.456740506639946923e-05
4.342374437968257554e-05
4.150763521883119356e-06
8.210750133567720305e-07
9.047268153289441494e-07
1.178836664931455909e-07
1.127829292131412696e-06
6.609874095877293377e-07
0.000000000000000000e+00
0.000000000000000000e+00
0.000000000000000000e+00
0.000000000000000000e+00
0.000000000000000000e+00
0.000000000000000000e+00
0.000000000000000000e+00
0.000000000000000000e+00
0.000000000000000000e+00
0.000000000000000000e+00
0.000000000000000000e+00
4.208899972641733100e-01
1.809549159393430140e-01
1.367382280376408243e-01
4.808161358531758134e-03
5.757639444783272872e-03
1.429828768987086206e-03
4.950267973525738054e-05
3.855382489709378949e-05
1.149199356726284362e-04
1.098340328090079136e-05
2.175157405278336628e-06
2.394940942650848900e-06
3.147447328701169617e-07
1.930347615628819050e-06
1.283513730488383012e-06
1.648155631291738307e-06
0.000000000000000000e+00
0.000000000000000000e+00
0.000000000000000000e+00
0.000000000000000000e+00
0.000000000000000000e+00
0.000000000000000000e+00
0.000000000000000000e+00
0.000000000000000000e+00
0.000000000000000000e+00
0.000000000000000000e+00
0.000000000000000000e+00
4.204488971182979706e-01
3.886245238252549195e-01
1.294680539001906612e-02
1.550438801426317313e-02
3.850466327221928244e-03
1.333103784968488897e-04
1.038222062441570843e-04
3.094805454487914919e-04
2.957833237425184673e-05
5.857289652717935772e-06
6.448734692300555919e-06
8.464104709488370211e-07
5.197927485315715749e-06
2.931131907196285908e-06
5.098971923073968547e-06
0.000000000000000000e+00
0.000000000000000000e+00
0.000000000000000000e+00
0.000000000000000000e+00
0.000000000000000000e+00
0.000000000000000000e+00
0.000000000000000000e+00
0.000000000000000000e+00
0.000000000000000000e+00
0.000000000000000000e+00
0.000000000000000000e+00
0.000000000000000000e+00
6.554163851912179206e-01
9.448247446338722821e-02
1.059468723488307534e-01
2.631155868814620893e-02
9.109546899231769175e-04
7.094585415137690974e-04
2.114760718923369004e-03
2.021189760353746658e-04
4.002385092218393770e-05
4.406831735920744805e-05
5.785455396533650563e-06
3.552242639124231780e-05
2.002319133885740795e-05
3.145234597723850647e-05
3.133766313342636317e-06
8.262146288347696481e-07
0.000000000000000000e+00
0.000000000000000000e+00
0.000000000000000000e+00
0.000000000000000000e+00
0.000000000000000000e+00
0.000000000000000000e+00
0.000000000000000000e+00
0.000000000000000000e+00
0.000000000000000000e+00
0.000000000000000000e+00
0.000000000000000000e+00
3.567662485900986447e-01
4.187262051867021162e-01
9.631194611827932628e-02
3.334509286954400603e-03
2.596933942896369543e-03
7.740976681911806642e-03
7.398412049568545276e-04
1.465035855959305824e-04
1.613102899967899133e-04
2.117726444776629120e-05
1.300268540167241380e-04
7.329360144984922547e-05
1.142043743138167514e-04
1.069272990932585029e-05
5.011391371054092510e-06
0.000000000000000000e+00
0.000000000000000000e+00
0.000000000000000000e+00
0.000000000000000000e+00
0.000000000000000000e+00
0.000000000000000000e+00
0.000000000000000000e+00
0.000000000000000000e+00
0.000000000000000000e+00
0.000000000000000000e+00
0.000000000000000000e+00
0.000000000000000000e+00
5.555274888136879641e-01
2.938250566546011799e-01
9.820093107586294265e-03
7.647972156045798088e-03
2.279711758109167000e-02
2.178834876753655506e-03
4.314483757649959081e-04
4.750537004008827655e-04
6.236659924620797219e-05
3.829277933473881380e-04
2.158526809415758777e-04
3.363292580174512747e-04
3.149148127902493444e-05
1.497073783123775473e-05
0.000000000000000000e+00
0.000000000000000000e+00
0.000000000000000000e+00
0.000000000000000000e+00
0.000000000000000000e+00
0.000000000000000000e+00
0.000000000000000000e+00
0.000000000000000000e+00
0.000000000000000000e+00
0.000000000000000000e+00
0.000000000000000000e+00
0.000000000000000000e+00
0.000000000000000000e+00
6.237302892534852816e-01
6.612075447824843077e-02
4.666598486859337841e-02
1.391006369155571298e-01
1.329455267220381633e-02
2.632562659235789838e-03
2.898624702154718302e-03
3.805437304020390949e-04
2.336499921983147075e-03
1.317051852647837607e-03
2.052181137119438344e-03
1.921441803422183677e-04
9.191211330297751139e-05
0.000000000000000000e+00
0.000000000000000000e+00
0.000000000000000000e+00
0.000000000000000000e+00
0.000000000000000000e+00
0.000000000000000000e+00
0.000000000000000000e+00
0.000000000000000000e+00
0.000000000000000000e+00
0.000000000000000000e+00
0.000000000000000000e+00
0.000000000000000000e+00
0.000000000000000000e+00
0.000000000000000000e+00
2.172850000000000059e-01
1.871829999999999883e-01
3.743224499999996957e-01
3.577536000000000604e-02
7.084140000000005259e-03
7.800120000000000664e-03
1.024039999999999933e-03
6.287473000000000888e-03
3.544156000000000129e-03
5.522365000000000433e-03
5.170490000000001109e-04
2.475286999999999735e-04
0.000000000000000000e+00
0.000000000000000000e+00
0.000000000000000000e+00
0.000000000000000000e+00
0.000000000000000000e+00
0.000000000000000000e+00
0.000000000000000000e+00
0.000000000000000000e+00
0.000000000000000000e+00
0.000000000000000000e+00
0.000000000000000000e+00
0.000000000000000000e+00
0.000000000000000000e+00
0.000000000000000000e+00
0.000000000000000000e+00
2.263789999999999969e-01
5.443109999999992121e-01
4.611774999999999902e-02
9.132139999999995192e-03
1.005511000000000252e-02
1.320080000000000602e-03
8.105129999999998586e-03
4.568750999999995031e-03
7.118854000000006919e-03
6.665260000000002927e-04
3.191219000000001540e-04
0.000000000000000000e+00
0.000000000000000000e+00
0.000000000000000000e+00
0.000000000000000000e+00
0.000000000000000000e+00
0.000000000000000000e+00
0.000000000000000000e+00
0.000000000000000000e+00
0.000000000000000000e+00
0.000000000000000000e+00
0.000000000000000000e+00
0.000000000000000000e+00
0.000000000000000000e+00
0.000000000000000000e+00
0.000000000000000000e+00
0.000000000000000000e+00
5.768000757729059291e-01
1.642297202438755266e-01
3.062232880898256224e-02
3.350674014462302203e-02
4.362108743286356033e-03
2.629092085421376804e-02
1.398630278396784631e-02
1.732316400640939585e-02
8.128357963000505627e-04
2.172506630754377323e-04
0.000000000000000000e+00
0.000000000000000000e+00
0.000000000000000000e+00
0.000000000000000000e+00
0.000000000000000000e+00
0.000000000000000000e+00
0.000000000000000000e+00
0.000000000000000000e+00
0.000000000000000000e+00
0.000000000000000000e+00
0.000000000000000000e+00
0.000000000000000000e+00
0.000000000000000000e+00
0.000000000000000000e+00
0.000000000000000000e+00
0.000000000000000000e+00
2.043067281837976108e-03
4.569378193590976078e-01
1.205849093682479917e-01
1.109331412783552823e-01
1.410786068416842835e-02
8.578498060186511009e-02
4.574297113994817837e-02
5.518159637698659414e-02
2.339236647840495838e-03
5.380154090055859961e-04
0.000000000000000000e+00
0.000000000000000000e+00
0.000000000000000000e+00
0.000000000000000000e+00
0.000000000000000000e+00
0.000000000000000000e+00
0.000000000000000000e+00
0.000000000000000000e+00
0.000000000000000000e+00
0.000000000000000000e+00
0.000000000000000000e+00
0.000000000000000000e+00
0.000000000000000000e+00
0.000000000000000000e+00
0.000000000000000000e+00
0.000000000000000000e+00
2.516217439386309733e-09
2.262975209966433185e-02
3.243065818876471607e-01
2.460119037725095603e-01
2.498398734088538853e-02
1.381314330913785970e-01
7.278610950578960626e-02
8.837517532009765697e-02
3.680024429848092506e-03
8.424119241284646654e-04
0.000000000000000000e+00
0.000000000000000000e+00
0.000000000000000000e+00
0.000000000000000000e+00
0.000000000000000000e+00
0.000000000000000000e+00
0.000000000000000000e+00
0.000000000000000000e+00
0.000000000000000000e+00
0.000000000000000000e+00
0.000000000000000000e+00
0.000000000000000000e+00
0.000000000000000000e+00
0.000000000000000000e+00
0.000000000000000000e+00
0.000000000000000000e+00
0.000000000000000000e+00
6.858268965862358672e-04
2.341664609733314778e-02
4.095552007221917035e-01
5.350239144436767791e-02
2.385911819318688731e-01
1.064680345495995772e-01
1.209312770339585896e-01
4.878235985404595458e-03
1.110193377022336298e-03
0.000000000000000000e+00
0.000000000000000000e+00
0.000000000000000000e+00
0.000000000000000000e+00
0.000000000000000000e+00
0.000000000000000000e+00
0.000000000000000000e+00
0.000000000000000000e+00
0.000000000000000000e+00
0.000000000000000000e+00
0.000000000000000000e+00
0.000000000000000000e+00
0.000000000000000000e+00
0.000000000000000000e+00
0.000000000000000000e+00
0.000000000000000000e+00
0.000000000000000000e+00
4.727898117260002616e-05
1.902513999999999681e-03
1.131678800000000124e-01
1.839899999999999869e-01
3.861074000000001005e-01
1.460618999999999668e-01
1.580216499999999302e-01
6.049130000000002387e-03
1.368008400000001205e-03
0.000000000000000000e+00
0.000000000000000000e+00
0.000000000000000000e+00
0.000000000000000000e+00
0.000000000000000000e+00
0.000000000000000000e+00
0.000000000000000000e+00
0.000000000000000000e+00
0.000000000000000000e+00
0.000000000000000000e+00
0.000000000000000000e+00
0.000000000000000000e+00
0.000000000000000000e+00
0.000000000000000000e+00
0.000000000000000000e+00
0.000000000000000000e+00
0.000000000000000000e+00
8.797921264522373823e-06
3.761921594084134636e-04
2.183926017043022472e-02
1.666862394075326395e-02
5.152298453331868311e-01
2.502952127641572821e-01
2.423697318345681695e-01
8.965297377546338486e-03
2.007027345878350470e-03
0.000000000000000000e+00
0.000000000000000000e+00
0.000000000000000000e+00
0.000000000000000000e+00
0.000000000000000000e+00
0.000000000000000000e+00
0.000000000000000000e+00
0.000000000000000000e+00
0.000000000000000000e+00
0.000000000000000000e+00
0.000000000000000000e+00
0.000000000000000000e+00
0.000000000000000000e+00
0.000000000000000000e+00
0.000000000000000000e+00
0.000000000000000000e+00
0.000000000000000000e+00
4.862495383884526132e-07
3.383157991327189173e-05
2.046931747086414965e-03
1.471473876875050487e-03
9.729169149418805118e-02
5.574010942775984301e-01
4.788994731690829898e-01
1.546493809630603358e-02
3.442747929749844730e-03
0.000000000000000000e+00
0.000000000000000000e+00
0.000000000000000000e+00
0.000000000000000000e+00
0.000000000000000000e+00
0.000000000000000000e+00
0.000000000000000000e+00
0.000000000000000000e+00
0.000000000000000000e+00
0.000000000000000000e+00
0.000000000000000000e+00
0.000000000000000000e+00
0.000000000000000000e+00
0.000000000000000000e+00
0.000000000000000000e+00
0.000000000000000000e+00
0.000000000000000000e+00
5.684756232450507345e-09
5.665969045108409089e-06
3.925430974808370678e-04
2.815428530626168250e-04
1.721715126852441449e-02
1.026234176767931022e-01
1.317783120927613183e+00
7.566664488608063066e-02
1.211391027995477321e-02
0.000000000000000000e+00
0.000000000000000000e+00
0.000000000000000000e+00
0.000000000000000000e+00
0.000000000000000000e+00
0.000000000000000000e+00
0.000000000000000000e+00
0.000000000000000000e+00
0.000000000000000000e+00
0.000000000000000000e+00
0.000000000000000000e+00
0.000000000000000000e+00
0.000000000000000000e+00
0.000000000000000000e+00
0.000000000000000000e+00
0.000000000000000000e+00
0.000000000000000000e+00
0.000000000000000000e+00
1.902794607752786811e-06
2.307058354733847508e-04
1.663852223871068717e-04
1.011802041818726794e-02
5.300883263335450651e-02
1.416999820382047304e+00
1.149941641262570702e+00
2.101491697904107059e-01
0.000000000000000000e+00
0.000000000000000000e+00
0.000000000000000000e+00
0.000000000000000000e+00
0.000000000000000000e+00
0.000000000000000000e+00
0.000000000000000000e+00
0.000000000000000000e+00
0.000000000000000000e+00
0.000000000000000000e+00
0.000000000000000000e+00
0.000000000000000000e+00
0.000000000000000000e+00
0.000000000000000000e+00
0.000000000000000000e+00
0.000000000000000000e+00
0.000000000000000000e+00
0.000000000000000000e+00
2.907562956239857496e-06
3.967483647077203399e-04
2.873340363506156976e-04
1.740598290071226906e-02
9.087665985467359431e-02
1.718602034524064681e+00
1.616559001351552061e+00
1.281230413645222166e+00
6.114262888696340298e-02
4.307709707501278934e-02
3.950008286595519530e-02
2.525231027959064494e-03
1.965497054670526430e-03
2.718871658904635589e-03
1.639600320602349094e-03
9.890076495081201111e-04
9.607307850343445223e-04
2.943446461970593894e-04
2.415828487135869909e-04
8.492788584692089778e-06
1.016900029023005283e-05
2.553329726302072086e-06
1.423226294079030632e-07
1.519384706076267126e-07
5.370839445895786087e-08
0.000000000000000000e+00
0.000000000000000000e+00
0.000000000000000000e+00
0.000000000000000000e+00
0.000000000000000000e+00
0.000000000000000000e+00
0.000000000000000000e+00
0.000000000000000000e+00
0.000000000000000000e+00
0.000000000000000000e+00
6.885263296605582950e-02
1.081606112046969992e-01
6.451371413707625464e-03
5.026023836418721732e-03
6.965159637684109790e-03
4.225854076993776180e-03
2.563601325279904562e-03
2.498339256312201960e-03
7.672300609010614678e-04
6.305102550260850269e-04
2.218622710854683340e-05
2.656870909199473716e-05
6.598392715813111973e-06
2.283226015822073892e-07
1.778418839987507998e-07
5.986969778305738531e-07
0.000000000000000000e+00
0.000000000000000000e+00
0.000000000000000000e+00
0.000000000000000000e+00
0.000000000000000000e+00
0.000000000000000000e+00
0.000000000000000000e+00
0.000000000000000000e+00
0.000000000000000000e+00
0.000000000000000000e+00
0.000000000000000000e+00
2.161739927141019257e-01
3.872993025487292407e-02
2.586261504386853233e-02
3.584515119283823714e-02
2.175022428811378486e-02
1.319554388941908407e-02
1.286031278851584511e-02
3.949471828539976616e-03
3.245721123845171554e-03
1.142075246052851289e-04
1.367686678997784549e-04
3.396599337856250447e-05
1.175976102563713523e-06
9.158149857227336387e-07
3.050542113007313322e-06
1.265468246189169144e-07
0.000000000000000000e+00
0.000000000000000000e+00
0.000000000000000000e+00
0.000000000000000000e+00
0.000000000000000000e+00
0.000000000000000000e+00
0.000000000000000000e+00
0.000000000000000000e+00
0.000000000000000000e+00
0.000000000000000000e+00
0.000000000000000000e+00
2.263420000000000154e-01
2.043329999999998758e-01
1.190049999999999858e-01
7.221009999999997153e-02
4.381240000000000134e-02
4.270167000000000407e-02
1.311445000000001186e-02
1.077777900000000642e-02
3.792389999999999650e-04
4.541600999999994941e-04
1.127887299999999477e-04
3.904699999999997530e-06
3.040999999999998921e-06
9.065978999999993384e-06
1.570557999999999948e-06
0.000000000000000000e+00
0.000000000000000000e+00
0.000000000000000000e+00
0.000000000000000000e+00
0.000000000000000000e+00
0.000000000000000000e+00
0.000000000000000000e+00
0.000000000000000000e+00
0.000000000000000000e+00
0.000000000000000000e+00
0.000000000000000000e+00
0.000000000000000000e+00
1.142329999999999596e-01
2.500320000000000320e-01
1.055052999999998992e-01
6.401579999999995607e-02
6.239449999999999164e-02
1.916276999999999217e-02
1.574853400000000847e-02
5.541529999999999373e-04
6.636180000000000421e-04
1.648083300000001568e-04
5.706269999999997799e-06
4.443689999999997938e-06
1.324807100000000518e-05
2.316442999999999244e-06
0.000000000000000000e+00
0.000000000000000000e+00
0.000000000000000000e+00
0.000000000000000000e+00
0.000000000000000000e+00
0.000000000000000000e+00
0.000000000000000000e+00
0.000000000000000000e+00
0.000000000000000000e+00
0.000000000000000000e+00
0.000000000000000000e+00
0.000000000000000000e+00
0.000000000000000000e+00
2.149559590868887204e-01
2.146176567821025116e-01
1.125380763798739109e-01
1.096917537403725718e-01
3.368946200078325182e-02
2.768732815930525018e-02
9.742482540134467109e-04
1.166703798812695298e-03
2.897458799783154200e-04
1.003180724218230017e-05
7.812789748655085594e-06
2.328941913545819634e-05
2.343824881907915827e-06
1.075311126198567201e-06
7.010196849175125257e-07
0.000000000000000000e+00
0.000000000000000000e+00
0.000000000000000000e+00
0.000000000000000000e+00
0.000000000000000000e+00
0.000000000000000000e+00
0.000000000000000000e+00
0.000000000000000000e+00
0.000000000000000000e+00
0.000000000000000000e+00
0.000000000000000000e+00
0.000000000000000000e+00
2.478746911933249752e-01
2.599822287689317890e-01
2.250582400770960168e-01
6.912340390488705411e-02
5.680886651953709343e-02
1.998973110459485985e-03
2.393861030150067504e-03
5.945134175620146602e-04
2.058265378544884769e-05
1.603025590261009749e-05
4.778177492115742324e-05
4.567332655608738716e-06
9.049598211629766143e-07
1.560617843270560500e-06
3.219336931593477828e-07
1.179261464486213697e-06
0.000000000000000000e+00
0.000000000000000000e+00
0.000000000000000000e+00
0.000000000000000000e+00
0.000000000000000000e+00
0.000000000000000000e+00
0.000000000000000000e+00
0.000000000000000000e+00
0.000000000000000000e+00
0.000000000000000000e+00
0.000000000000000000e+00
2.815484078276342950e-01
4.731127570657184811e-01
1.362662973555832380e-01
1.119907467141443708e-01
3.940705947545193426e-03
4.719172957495911327e-03
1.171988247102616690e-03
4.057680851282279889e-05
3.160166342754430990e-05
9.420072444146742588e-05
9.004399451945688089e-06
1.781202862569912772e-06
1.962651817304966896e-06
2.557190369139336343e-07
2.442881226811547582e-06
1.437934855341697480e-06
0.000000000000000000e+00
0.000000000000000000e+00
0.000000000000000000e+00
0.000000000000000000e+00
0.000000000000000000e+00
0.000000000000000000e+00
0.000000000000000000e+00
0.000000000000000000e+00
0.000000000000000000e+00
0.000000000000000000e+00
0.000000000000000000e+00
5.052366605262539334e-01
3.741825519527104404e-01
2.956628595108117263e-01
1.040375769150206180e-02
1.245897843365014780e-02
3.094142873785159925e-03
1.071244566060802972e-04
8.343119287445345002e-05
2.486888901557052787e-04
2.376831583350441667e-05
4.707074651285754035e-06
5.182705983176642526e-06
6.811141755382497265e-07
4.177325186140764487e-06
2.772089702207560150e-06
3.572326608930238308e-06
0.000000000000000000e+00
0.000000000000000000e+00
0.000000000000000000e+00
0.000000000000000000e+00
0.000000000000000000e+00
0.000000000000000000e+00
0.000000000000000000e+00
0.000000000000000000e+00
0.000000000000000000e+00
0.000000000000000000e+00
0.000000000000000000e+00
4.693956203272225403e-01
8.129871457336069751e-01
2.789590276289693332e-02
3.340663429064662932e-02
8.296438684001660596e-03
2.872384961754595955e-04
2.237011194760957699e-04
6.668250219254189589e-04
6.373119672256887533e-05
1.262045483194562998e-05
1.389483171237902457e-05
1.823729456111512653e-06
1.119975914084055433e-05
6.315588376569055700e-06
1.098665791928385484e-05
0.000000000000000000e+00
0.000000000000000000e+00
0.000000000000000000e+00
0.000000000000000000e+00
0.000000000000000000e+00
0.000000000000000000e+00
0.000000000000000000e+00
0.000000000000000000e+00
0.000000000000000000e+00
0.000000000000000000e+00
0.000000000000000000e+00
0.000000000000000000e+00
9.587381033966611010e-01
1.991830157212647889e-01
2.311464905322127006e-01
5.740451656058723207e-02
1.987450402115691853e-03
1.547841497003039956e-03
4.613817096371990341e-03
4.409674406448521578e-04
8.732081374875055033e-05
9.614479029256239569e-05
1.262224681688239618e-05
7.750002761603603130e-05
4.368504638879503306e-05
6.859578579943237603e-05
6.840457757027770775e-06
1.827205650762736028e-06
0.000000000000000000e+00
0.000000000000000000e+00
0.000000000000000000e+00
0.000000000000000000e+00
0.000000000000000000e+00
0.000000000000000000e+00
0.000000000000000000e+00
0.000000000000000000e+00
0.000000000000000000e+00
0.000000000000000000e+00
0.000000000000000000e+00
3.862834278269562938e-01
8.612572973258566522e-01
2.061871823629041200e-01
7.138599648630905743e-03
5.559577742749317354e-03
1.657205222010179474e-02
1.583871061115112036e-03
3.136388089532612380e-04
3.453371518331421731e-04
4.533679074176034035e-05
2.783645497534784920e-04
1.569087080548949714e-04
2.444914562502367023e-04
2.289126261686546060e-05
1.072867993655782153e-05
0.000000000000000000e+00
0.000000000000000000e+00
0.000000000000000000e+00
0.000000000000000000e+00
0.000000000000000000e+00
0.000000000000000000e+00
0.000000000000000000e+00
0.000000000000000000e+00
0.000000000000000000e+00
0.000000000000000000e+00
0.000000000000000000e+00
0.000000000000000000e+00
7.736183338077953220e-01
6.207725326618828143e-01
2.113272219630417045e-02
1.645832392724421583e-02
4.905912374249976615e-02
4.688820842502661179e-03
9.284711580691244618e-04
1.022308803069991133e-03
1.342121570067280755e-04
8.240556828761557654e-04
4.645121812947480811e-04
7.237759616131141842e-04
6.776924000483202921e-05
3.221881567242303266e-05
0.000000000000000000e+00
0.000000000000000000e+00
0.000000000000000000e+00
0.000000000000000000e+00
0.000000000000000000e+00
0.000000000000000000e+00
0.000000000000000000e+00
0.000000000000000000e+00
0.000000000000000000e+00
0.000000000000000000e+00
0.000000000000000000e+00
0.000000000000000000e+00
0.000000000000000000e+00
8.946365229243607997e-01
1.382137422221518253e-01
1.016277481251587900e-01
3.029310184140973083e-01
2.895263193468457577e-02
5.733151672737660416e-03
6.312569141328317618e-03
8.287410078992210171e-04
5.088388148594550839e-03
2.868252731470839582e-03
4.469204477244062036e-03
4.184483889011215681e-04
2.001730771964813809e-04
0.000000000000000000e+00
0.000000000000000000e+00
0.000000000000000000e+00
0.000000000000000000e+00
0.000000000000000000e+00
0.000000000000000000e+00
0.000000000000000000e+00
0.000000000000000000e+00
0.000000000000000000e+00
0.000000000000000000e+00
0.000000000000000000e+00
0.000000000000000000e+00
0.000000000000000000e+00
0.000000000000000000e+00
2.235179999999999390e-01
3.293719999999999981e-01
7.969417000000001972e-01
7.616734999999989764e-02
1.508244000000000425e-02
1.660680000000000489e-02
2.180210000000000134e-03
1.338628999999998646e-02
7.545659999999997439e-03
1.175735700000000300e-02
1.100819000000000276e-03
5.269996999999998055e-04
0.000000000000000000e+00
0.000000000000000000e+00
0.000000000000000000e+00
0.000000000000000000e+00
0.000000000000000000e+00
0.000000000000000000e+00
0.000000000000000000e+00
0.000000000000000000e+00
0.000000000000000000e+00
0.000000000000000000e+00
0.000000000000000000e+00
0.000000000000000000e+00
0.000000000000000000e+00
0.000000000000000000e+00
0.000000000000000000e+00
2.235779999999999990e-01
1.085674800000000717e+00
9.783560000000013357e-02
1.937320000000000361e-02
2.133123999999999090e-02
2.800450000000000335e-03
1.719450000000000492e-02
9.692299999999999180e-03
1.510215600000000026e-02
1.413992000000000200e-03
6.769963000000004489e-04
0.000000000000000000e+00
0.000000000000000000e+00
0.000000000000000000e+00
0.000000000000000000e+00
0.000000000000000000e+00
0.000000000000000000e+00
0.000000000000000000e+00
0.000000000000000000e+00
0.000000000000000000e+00
0.000000000000000000e+00
0.000000000000000000e+00
0.000000000000000000e+00
0.000000000000000000e+00
0.000000000000000000e+00
0.000000000000000000e+00
0.000000000000000000e+00
8.915921066953947927e-01
3.366637111357936862e-01
6.452050228794738163e-02
7.071771562439725656e-02
9.233611160753271013e-03
5.601576768821308477e-02
3.039920966269118660e-02
4.056733408175408617e-02
2.525143366547584478e-03
9.369341377667971546e-04
0.000000000000000000e+00
0.000000000000000000e+00
0.000000000000000000e+00
0.000000000000000000e+00
0.000000000000000000e+00
0.000000000000000000e+00
0.000000000000000000e+00
0.000000000000000000e+00
0.000000000000000000e+00
0.000000000000000000e+00
0.000000000000000000e+00
0.000000000000000000e+00
0.000000000000000000e+00
0.000000000000000000e+00
0.000000000000000000e+00
0.000000000000000000e+00
9.106557036324259939e-04
6.531559362408689839e-01
2.393722341778077300e-01
2.319690979750837212e-01
2.995774618978534060e-02
1.839440104605069015e-01
9.897964439482348498e-02
1.203348921074777061e-01
5.123110449471617207e-03
1.178501060154201483e-03
0.000000000000000000e+00
0.000000000000000000e+00
0.000000000000000000e+00
0.000000000000000000e+00
0.000000000000000000e+00
0.000000000000000000e+00
0.000000000000000000e+00
0.000000000000000000e+00
0.000000000000000000e+00
0.000000000000000000e+00
0.000000000000000000e+00
0.000000000000000000e+00
0.000000000000000000e+00
0.000000000000000000e+00
0.000000000000000000e+00
0.000000000000000000e+00
0.000000000000000000e+00
1.202409909122472212e-02
4.289257629621215928e-01
4.776079792710148930e-01
5.154765840132618376e-02
2.887646459544844779e-01
1.553778944443499899e-01
1.914493372523227155e-01
7.927094240089796115e-03
1.811794232456418081e-03
0.000000000000000000e+00
0.000000000000000000e+00
0.000000000000000000e+00
0.000000000000000000e+00
0.000000000000000000e+00
0.000000000000000000e+00
0.000000000000000000e+00
0.000000000000000000e+00
0.000000000000000000e+00
0.000000000000000000e+00
0.000000000000000000e+00
0.000000000000000000e+00
0.000000000000000000e+00
0.000000000000000000e+00
0.000000000000000000e+00
0.000000000000000000e+00
0.000000000000000000e+00
1.261974576403990716e-05
1.305701512088491313e-02
5.919899874209643142e-01
9.973660069221565450e-02
4.840190214158806015e-01
2.283307887925591639e-01
2.574165621632471534e-01
1.005845377756335937e-02
2.273254832480071149e-03
0.000000000000000000e+00
0.000000000000000000e+00
0.000000000000000000e+00
0.000000000000000000e+00
0.000000000000000000e+00
0.000000000000000000e+00
0.000000000000000000e+00
0.000000000000000000e+00
0.000000000000000000e+00
0.000000000000000000e+00
0.000000000000000000e+00
0.000000000000000000e+00
0.000000000000000000e+00
0.000000000000000000e+00
0.000000000000000000e+00
0.000000000000000000e+00
0.000000000000000000e+00
7.492082200000001572e-08
4.730382999999998786e-05
1.091845169999999254e-01
2.516479999999999828e-01
7.346450999999996068e-01
3.101325999999997585e-01
3.422465300000000488e-01
1.231436999999999289e-02
2.740248000000001551e-03
0.000000000000000000e+00
0.000000000000000000e+00
0.000000000000000000e+00
0.000000000000000000e+00
0.000000000000000000e+00
0.000000000000000000e+00
0.000000000000000000e+00
0.000000000000000000e+00
0.000000000000000000e+00
0.000000000000000000e+00
0.000000000000000000e+00
0.000000000000000000e+00
0.000000000000000000e+00
0.000000000000000000e+00
0.000000000000000000e+00
0.000000000000000000e+00
0.000000000000000000e+00
7.515048533288127187e-09
3.955593262300591869e-06
6.806030910269145889e-03
1.447661558672772540e-02
8.043807209147935122e-01
5.051441037858062089e-01
5.194662787374004775e-01
1.895067127099154397e-02
4.179745535706016341e-03
0.000000000000000000e+00
0.000000000000000000e+00
0.000000000000000000e+00
0.000000000000000000e+00
0.000000000000000000e+00
0.000000000000000000e+00
0.000000000000000000e+00
0.000000000000000000e+00
0.000000000000000000e+00
0.000000000000000000e+00
0.000000000000000000e+00
0.000000000000000000e+00
0.000000000000000000e+00
0.000000000000000000e+00
0.000000000000000000e+00
0.000000000000000000e+00
0.000000000000000000e+00
7.646796701257414500e-11
3.691551699009355863e-08
4.126158756093354507e-05
6.521038747612562837e-05
5.062015785930589623e-02
9.285961999737456507e-01
1.054726087316445016e+00
3.250127707155609641e-02
7.123472879562549147e-03
0.000000000000000000e+00
0.000000000000000000e+00
0.000000000000000000e+00
0.000000000000000000e+00
0.000000000000000000e+00
0.000000000000000000e+00
0.000000000000000000e+00
0.000000000000000000e+00
0.000000000000000000e+00
0.000000000000000000e+00
0.000000000000000000e+00
0.000000000000000000e+00
0.000000000000000000e+00
0.000000000000000000e+00
0.000000000000000000e+00
0.000000000000000000e+00
0.000000000000000000e+00
5.528365959697540652e-13
1.242161968403053450e-09
9.791189799599960115e-07
1.506842172179141754e-06
8.682726872431317713e-04
2.774557008002300970e-02
2.706626801668035043e+00
2.538035525136930204e-01
2.514163060813043651e-02
0.000000000000000000e+00
0.000000000000000000e+00
0.000000000000000000e+00
0.000000000000000000e+00
0.000000000000000000e+00
0.000000000000000000e+00
0.000000000000000000e+00
0.000000000000000000e+00
0.000000000000000000e+00
0.000000000000000000e+00
0.000000000000000000e+00
0.000000000000000000e+00
0.000000000000000000e+00
0.000000000000000000e+00
0.000000000000000000e+00
0.000000000000000000e+00
0.000000000000000000e+00
0.000000000000000000e+00
3.145242643764848929e-10
2.455458886004372888e-07
3.472364482051847421e-07
1.893128840549864356e-04
4.655005158374376367e-03
1.571681268402365106e+00
2.534548502018346916e+00
4.218467564524499558e-01
0.000000000000000000e+00
0.000000000000000000e+00
0.000000000000000000e+00
0.000000000000000000e+00
0.000000000000000000e+00
0.000000000000000000e+00
0.000000000000000000e+00
0.000000000000000000e+00
0.000000000000000000e+00
0.000000000000000000e+00
0.000000000000000000e+00
0.000000000000000000e+00
0.000000000000000000e+00
0.000000000000000000e+00
0.000000000000000000e+00
0.000000000000000000e+00
0.000000000000000000e+00
0.000000000000000000e+00
4.400595597978812428e-10
3.384391420514933195e-07
4.732020340638803615e-07
2.520732471264521793e-04
6.122701251269588828e-03
9.240526646728393079e-01
2.549242390220066934e+00
2.627902183644688971e+00
