1.756621297964076900e-01
1.546903192865713150e-02
6.839495150019557664e-03
3.678291991458228161e+00
8.344747478967536221e-04
1.361739999999999895e-01
1.969838073435593306e-01
1.224031039756874606e-02
4.674571737993253942e-03
3.027317558539330378e+00
0.000000000000000000e+00
2.164400000000000213e-01
2.332886711144113723e-01
9.424067487998691317e-03
4.163731932254728652e-03
2.419533643135720613e+00
0.000000000000000000e+00
2.358999999999999986e-01
3.337724113608045440e-01
1.557732660992718066e-03
1.540629956584113960e-03
1.569895859711239794e+00
0.000000000000000000e+00
1.779100000000000126e-01
4.739763933632489268e-01
1.003660623202178200e-03
1.471685481807050340e-03
1.271406207528344989e+00
0.000000000000000000e+00
2.238999999999999879e-01
7.622853008623137194e-01
1.474562003237093110e-03
3.630543619720871373e-03
8.018632760937119963e-01
0.000000000000000000e+00
8.964199999999998558e-03
8.883515870229310440e-01
2.891020814095163465e-03
7.690159309041380391e-03
7.016244197109647862e-01
0.000000000000000000e+00
6.717900000000001258e-04
9.023806422149074358e-01
5.298961573148706916e-03
1.180295611047081465e-02
6.995772349322927353e-01
0.000000000000000000e+00
2.378900000000000212e-05
8.987950273135136836e-01
8.557030514239380437e-03
1.675079783206686462e-02
5.642061089070440350e-01
0.000000000000000000e+00
8.905999999999999095e-06
9.328147991002524453e-01
1.521339807847436713e-02
3.075632907605770072e-02
3.843875382266017104e-01
0.000000000000000000e+00
2.370419999999999914e-06
9.542388268114523342e-01
3.393506845751854961e-02
4.864887501968944566e-02
4.921642588800558826e-01
0.000000000000000000e+00
1.251400000000000207e-07
9.174387699186942191e-01
2.417354290359437566e-02
4.817647087042459947e-02
6.298997023230963332e-01
0.000000000000000000e+00
5.912389999999999515e-08
9.113044362504549856e-01
3.234369795377825541e-02
2.298563810479302069e-02
6.414816019659794755e-01
0.000000000000000000e+00
6.552699999999999509e-10
9.787727500621817844e-01
5.588978838110586489e-02
3.508858078086444371e-02
5.511058774605764876e-01
0.000000000000000000e+00
2.222640000000000247e-10
1.066000000000000503e+00
9.561000000000004218e-02
5.703000000000001818e-02
4.804000000000001602e-01
0.000000000000000000e+00
8.496999999999999842e-12
1.087000000000000632e+00
1.079000000000000792e-01
6.395000000000004847e-02
4.672000000000002817e-01
0.000000000000000000e+00
7.966999999999999475e-12
1.219887596324140011e+00
1.318682301936751067e-01
8.029870816700088176e-02
3.949760096223878247e-01
0.000000000000000000e+00
5.740300000000000976e-11
1.653008306765256563e+00
2.201849488692398937e-01
1.305116701011187486e-01
2.689548134251297795e-01
0.000000000000000000e+00
1.801790000000000222e-11
3.029999372171295224e+00
4.673364781362852050e-01
2.813416654065388767e-01
1.279136840352512183e-01
0.000000000000000000e+00
1.315479999999999964e-12
9.773053949375533733e+00
1.005409463236609069e+00
7.018068159040581344e-01
3.582684906874541997e-02
0.000000000000000000e+00
6.088599999999999579e-15
1.571275705169050130e-01
0.000000000000000000e+00
2.048662910577374926e-03
5.027539529977176791e+00
0.000000000000000000e+00
3.738400000000000056e-02
2.062101788209741160e-01
0.000000000000000000e+00
1.540921064179122507e-05
3.699243256560142523e+00
0.000000000000000000e+00
1.869200000000000028e-02
2.742742929295604593e-01
0.000000000000000000e+00
5.749542233044291313e-06
2.648249725827124923e+00
0.000000000000000000e+00
1.869200000000000028e-02
4.095542794127659536e-01
0.000000000000000000e+00
5.730969263008733597e-06
1.604287727808634934e+00
0.000000000000000000e+00
1.869200000000000028e-02
6.604574393960572776e-01
0.000000000000000000e+00
7.592650563114773475e-06
1.217835883843363165e+00
0.000000000000000000e+00
8.411399999999999433e-02
1.211859693518114511e+00
0.000000000000000000e+00
1.627243380066066203e-05
6.916975465998554951e-01
0.000000000000000000e+00
6.542200000000000792e-02
1.437070779838000245e+00
0.000000000000000000e+00
4.778691272791400692e-05
5.969400614714444053e-01
0.000000000000000000e+00
7.476800000000000113e-02
1.480335130500495477e+00
0.000000000000000000e+00
9.411708512949994621e-05
5.818993738496666124e-01
0.000000000000000000e+00
2.803800000000000042e-02
1.487252733859852238e+00
0.000000000000000000e+00
1.471917804129432199e-04
5.794740909936521023e-01
0.000000000000000000e+00
3.738400000000000056e-02
1.491429911987034229e+00
0.000000000000000000e+00
2.998889689798692150e-04
5.780566328829527256e-01
0.000000000000000000e+00
6.542200000000000792e-02
1.493000000000000327e+00
0.000000000000000000e+00
5.460086695366538284e-04
5.774001806122419644e-01
0.000000000000000000e+00
2.803800000000000042e-02
1.499900948627725716e+00
0.000000000000000000e+00
1.419135448620052753e-03
5.752420555743400499e-01
0.000000000000000000e+00
1.028059999999999807e-01
1.557638874956035924e+00
0.000000000000000000e+00
3.149128308505084496e-03
5.698262140900929307e-01
0.000000000000000000e+00
5.607600000000000084e-02
1.662472974498727663e+00
0.000000000000000000e+00
4.665960213781496224e-03
5.628068668794701246e-01
0.000000000000000000e+00
6.542200000000000792e-02
1.792000000000000703e+00
0.000000000000000000e+00
5.744000000000001709e-03
5.568999999999998396e-01
0.000000000000000000e+00
9.346000000000000141e-03
1.816999999999999726e+00
0.000000000000000000e+00
5.932999999999998171e-03
5.557999999999998497e-01
0.000000000000000000e+00
9.346000000000000141e-03
2.080482829403463185e+00
0.000000000000000000e+00
8.255608292037763113e-03
5.390520044484746753e-01
0.000000000000000000e+00
1.028059999999999807e-01
2.951404096420179091e+00
0.000000000000000000e+00
1.549241929597914083e-02
4.712010760053462199e-01
0.000000000000000000e+00
1.028059999999999807e-01
4.484805666710149019e+00
0.000000000000000000e+00
3.164911760365590743e-02
3.369382121157726284e-01
0.000000000000000000e+00
5.607600000000000084e-02
9.559248437094225892e+00
0.000000000000000000e+00
1.192754819324765708e-01
1.119720954348281672e-01
0.000000000000000000e+00
1.869200000000000028e-02
