9.043628393193972603e-02
3.087184299032576934e-02
1.381924757861911421e-02
1.171479829286000036e-02
2.137019837499923303e-02
1.247106263983190555e-03
1.565556509186648694e-04
1.171320302848411693e-05
6.541589042781353198e-06
3.122658228735271041e-06
3.455601891067578913e-07
3.003697463407936089e-07
0.000000000000000000e+00
0.000000000000000000e+00
0.000000000000000000e+00
0.000000000000000000e+00
0.000000000000000000e+00
0.000000000000000000e+00
0.000000000000000000e+00
0.000000000000000000e+00
0.000000000000000000e+00
1.008289576167840512e-01
3.410827546760655804e-02
2.046175641846786561e-02
3.410235760859351567e-02
2.397657600487199548e-03
3.617745654416376676e-04
2.870760851902777453e-05
1.616049222132022944e-05
7.747413464661570280e-06
8.588102947978923372e-07
7.560126185443494016e-07
0.000000000000000000e+00
0.000000000000000000e+00
0.000000000000000000e+00
0.000000000000000000e+00
0.000000000000000000e+00
0.000000000000000000e+00
0.000000000000000000e+00
0.000000000000000000e+00
0.000000000000000000e+00
0.000000000000000000e+00
1.161572498652228003e-01
5.107990003771421123e-02
5.656569394799227518e-02
4.489347586804115151e-03
7.500775115652562287e-04
6.084787437420699220e-05
3.436031169792953468e-05
1.650291654173999739e-05
1.830567754834145359e-06
1.622177688698899658e-06
0.000000000000000000e+00
0.000000000000000000e+00
0.000000000000000000e+00
0.000000000000000000e+00
0.000000000000000000e+00
0.000000000000000000e+00
0.000000000000000000e+00
0.000000000000000000e+00
0.000000000000000000e+00
0.000000000000000000e+00
0.000000000000000000e+00
1.877013110704849885e-01
1.333829653763022871e-01
9.336966875713391054e-03
1.604226234201608673e-03
1.303236613340861595e-04
7.356450988177252103e-05
3.531516478570552415e-05
3.915693975828929635e-06
3.483037626501424291e-06
4.376223989471049687e-14
0.000000000000000000e+00
0.000000000000000000e+00
0.000000000000000000e+00
0.000000000000000000e+00
0.000000000000000000e+00
0.000000000000000000e+00
0.000000000000000000e+00
0.000000000000000000e+00
0.000000000000000000e+00
0.000000000000000000e+00
0.000000000000000000e+00
3.719658421319629871e-01
8.389153599383838977e-02
1.440651030858187444e-02
1.189306885234346330e-03
6.730142317781759613e-04
3.236075235995246389e-04
3.591101655259040277e-05
3.013729404411560756e-05
1.191245765248910815e-06
5.966634044090986597e-07
2.827625784259896180e-08
2.693107262063028622e-08
1.278314012762675253e-07
0.000000000000000000e+00
0.000000000000000000e+00
0.000000000000000000e+00
0.000000000000000000e+00
0.000000000000000000e+00
0.000000000000000000e+00
0.000000000000000000e+00
0.000000000000000000e+00
5.137433974899553446e-01
2.128921248030923863e-01
1.689498821658283120e-02
9.560582018170955820e-03
4.597015929079240060e-03
5.101408430382227454e-04
4.275101679887752118e-04
1.540537955268544984e-05
7.665529790470996467e-06
3.772304910034217795e-07
3.654176013833065280e-07
3.518991541165457952e-06
1.778792058022314669e-06
0.000000000000000000e+00
0.000000000000000000e+00
0.000000000000000000e+00
0.000000000000000000e+00
0.000000000000000000e+00
0.000000000000000000e+00
0.000000000000000000e+00
0.000000000000000000e+00
6.111685449623159849e-01
1.457643724349127201e-01
7.820887565555670329e-02
3.760641316863202327e-02
4.173308525087495759e-03
3.497331648879367996e-03
1.260241167677340977e-04
6.271353920578709689e-05
3.087014324963546691e-06
2.989146011884985990e-06
2.639754070755730920e-05
1.482886663049754280e-05
2.701211894135902010e-06
0.000000000000000000e+00
0.000000000000000000e+00
0.000000000000000000e+00
0.000000000000000000e+00
0.000000000000000000e+00
0.000000000000000000e+00
0.000000000000000000e+00
0.000000000000000000e+00
4.265285570903162848e-01
3.009689375784406762e-01
1.347092192707218805e-01
1.494913638351129913e-02
1.252773151007867403e-02
4.514343702261789932e-04
2.246432700274165616e-04
1.105709877433920322e-05
1.070754139532115159e-05
9.455871629512756671e-05
5.203635110205819480e-05
1.102858953881317843e-05
0.000000000000000000e+00
0.000000000000000000e+00
0.000000000000000000e+00
0.000000000000000000e+00
0.000000000000000000e+00
0.000000000000000000e+00
0.000000000000000000e+00
0.000000000000000000e+00
0.000000000000000000e+00
4.656122571650757602e-01
3.467711774751706111e-01
3.674743284641308894e-02
3.079527101999411653e-02
1.109693794645298702e-03
5.522043057081740943e-04
2.718160737463178302e-05
2.632061615218874793e-05
2.324408130330508947e-04
1.279127037865192610e-04
2.638849242813305184e-05
8.808173859146457232e-07
0.000000000000000000e+00
0.000000000000000000e+00
0.000000000000000000e+00
0.000000000000000000e+00
0.000000000000000000e+00
0.000000000000000000e+00
0.000000000000000000e+00
0.000000000000000000e+00
0.000000000000000000e+00
5.952751870450375682e-01
1.657812377827312111e-01
1.319798927009106226e-01
4.755841549414973821e-03
2.366599432724248841e-03
1.164935782988137406e-04
1.128008431936590098e-04
9.961721157847860855e-04
5.482005487593249711e-04
1.102172651874688863e-04
7.011935982153655188e-06
0.000000000000000000e+00
0.000000000000000000e+00
0.000000000000000000e+00
0.000000000000000000e+00
0.000000000000000000e+00
0.000000000000000000e+00
0.000000000000000000e+00
0.000000000000000000e+00
0.000000000000000000e+00
0.000000000000000000e+00
4.347146895274064393e-01
4.418713106926831502e-01
1.524165491816174313e-02
7.584547798158405331e-03
3.733421207295420092e-04
3.615102319682548799e-04
3.192558058390210056e-03
1.756888823096985821e-03
3.532199222396262403e-04
2.271597351780564378e-05
0.000000000000000000e+00
0.000000000000000000e+00
0.000000000000000000e+00
0.000000000000000000e+00
0.000000000000000000e+00
0.000000000000000000e+00
0.000000000000000000e+00
0.000000000000000000e+00
0.000000000000000000e+00
0.000000000000000000e+00
0.000000000000000000e+00
6.522969309245714165e-01
1.208359702617270992e-01
5.682355739085766938e-02
2.759605059964150876e-03
2.662980981489212074e-03
2.260324985972132078e-02
9.999115718361517233e-03
1.182342660343937372e-03
4.175478357351436926e-05
0.000000000000000000e+00
0.000000000000000000e+00
0.000000000000000000e+00
0.000000000000000000e+00
0.000000000000000000e+00
0.000000000000000000e+00
0.000000000000000000e+00
0.000000000000000000e+00
0.000000000000000000e+00
0.000000000000000000e+00
0.000000000000000000e+00
1.625219173549396221e-03
4.494716305784237642e-01
2.705054581429962579e-01
1.210260425417519596e-02
1.168291030392956155e-02
9.848405329849679868e-02
4.067711543981688410e-02
3.710842666171710897e-03
5.794268005078734540e-05
0.000000000000000000e+00
0.000000000000000000e+00
0.000000000000000000e+00
0.000000000000000000e+00
0.000000000000000000e+00
0.000000000000000000e+00
0.000000000000000000e+00
0.000000000000000000e+00
0.000000000000000000e+00
0.000000000000000000e+00
0.000000000000000000e+00
1.160975138640790950e-10
5.540513368872978552e-03
5.298985662231953109e-01
3.845941521650368677e-02
3.285172860322883859e-02
2.390691559149229761e-01
8.994499321034063466e-02
7.855359606062199684e-03
1.208964364814629007e-04
0.000000000000000000e+00
0.000000000000000000e+00
0.000000000000000000e+00
0.000000000000000000e+00
0.000000000000000000e+00
0.000000000000000000e+00
0.000000000000000000e+00
0.000000000000000000e+00
0.000000000000000000e+00
0.000000000000000000e+00
0.000000000000000000e+00
0.000000000000000000e+00
2.598311528000000915e-06
1.224583716000000877e-01
1.884810000000001207e-01
1.020680000000000476e-01
4.405218000000004075e-01
1.435690900000000658e-01
1.171400499999999609e-02
1.774911000000000327e-04
0.000000000000000000e+00
0.000000000000000000e+00
0.000000000000000000e+00
0.000000000000000000e+00
0.000000000000000000e+00
0.000000000000000000e+00
0.000000000000000000e+00
0.000000000000000000e+00
0.000000000000000000e+00
0.000000000000000000e+00
0.000000000000000000e+00
0.000000000000000000e+00
1.451722844700001235e-06
7.192123279999998453e-02
5.862590000000003632e-02
1.931590000000001084e-01
5.282243000000004240e-01
1.578709299999997151e-01
1.274877299999999970e-02
1.923044000000001573e-04
0.000000000000000000e+00
0.000000000000000000e+00
0.000000000000000000e+00
0.000000000000000000e+00
0.000000000000000000e+00
0.000000000000000000e+00
0.000000000000000000e+00
0.000000000000000000e+00
0.000000000000000000e+00
0.000000000000000000e+00
0.000000000000000000e+00
0.000000000000000000e+00
9.259444801757058580e-08
8.955309207504287897e-03
6.114027076091881237e-03
1.044508116687883556e-02
7.220822563330319133e-01
3.654677413165232092e-01
2.611756107724862511e-02
3.863530764831885219e-04
0.000000000000000000e+00
0.000000000000000000e+00
0.000000000000000000e+00
0.000000000000000000e+00
0.000000000000000000e+00
0.000000000000000000e+00
0.000000000000000000e+00
0.000000000000000000e+00
0.000000000000000000e+00
0.000000000000000000e+00
0.000000000000000000e+00
0.000000000000000000e+00
0.000000000000000000e+00
6.206971563153207373e-04
4.212825114961311315e-04
6.796788812050886825e-04
1.508018794917832528e-01
1.243705263602242317e+00
1.248961566386257022e-01
1.233889783636364515e-03
0.000000000000000000e+00
0.000000000000000000e+00
0.000000000000000000e+00
0.000000000000000000e+00
0.000000000000000000e+00
0.000000000000000000e+00
0.000000000000000000e+00
0.000000000000000000e+00
0.000000000000000000e+00
0.000000000000000000e+00
0.000000000000000000e+00
0.000000000000000000e+00
0.000000000000000000e+00
3.973215598044739483e-04
2.704344322406273572e-04
4.344030331608572334e-04
8.538941588452161890e-02
1.127697740480420041e+00
1.512072749447627373e+00
2.195507887242669279e-02
0.000000000000000000e+00
0.000000000000000000e+00
0.000000000000000000e+00
0.000000000000000000e+00
0.000000000000000000e+00
0.000000000000000000e+00
0.000000000000000000e+00
0.000000000000000000e+00
0.000000000000000000e+00
0.000000000000000000e+00
0.000000000000000000e+00
0.000000000000000000e+00
0.000000000000000000e+00
1.425361033560210156e-03
9.733459896206769898e-04
1.560978529317971373e-03
3.024542212276989384e-01
2.613792744909935628e+00
5.324407667011941570e+00
8.264661020619390452e-01
6.114262888696340298e-02
4.307709707501278934e-02
1.984805198454811861e-02
1.222455859645416899e-02
1.683305509698429167e-02
1.612888934243119536e-03
2.922802481544811357e-04
2.411399716074099346e-05
1.364343472997568432e-05
6.559225366514112289e-06
7.278164086566718825e-07
6.326115905522436660e-07
0.000000000000000000e+00
0.000000000000000000e+00
0.000000000000000000e+00
0.000000000000000000e+00
0.000000000000000000e+00
0.000000000000000000e+00
0.000000000000000000e+00
0.000000000000000000e+00
0.000000000000000000e+00
6.885263296605582950e-02
5.814033210400271212e-02
3.111513503154476196e-02
4.301470578540792650e-02
4.192926725636963309e-03
7.626201639982612464e-04
6.298125642971133975e-05
3.564242346130494347e-05
1.713890265901644254e-05
1.901972982482458738e-06
1.674891276962307522e-06
0.000000000000000000e+00
0.000000000000000000e+00
0.000000000000000000e+00
0.000000000000000000e+00
0.000000000000000000e+00
0.000000000000000000e+00
0.000000000000000000e+00
0.000000000000000000e+00
0.000000000000000000e+00
0.000000000000000000e+00
9.079725276504131692e-02
8.199270698233179777e-02
9.074681665261558061e-02
8.846008106588537298e-03
1.608936761378161086e-03
1.328745036003736713e-04
7.519558978710107558e-05
3.615761930644983166e-05
4.012436973814549320e-06
3.555900619634795224e-06
0.000000000000000000e+00
0.000000000000000000e+00
0.000000000000000000e+00
0.000000000000000000e+00
0.000000000000000000e+00
0.000000000000000000e+00
0.000000000000000000e+00
0.000000000000000000e+00
0.000000000000000000e+00
0.000000000000000000e+00
0.000000000000000000e+00
1.584688734642036301e-01
2.281773432549192293e-01
1.893995516382199554e-02
3.444939800832967376e-03
2.845037637151275121e-04
1.610038934800853583e-04
7.741800378298927194e-05
8.591400532521582819e-06
7.643580839847154520e-06
0.000000000000000000e+00
0.000000000000000000e+00
0.000000000000000000e+00
0.000000000000000000e+00
0.000000000000000000e+00
0.000000000000000000e+00
0.000000000000000000e+00
0.000000000000000000e+00
0.000000000000000000e+00
0.000000000000000000e+00
0.000000000000000000e+00
0.000000000000000000e+00
4.450517325773479804e-01
1.787074716109113837e-01
3.173693049796529747e-02
2.621085195129414357e-03
1.483311963550189684e-03
7.132448043606409499e-04
7.915021054071630314e-05
6.642591644936747281e-05
2.623132177444276477e-06
1.309934945449914648e-06
6.299788785897298152e-08
6.016135690203395917e-08
2.869027296372001830e-07
0.000000000000000000e+00
0.000000000000000000e+00
0.000000000000000000e+00
0.000000000000000000e+00
0.000000000000000000e+00
0.000000000000000000e+00
0.000000000000000000e+00
0.000000000000000000e+00
6.886786393228054859e-01
4.535879266974037205e-01
3.680823484063003997e-02
2.083034854664873523e-02
1.001619311644702005e-02
1.111531646219295977e-03
9.314914458873969948e-04
3.356646173595461650e-05
1.670227676056399406e-05
8.219851262089656406e-07
7.962128688883954537e-07
7.650762097768121369e-06
3.893649739939627612e-06
0.000000000000000000e+00
0.000000000000000000e+00
0.000000000000000000e+00
0.000000000000000000e+00
0.000000000000000000e+00
0.000000000000000000e+00
0.000000000000000000e+00
0.000000000000000000e+00
8.608234643901585548e-01
3.076395316299906924e-01
1.697728050528112820e-01
8.163460946179025568e-02
9.059257939650785380e-03
7.591877535767406482e-03
2.735684658548007738e-04
1.361361527452876357e-04
6.701188884783590407e-06
6.488706149857032581e-06
5.730279195932407629e-05
3.216816400375233862e-05
5.887690174626898942e-06
0.000000000000000000e+00
0.000000000000000000e+00
0.000000000000000000e+00
0.000000000000000000e+00
0.000000000000000000e+00
0.000000000000000000e+00
0.000000000000000000e+00
0.000000000000000000e+00
5.077454569970272225e-01
6.223021327776172562e-01
2.892827377135084865e-01
3.210268973985207219e-02
2.690279964081584291e-02
9.694373264892154054e-04
4.824121896307001825e-04
2.374471060460228255e-05
2.299399868950058906e-05
2.030611230563029264e-04
1.117460328479609612e-04
2.368381031963615223e-05
0.000000000000000000e+00
0.000000000000000000e+00
0.000000000000000000e+00
0.000000000000000000e+00
0.000000000000000000e+00
0.000000000000000000e+00
0.000000000000000000e+00
0.000000000000000000e+00
0.000000000000000000e+00
6.118395141355879030e-01
7.260208584008526200e-01
7.884252600686690593e-02
6.607188804479631472e-02
2.380870376753230818e-03
1.184766288019355402e-03
5.831875836491085338e-05
5.647141489225520391e-05
4.987066522221704967e-04
2.744394347418081109e-04
5.660233361000303735e-05
1.905326343756380461e-06
0.000000000000000000e+00
0.000000000000000000e+00
0.000000000000000000e+00
0.000000000000000000e+00
0.000000000000000000e+00
0.000000000000000000e+00
0.000000000000000000e+00
0.000000000000000000e+00
0.000000000000000000e+00
8.381205325859962807e-01
3.487243564025580000e-01
2.848037418665047005e-01
1.026277962414771754e-02
5.106960109682006331e-03
2.513855030338696243e-04
2.434165942239015993e-04
2.149672791691218700e-03
1.182979467320121854e-03
2.378412981891238939e-04
1.513505866767392253e-05
0.000000000000000000e+00
0.000000000000000000e+00
0.000000000000000000e+00
0.000000000000000000e+00
0.000000000000000000e+00
0.000000000000000000e+00
0.000000000000000000e+00
0.000000000000000000e+00
0.000000000000000000e+00
0.000000000000000000e+00
5.124115860500044750e-01
9.184682114534468145e-01
3.235401718940671134e-02
1.609998259466309881e-02
7.925061793571876352e-04
7.673907027096563702e-04
6.776959010792531733e-03
3.729409161580602133e-03
7.497926307400988154e-04
4.822186875901781370e-05
0.000000000000000000e+00
0.000000000000000000e+00
0.000000000000000000e+00
0.000000000000000000e+00
0.000000000000000000e+00
0.000000000000000000e+00
0.000000000000000000e+00
0.000000000000000000e+00
0.000000000000000000e+00
0.000000000000000000e+00
0.000000000000000000e+00
1.033221714678955516e+00
2.538708525881626654e-01
1.223926887804624580e-01
5.972741337821071625e-03
5.771270698851751861e-03
4.972116491373922142e-02
2.380804411928226158e-02
3.526217231576830955e-03
1.748779995327055586e-04
0.000000000000000000e+00
0.000000000000000000e+00
0.000000000000000000e+00
0.000000000000000000e+00
0.000000000000000000e+00
0.000000000000000000e+00
0.000000000000000000e+00
0.000000000000000000e+00
0.000000000000000000e+00
0.000000000000000000e+00
0.000000000000000000e+00
7.245087511460530276e-04
6.372671131339766593e-01
5.557670817382479589e-01
2.596714626281381930e-02
2.508489459489468901e-02
2.126929241133812265e-01
8.880009975334671180e-02
8.140649588044500048e-03
1.271668738664466069e-04
0.000000000000000000e+00
0.000000000000000000e+00
0.000000000000000000e+00
0.000000000000000000e+00
0.000000000000000000e+00
0.000000000000000000e+00
0.000000000000000000e+00
0.000000000000000000e+00
0.000000000000000000e+00
0.000000000000000000e+00
0.000000000000000000e+00
0.000000000000000000e+00
2.773254708590435630e-03
8.048244835720188561e-01
7.410315897741817648e-02
6.591867078896150589e-02
5.005673990372049298e-01
1.927958532455293639e-01
1.645182401537116645e-02
2.510769479695323871e-04
0.000000000000000000e+00
0.000000000000000000e+00
0.000000000000000000e+00
0.000000000000000000e+00
0.000000000000000000e+00
0.000000000000000000e+00
0.000000000000000000e+00
0.000000000000000000e+00
0.000000000000000000e+00
0.000000000000000000e+00
0.000000000000000000e+00
0.000000000000000000e+00
9.796718500000005785e-10
1.175518659989000791e-01
2.623429999999999929e-01
1.741709999999999370e-01
8.953594000000011377e-01
3.119878999999998181e-01
2.417140899999999787e-02
3.571897000000000743e-04
0.000000000000000000e+00
0.000000000000000000e+00
0.000000000000000000e+00
0.000000000000000000e+00
0.000000000000000000e+00
0.000000000000000000e+00
0.000000000000000000e+00
0.000000000000000000e+00
0.000000000000000000e+00
0.000000000000000000e+00
0.000000000000000000e+00
0.000000000000000000e+00
3.755809999999999669e-10
3.769954451159998610e-02
8.918499999999994488e-02
2.735859999999998848e-01
1.038580100000000117e+00
3.446120000000003070e-01
2.656776800000000202e-02
3.910795000000001848e-04
0.000000000000000000e+00
0.000000000000000000e+00
0.000000000000000000e+00
0.000000000000000000e+00
0.000000000000000000e+00
0.000000000000000000e+00
0.000000000000000000e+00
0.000000000000000000e+00
0.000000000000000000e+00
0.000000000000000000e+00
0.000000000000000000e+00
0.000000000000000000e+00
1.006722566438316192e-11
9.479095215272788626e-04
1.547030515138185600e-03
4.777172023840078885e-03
1.115194278459556543e+00
8.894658865612807830e-01
5.951448290675314529e-02
8.537297809721172822e-04
0.000000000000000000e+00
0.000000000000000000e+00
0.000000000000000000e+00
0.000000000000000000e+00
0.000000000000000000e+00
0.000000000000000000e+00
0.000000000000000000e+00
0.000000000000000000e+00
0.000000000000000000e+00
0.000000000000000000e+00
0.000000000000000000e+00
0.000000000000000000e+00
0.000000000000000000e+00
2.302039532312112988e-06
3.431690926256332092e-06
8.295169442573391871e-06
4.779831874033662470e-02
2.524828569802259448e+00
3.611590861438905287e-01
2.132963914409290347e-03
0.000000000000000000e+00
0.000000000000000000e+00
0.000000000000000000e+00
0.000000000000000000e+00
0.000000000000000000e+00
0.000000000000000000e+00
0.000000000000000000e+00
0.000000000000000000e+00
0.000000000000000000e+00
0.000000000000000000e+00
0.000000000000000000e+00
0.000000000000000000e+00
0.000000000000000000e+00
6.164815757428275869e-07
8.708597217309350095e-07
2.061194589259915044e-06
9.062502864893096435e-03
1.141535044805707999e+00
3.258945570694732119e+00
4.342358608933168801e-02
0.000000000000000000e+00
0.000000000000000000e+00
0.000000000000000000e+00
0.000000000000000000e+00
0.000000000000000000e+00
0.000000000000000000e+00
0.000000000000000000e+00
0.000000000000000000e+00
0.000000000000000000e+00
0.000000000000000000e+00
0.000000000000000000e+00
0.000000000000000000e+00
0.000000000000000000e+00
1.453111604990471057e-06
2.036994948803542497e-06
4.791823771946300501e-06
1.999266966111482371e-02
1.020534489355880980e+00
6.830493092973308755e+00
1.569273207737622355e+00
