5.285900000000001014e-02
2.388090999999999825e-02
2.798632000000001244e-02
2.289852000000004370e-02
4.192878999999997448e-03
6.611609999999998452e-04
3.082809999999999305e-04
2.772942199999999121e-04
2.215068900000001807e-05
9.127080000000001813e-07
8.795120000000001268e-07
1.999539000000001319e-07
6.809459999999999355e-08
5.299230000000001190e-08
4.126960000000000977e-08
1.390526514320000635e-07
0.000000000000000000e+00
0.000000000000000000e+00
0.000000000000000000e+00
0.000000000000000000e+00
0.000000000000000000e+00
0.000000000000000000e+00
0.000000000000000000e+00
7.475188551225402100e-02
4.567580352725920251e-02
2.387702264804091382e-02
4.435188814374816345e-03
7.586576700849088223e-04
3.835951103186073063e-04
3.956995596250703043e-04
4.253919654966564269e-05
1.883476344427679853e-06
1.827429664171157722e-06
4.175564003847456105e-07
1.421636321991165515e-07
1.107508190396588126e-07
8.617877937810382057e-08
2.953267977044183404e-07
0.000000000000000000e+00
0.000000000000000000e+00
0.000000000000000000e+00
0.000000000000000000e+00
0.000000000000000000e+00
0.000000000000000000e+00
0.000000000000000000e+00
0.000000000000000000e+00
1.283130379731149684e-01
6.499538262629922514e-02
1.082881659275796403e-02
2.185325459569401746e-03
1.221346918416430036e-03
1.490604348147550259e-03
1.944591388116178969e-04
8.920330989325910782e-06
8.683759217955252792e-06
1.987422429727726412e-06
6.775672644158806037e-07
5.276671519781470842e-07
4.108632881056181565e-07
1.432392579980690844e-06
2.700567593106552448e-14
0.000000000000000000e+00
0.000000000000000000e+00
0.000000000000000000e+00
0.000000000000000000e+00
0.000000000000000000e+00
0.000000000000000000e+00
0.000000000000000000e+00
0.000000000000000000e+00
2.857728865036504029e-01
6.797416607650216824e-02
1.291826578004267624e-02
7.785901669852422248e-03
1.028739492487349902e-02
1.427571040229543746e-03
6.607251739867932077e-05
6.437014441026167101e-05
1.473819095264488089e-05
5.025191166398308041e-06
3.913562925789527221e-06
3.047877987193082804e-06
9.881978405636552792e-06
8.211153828799523140e-07
0.000000000000000000e+00
0.000000000000000000e+00
0.000000000000000000e+00
0.000000000000000000e+00
0.000000000000000000e+00
0.000000000000000000e+00
0.000000000000000000e+00
0.000000000000000000e+00
0.000000000000000000e+00
3.267616530379770512e-01
8.907010246275766374e-02
4.558720638568136002e-02
6.067993485838032997e-02
8.495498304353872598e-03
3.938234243396004724e-04
3.837436971756312738e-04
8.787388477128212192e-05
2.996386352688609598e-05
2.333454779163184951e-05
1.817350218643312758e-05
5.873292828105909592e-05
5.202759105115507096e-06
0.000000000000000000e+00
0.000000000000000000e+00
0.000000000000000000e+00
0.000000000000000000e+00
0.000000000000000000e+00
0.000000000000000000e+00
0.000000000000000000e+00
0.000000000000000000e+00
0.000000000000000000e+00
0.000000000000000000e+00
2.948023683792482252e-01
1.585555464475913723e-01
1.707615033615435818e-01
2.376742492578063845e-02
1.101800761757385254e-03
1.073604800447833805e-03
2.458438820272319434e-04
8.382843044065054134e-05
6.528435389362049731e-05
5.084349924806887155e-05
1.643182017217357453e-04
1.437061118320585327e-05
2.421089853244279252e-07
0.000000000000000000e+00
0.000000000000000000e+00
0.000000000000000000e+00
0.000000000000000000e+00
0.000000000000000000e+00
0.000000000000000000e+00
0.000000000000000000e+00
0.000000000000000000e+00
0.000000000000000000e+00
0.000000000000000000e+00
3.227210110847024693e-01
3.557384362943873946e-01
4.523672514541651757e-02
2.095118620884861300e-03
2.041322349457418226e-03
4.674165001810681795e-04
1.593767000761736271e-04
1.241213844722590558e-04
9.666714509097111281e-05
3.124013205594376838e-04
2.610076646594875467e-05
4.753757368975322076e-07
9.774748404477180692e-07
3.006034300556523740e-07
0.000000000000000000e+00
0.000000000000000000e+00
0.000000000000000000e+00
0.000000000000000000e+00
0.000000000000000000e+00
0.000000000000000000e+00
0.000000000000000000e+00
0.000000000000000000e+00
0.000000000000000000e+00
5.794212851002638054e-01
2.263097004310062332e-01
1.014939874431292424e-02
9.889662467991763850e-03
2.264637886369782593e-03
7.721957145216340685e-04
6.013816063094090452e-04
4.683602861450512521e-04
1.513639310069175414e-03
1.264695610349162629e-04
1.480489154642160128e-06
1.969499680837744865e-06
2.380671657437385709e-06
2.191079202617361466e-06
7.688546558275609344e-07
0.000000000000000000e+00
0.000000000000000000e+00
0.000000000000000000e+00
0.000000000000000000e+00
0.000000000000000000e+00
0.000000000000000000e+00
0.000000000000000000e+00
0.000000000000000000e+00
6.404940698276937461e-01
1.038102643659761237e-01
9.469696342339985196e-02
2.168468899841665895e-02
7.394015256447715803e-03
5.758423803420831960e-03
4.484708162783472910e-03
1.449362799092590234e-02
1.210979840714232871e-03
1.418095530499482486e-05
1.885446534669093911e-05
2.061423860493174449e-05
1.850496578188709859e-05
1.285705547627536698e-05
0.000000000000000000e+00
0.000000000000000000e+00
0.000000000000000000e+00
0.000000000000000000e+00
0.000000000000000000e+00
0.000000000000000000e+00
0.000000000000000000e+00
0.000000000000000000e+00
0.000000000000000000e+00
3.450945017861730690e-01
3.478901188157091373e-01
7.244226875148308820e-02
2.470129880389543633e-02
1.923724520269567279e-02
1.498208886771287135e-02
4.841903091446696228e-02
4.045525186554892530e-03
4.737620647441431607e-05
6.298726679501649760e-05
6.886780124128222844e-05
6.181784556841095216e-05
4.320553832053748987e-05
0.000000000000000000e+00
0.000000000000000000e+00
0.000000000000000000e+00
0.000000000000000000e+00
0.000000000000000000e+00
0.000000000000000000e+00
0.000000000000000000e+00
0.000000000000000000e+00
0.000000000000000000e+00
0.000000000000000000e+00
4.840516277202768780e-01
1.740001537746353188e-01
5.405093829323227850e-02
4.209461278479865315e-02
3.278363509676701648e-02
1.059496809785705068e-01
8.852349960959600764e-03
1.036652474439483652e-04
1.378301838889201773e-04
1.506933762584638408e-04
1.352681203839913157e-04
9.467332418000764659e-05
0.000000000000000000e+00
0.000000000000000000e+00
0.000000000000000000e+00
0.000000000000000000e+00
0.000000000000000000e+00
0.000000000000000000e+00
0.000000000000000000e+00
0.000000000000000000e+00
0.000000000000000000e+00
0.000000000000000000e+00
0.000000000000000000e+00
3.595428879367467689e-01
1.440722813743264274e-01
8.752293986155576522e-02
6.816115194003620481e-02
2.202820532915670537e-01
1.840513367814461745e-02
2.155344601646767356e-04
2.865598306837258851e-04
3.133110092147663021e-04
2.812443199100107469e-04
1.969563099653626247e-04
0.000000000000000000e+00
0.000000000000000000e+00
0.000000000000000000e+00
0.000000000000000000e+00
0.000000000000000000e+00
0.000000000000000000e+00
0.000000000000000000e+00
0.000000000000000000e+00
0.000000000000000000e+00
0.000000000000000000e+00
0.000000000000000000e+00
0.000000000000000000e+00
2.735690000000000621e-01
1.877630000000000410e-01
9.840329999999999910e-02
3.179996999999995522e-01
2.656965700000003816e-02
3.111419999999999833e-04
4.136800000000000915e-04
4.523010000000001678e-04
4.060047999999999587e-04
2.843704400000003456e-04
0.000000000000000000e+00
0.000000000000000000e+00
0.000000000000000000e+00
0.000000000000000000e+00
0.000000000000000000e+00
0.000000000000000000e+00
0.000000000000000000e+00
0.000000000000000000e+00
0.000000000000000000e+00
0.000000000000000000e+00
0.000000000000000000e+00
0.000000000000000000e+00
0.000000000000000000e+00
2.385189999999999533e-01
1.879999999999999727e-01
4.054289000000000920e-01
3.387410399999997435e-02
3.966830000000000508e-04
5.274080000000000434e-04
5.766399999999996832e-04
5.176182000000003561e-04
3.625755999999994632e-04
0.000000000000000000e+00
0.000000000000000000e+00
0.000000000000000000e+00
0.000000000000000000e+00
0.000000000000000000e+00
0.000000000000000000e+00
0.000000000000000000e+00
0.000000000000000000e+00
0.000000000000000000e+00
0.000000000000000000e+00
0.000000000000000000e+00
0.000000000000000000e+00
0.000000000000000000e+00
0.000000000000000000e+00
2.931969999999999299e-01
5.957114000000003351e-01
4.375967200000004109e-02
5.124489999999999991e-04
6.813250000000002030e-04
7.449270000000002626e-04
6.686839999999999017e-04
4.684213899999998577e-04
0.000000000000000000e+00
0.000000000000000000e+00
0.000000000000000000e+00
0.000000000000000000e+00
0.000000000000000000e+00
0.000000000000000000e+00
0.000000000000000000e+00
0.000000000000000000e+00
0.000000000000000000e+00
0.000000000000000000e+00
0.000000000000000000e+00
0.000000000000000000e+00
0.000000000000000000e+00
0.000000000000000000e+00
0.000000000000000000e+00
6.395091590338568555e-01
2.228114891931397834e-01
2.376465039552464083e-03
3.062300268685697394e-03
3.140904041536854603e-03
2.479205373999181401e-03
1.312203509843811117e-03
0.000000000000000000e+00
0.000000000000000000e+00
0.000000000000000000e+00
0.000000000000000000e+00
0.000000000000000000e+00
0.000000000000000000e+00
0.000000000000000000e+00
0.000000000000000000e+00
0.000000000000000000e+00
0.000000000000000000e+00
0.000000000000000000e+00
0.000000000000000000e+00
0.000000000000000000e+00
0.000000000000000000e+00
0.000000000000000000e+00
1.504221747020041016e-04
7.430619631614916454e-01
5.321060288686316891e-02
5.973698445647181859e-02
5.484938219736194831e-02
3.703934274261425075e-02
1.357693956655250250e-02
0.000000000000000000e+00
0.000000000000000000e+00
0.000000000000000000e+00
0.000000000000000000e+00
0.000000000000000000e+00
0.000000000000000000e+00
0.000000000000000000e+00
0.000000000000000000e+00
0.000000000000000000e+00
0.000000000000000000e+00
0.000000000000000000e+00
0.000000000000000000e+00
0.000000000000000000e+00
0.000000000000000000e+00
0.000000000000000000e+00
0.000000000000000000e+00
1.935081068357984435e-01
3.609697826728821557e-01
2.530570295441241235e-01
1.922913751689432071e-01
1.196229082664613530e-01
4.148354444042016975e-02
0.000000000000000000e+00
0.000000000000000000e+00
0.000000000000000000e+00
0.000000000000000000e+00
0.000000000000000000e+00
0.000000000000000000e+00
0.000000000000000000e+00
0.000000000000000000e+00
0.000000000000000000e+00
0.000000000000000000e+00
0.000000000000000000e+00
0.000000000000000000e+00
0.000000000000000000e+00
0.000000000000000000e+00
0.000000000000000000e+00
0.000000000000000000e+00
9.043166707628655376e-02
1.117373472872989215e-01
4.945042095803731108e-01
3.058408541009955961e-01
1.699478959125878264e-01
5.614418254525540414e-02
0.000000000000000000e+00
0.000000000000000000e+00
0.000000000000000000e+00
0.000000000000000000e+00
0.000000000000000000e+00
0.000000000000000000e+00
0.000000000000000000e+00
0.000000000000000000e+00
0.000000000000000000e+00
0.000000000000000000e+00
0.000000000000000000e+00
0.000000000000000000e+00
0.000000000000000000e+00
0.000000000000000000e+00
0.000000000000000000e+00
0.000000000000000000e+00
4.237747012371562150e-02
4.686710860519657101e-02
1.673989769119531290e-01
6.849027165823903252e-01
3.282050980687228336e-01
9.255816778008091328e-02
0.000000000000000000e+00
0.000000000000000000e+00
0.000000000000000000e+00
0.000000000000000000e+00
0.000000000000000000e+00
0.000000000000000000e+00
0.000000000000000000e+00
0.000000000000000000e+00
0.000000000000000000e+00
0.000000000000000000e+00
0.000000000000000000e+00
0.000000000000000000e+00
0.000000000000000000e+00
0.000000000000000000e+00
0.000000000000000000e+00
0.000000000000000000e+00
2.380099101889510821e-02
2.496861695741708215e-02
8.152012657695392739e-02
2.904290611585671478e-01
9.946837067544366251e-01
2.549071763941767044e-01
0.000000000000000000e+00
0.000000000000000000e+00
0.000000000000000000e+00
0.000000000000000000e+00
0.000000000000000000e+00
0.000000000000000000e+00
0.000000000000000000e+00
0.000000000000000000e+00
0.000000000000000000e+00
0.000000000000000000e+00
0.000000000000000000e+00
0.000000000000000000e+00
0.000000000000000000e+00
0.000000000000000000e+00
0.000000000000000000e+00
0.000000000000000000e+00
2.198161229847942627e-02
2.221231480451741833e-02
6.909727771692812659e-02
2.117600961241992985e-01
6.715193410776675309e-01
1.554029264590799375e+00
2.245259999999998923e-02
3.454930000000001888e-02
3.513825999999996980e-02
1.176567399999999507e-02
1.709013999999999369e-03
3.748539999999999858e-04
2.259809999999999629e-04
3.009541999999998298e-04
4.209709000000001338e-05
1.950570999999999421e-06
1.900725000000000974e-06
4.351239999999998933e-07
1.484499999999999826e-07
1.156150000000000463e-07
9.009380000000001494e-08
3.039690000000000136e-07
0.000000000000000000e+00
0.000000000000000000e+00
0.000000000000000000e+00
0.000000000000000000e+00
0.000000000000000000e+00
0.000000000000000000e+00
0.000000000000000000e+00
4.217192475834137533e-02
6.849064805039263570e-02
1.933880733654841019e-02
3.503092901757986176e-03
7.860138096074497770e-04
4.739296444283071534e-04
6.277428830423121588e-04
8.743766030029658702e-05
4.047740838945540685e-06
3.943438554075866308e-06
9.029174341922912994e-07
3.077726109981456903e-07
2.398331879743590633e-07
1.866795869626336829e-07
6.400564459972063801e-07
0.000000000000000000e+00
0.000000000000000000e+00
0.000000000000000000e+00
0.000000000000000000e+00
0.000000000000000000e+00
0.000000000000000000e+00
0.000000000000000000e+00
0.000000000000000000e+00
1.142176329404484825e-01
9.298039931066842678e-02
1.567093954053627378e-02
3.589870780604350036e-03
2.177616889549928783e-03
2.902769199450037571e-03
4.064742814936873937e-04
1.884341260261727659e-05
1.836119906228835357e-05
4.204688430351578298e-06
1.433712504731408896e-06
1.116596617853288646e-06
8.694909257775073244e-07
3.030913474266792537e-06
0.000000000000000000e+00
0.000000000000000000e+00
0.000000000000000000e+00
0.000000000000000000e+00
0.000000000000000000e+00
0.000000000000000000e+00
0.000000000000000000e+00
0.000000000000000000e+00
0.000000000000000000e+00
2.974832364598990475e-01
1.282795703301333468e-01
2.711462107503627775e-02
1.644894927958076916e-02
2.192787845617659090e-02
3.070680941138698768e-03
1.423513958973654341e-04
1.387085962454037995e-04
3.176291959770814776e-05
1.083043257237410956e-05
8.434754181630433738e-06
6.569071649339833317e-06
2.130711915485857157e-05
1.760964775860667607e-06
0.000000000000000000e+00
0.000000000000000000e+00
0.000000000000000000e+00
0.000000000000000000e+00
0.000000000000000000e+00
0.000000000000000000e+00
0.000000000000000000e+00
0.000000000000000000e+00
0.000000000000000000e+00
3.488497335562120716e-01
1.780434965490217125e-01
1.001763444243190665e-01
1.335530996569125606e-01
1.870303365985563626e-02
8.670427733784637518e-04
8.448535525698685610e-04
1.934642795561652615e-04
6.596888377140782442e-05
5.137371195244069778e-05
4.001108550949233656e-05
1.293075469577305184e-04
1.145499251362218791e-05
0.000000000000000000e+00
0.000000000000000000e+00
0.000000000000000000e+00
0.000000000000000000e+00
0.000000000000000000e+00
0.000000000000000000e+00
0.000000000000000000e+00
0.000000000000000000e+00
0.000000000000000000e+00
0.000000000000000000e+00
2.815484078276342950e-01
3.055948945580005405e-01
3.681572546384762057e-01
5.155835788651488838e-02
2.390165226343116643e-03
2.329007731152803792e-03
5.333173049486102579e-04
1.818524654778622075e-04
1.416240194416809020e-04
1.102968319438502655e-04
3.564614464280947692e-04
3.117311638658908822e-05
5.270481086499170682e-07
0.000000000000000000e+00
0.000000000000000000e+00
0.000000000000000000e+00
0.000000000000000000e+00
0.000000000000000000e+00
0.000000000000000000e+00
0.000000000000000000e+00
0.000000000000000000e+00
0.000000000000000000e+00
0.000000000000000000e+00
3.119935682918264508e-01
7.275919635612262404e-01
9.771287606196864262e-02
4.529826347595533771e-03
4.413900551628974385e-03
1.010739430008080874e-03
3.446400630671308976e-04
2.684051072711848710e-04
2.090376907034314049e-04
6.755589799017161241e-04
5.644265025627951917e-05
1.025074487819926230e-06
2.112590713890308270e-06
6.541393311435341417e-07
0.000000000000000000e+00
0.000000000000000000e+00
0.000000000000000000e+00
0.000000000000000000e+00
0.000000000000000000e+00
0.000000000000000000e+00
0.000000000000000000e+00
0.000000000000000000e+00
0.000000000000000000e+00
8.128050838093141550e-01
4.839251835856060446e-01
2.209376078248267983e-02
2.152837214600496554e-02
4.929791465178853110e-03
1.680956562371625773e-03
1.309119296825224203e-03
1.019554319211751423e-03
3.294975589510540110e-03
2.753060784731340338e-04
3.222856025811060016e-06
4.287279342828727972e-06
5.164382078303179826e-06
4.770124474647592182e-06
1.693290211153799281e-06
0.000000000000000000e+00
0.000000000000000000e+00
0.000000000000000000e+00
0.000000000000000000e+00
0.000000000000000000e+00
0.000000000000000000e+00
0.000000000000000000e+00
0.000000000000000000e+00
9.293499820255062271e-01
2.182973880006018053e-01
2.059964931436340241e-01
4.717120916288900651e-02
1.608440866822980972e-02
1.252643602546747378e-02
9.755698955858354421e-03
3.152831830447493794e-02
2.634270776685425797e-03
3.084818067572488994e-05
4.101450174493329780e-05
4.484262984035917050e-05
4.025428401947959755e-05
2.797157598452904758e-05
0.000000000000000000e+00
0.000000000000000000e+00
0.000000000000000000e+00
0.000000000000000000e+00
0.000000000000000000e+00
0.000000000000000000e+00
0.000000000000000000e+00
0.000000000000000000e+00
0.000000000000000000e+00
3.866787524208558646e-01
7.079535614463482451e-01
1.550020756641658226e-01
5.285248364787587666e-02
4.116126413294607378e-02
3.205668573727304960e-02
1.036003776551647909e-01
8.656052341808819980e-03
1.013691940943063803e-04
1.347714776370640701e-04
1.473538303986302261e-04
1.322694071492315558e-04
9.244541880292434703e-05
0.000000000000000000e+00
0.000000000000000000e+00
0.000000000000000000e+00
0.000000000000000000e+00
0.000000000000000000e+00
0.000000000000000000e+00
0.000000000000000000e+00
0.000000000000000000e+00
0.000000000000000000e+00
0.000000000000000000e+00
6.132712303960549116e-01
3.546495574125472228e-01
1.156179254704984560e-01
9.004260285489237847e-02
7.012583464954316725e-02
2.266318078536518899e-01
1.893563626983655809e-02
2.217451407248152901e-04
2.948259613221539577e-04
3.223407492043096553e-04
2.893455931990126313e-04
2.025119924644852955e-04
0.000000000000000000e+00
0.000000000000000000e+00
0.000000000000000000e+00
0.000000000000000000e+00
0.000000000000000000e+00
0.000000000000000000e+00
0.000000000000000000e+00
0.000000000000000000e+00
0.000000000000000000e+00
0.000000000000000000e+00
0.000000000000000000e+00
3.871967578663692011e-01
2.685249420989824221e-01
1.849106262551102609e-01
1.440070465536827382e-01
4.654008701287228877e-01
3.888544337159893088e-02
4.553711607069452433e-04
6.054307913496222333e-04
6.619467534494348493e-04
5.941983263118513379e-04
4.161189527770531521e-04
0.000000000000000000e+00
0.000000000000000000e+00
0.000000000000000000e+00
0.000000000000000000e+00
0.000000000000000000e+00
0.000000000000000000e+00
0.000000000000000000e+00
0.000000000000000000e+00
0.000000000000000000e+00
0.000000000000000000e+00
0.000000000000000000e+00
0.000000000000000000e+00
2.232630000000002113e-01
3.289280000000001647e-01
2.078790000000000637e-01
6.718027000000009741e-01
5.613073600000003521e-02
6.573160000000002369e-04
8.739340000000004726e-04
9.555260000000005954e-04
8.577200000000005089e-04
6.007573900000002251e-04
0.000000000000000000e+00
0.000000000000000000e+00
0.000000000000000000e+00
0.000000000000000000e+00
0.000000000000000000e+00
0.000000000000000000e+00
0.000000000000000000e+00
0.000000000000000000e+00
0.000000000000000000e+00
0.000000000000000000e+00
0.000000000000000000e+00
0.000000000000000000e+00
0.000000000000000000e+00
2.232790000000000330e-01
3.289579999999997506e-01
8.627033999999997871e-01
7.208057299999993950e-02
8.440989999999994140e-04
1.122271000000000423e-03
1.227027999999999799e-03
1.101437999999999506e-03
7.715230700000002412e-04
0.000000000000000000e+00
0.000000000000000000e+00
0.000000000000000000e+00
0.000000000000000000e+00
0.000000000000000000e+00
0.000000000000000000e+00
0.000000000000000000e+00
0.000000000000000000e+00
0.000000000000000000e+00
0.000000000000000000e+00
0.000000000000000000e+00
0.000000000000000000e+00
0.000000000000000000e+00
0.000000000000000000e+00
2.232949999999999102e-01
1.169841099999999523e+00
9.256092400000003051e-02
1.083938999999999910e-03
1.441148999999999642e-03
1.575677999999999844e-03
1.414410000000000060e-03
9.908112999999993138e-04
0.000000000000000000e+00
0.000000000000000000e+00
0.000000000000000000e+00
0.000000000000000000e+00
0.000000000000000000e+00
0.000000000000000000e+00
0.000000000000000000e+00
0.000000000000000000e+00
0.000000000000000000e+00
0.000000000000000000e+00
0.000000000000000000e+00
0.000000000000000000e+00
0.000000000000000000e+00
0.000000000000000000e+00
0.000000000000000000e+00
9.882297856485661169e-01
4.755783576176282335e-01
5.360982023301774820e-03
7.055540782135069286e-03
7.554408130995502076e-03
6.511882892370205594e-03
4.223801898766510118e-03
0.000000000000000000e+00
0.000000000000000000e+00
0.000000000000000000e+00
0.000000000000000000e+00
0.000000000000000000e+00
0.000000000000000000e+00
0.000000000000000000e+00
0.000000000000000000e+00
0.000000000000000000e+00
0.000000000000000000e+00
0.000000000000000000e+00
0.000000000000000000e+00
0.000000000000000000e+00
0.000000000000000000e+00
0.000000000000000000e+00
6.749447197090466125e-05
1.223618169933223143e+00
1.133034321618335699e-01
1.284205340935710982e-01
1.200233732165807005e-01
8.105443616818387709e-02
2.948399141218956132e-02
0.000000000000000000e+00
0.000000000000000000e+00
0.000000000000000000e+00
0.000000000000000000e+00
0.000000000000000000e+00
0.000000000000000000e+00
0.000000000000000000e+00
0.000000000000000000e+00
0.000000000000000000e+00
0.000000000000000000e+00
0.000000000000000000e+00
0.000000000000000000e+00
0.000000000000000000e+00
0.000000000000000000e+00
0.000000000000000000e+00
0.000000000000000000e+00
1.693229743877283922e-01
6.315996098171781092e-01
5.254665891211190987e-01
4.052888004892942764e-01
2.538589586194236469e-01
8.419661478517516395e-02
0.000000000000000000e+00
0.000000000000000000e+00
0.000000000000000000e+00
0.000000000000000000e+00
0.000000000000000000e+00
0.000000000000000000e+00
0.000000000000000000e+00
0.000000000000000000e+00
0.000000000000000000e+00
0.000000000000000000e+00
0.000000000000000000e+00
0.000000000000000000e+00
0.000000000000000000e+00
0.000000000000000000e+00
0.000000000000000000e+00
0.000000000000000000e+00
3.329639781431548845e-02
1.183911393285694835e-01
9.057490967848478292e-01
6.669075509252900824e-01
3.649369737265578117e-01
1.167389243282378058e-01
0.000000000000000000e+00
0.000000000000000000e+00
0.000000000000000000e+00
0.000000000000000000e+00
0.000000000000000000e+00
0.000000000000000000e+00
0.000000000000000000e+00
0.000000000000000000e+00
0.000000000000000000e+00
0.000000000000000000e+00
0.000000000000000000e+00
0.000000000000000000e+00
0.000000000000000000e+00
0.000000000000000000e+00
0.000000000000000000e+00
0.000000000000000000e+00
6.678165691295510215e-03
1.930481642419790492e-02
1.562111909329485515e-01
1.347363565649891903e+00
7.395462990929799751e-01
1.889032336220088648e-01
0.000000000000000000e+00
0.000000000000000000e+00
0.000000000000000000e+00
0.000000000000000000e+00
0.000000000000000000e+00
0.000000000000000000e+00
0.000000000000000000e+00
0.000000000000000000e+00
0.000000000000000000e+00
0.000000000000000000e+00
0.000000000000000000e+00
0.000000000000000000e+00
0.000000000000000000e+00
0.000000000000000000e+00
0.000000000000000000e+00
0.000000000000000000e+00
1.669586168426118351e-03
4.576867788023242234e-03
3.156887236261912699e-02
2.853566241491000133e-01
2.132905113036649869e+00
5.652253824066212351e-01
0.000000000000000000e+00
0.000000000000000000e+00
0.000000000000000000e+00
0.000000000000000000e+00
0.000000000000000000e+00
0.000000000000000000e+00
0.000000000000000000e+00
0.000000000000000000e+00
0.000000000000000000e+00
0.000000000000000000e+00
0.000000000000000000e+00
0.000000000000000000e+00
0.000000000000000000e+00
0.000000000000000000e+00
0.000000000000000000e+00
0.000000000000000000e+00
8.381197611286396237e-04
2.085858752770505982e-03
1.381101166248685334e-02
9.784027847615588136e-02
7.797939962602737918e-01
3.358457665906215528e+00
