1.360000000000001208e-01
2.878999999999999615e-02
1.238000000000000211e-02
4.527000000000001023e+00
9.432000000000001147e-03
7.084000000000000019e-03
1.567701257672769188e-01
1.645374358302362922e-02
7.173924276342210325e-03
4.155597245325966860e+00
7.385884523878859242e-04
5.902000000000000302e-02
2.138252911533826961e-01
1.104326747295600146e-02
4.587091926888327113e-03
2.759875050893627169e+00
0.000000000000000000e+00
5.224100000000000410e-01
3.877215071561451731e-01
1.165896200500941187e-03
1.412176565829381843e-03
1.492184521255993213e+00
0.000000000000000000e+00
3.510800000000000587e-01
5.331614674079714344e-01
1.062695120188298986e-03
1.578245513339725584e-03
1.052845963409310803e+00
0.000000000000000000e+00
4.639100000000000168e-02
6.528568759097252983e-01
1.207148359504772858e-03
2.169697860335322460e-03
9.096144828608442312e-01
0.000000000000000000e+00
7.343999999999999834e-03
7.321087811822295510e-01
1.365559891941841696e-03
3.079217352575122722e-03
8.227076052796985506e-01
0.000000000000000000e+00
3.506000000000000002e-03
8.368622545900679111e-01
1.920902544374659439e-03
5.333414087448408621e-03
7.421663991404837679e-01
0.000000000000000000e+00
3.002139999999999063e-03
9.057805186472505099e-01
4.980933151583697739e-03
1.165594633102746969e-02
6.547284647014858239e-01
0.000000000000000000e+00
1.526879999999999991e-04
8.936504510798235490e-01
9.621606542776746721e-03
1.652796209084239284e-02
6.034201695102787699e-01
0.000000000000000000e+00
2.856999999999999920e-06
9.267732042952344651e-01
1.442182942448895500e-02
2.435039194366349358e-02
4.096987346274080788e-01
0.000000000000000000e+00
1.985600000000000098e-06
9.376288287568437241e-01
1.614844636548045179e-02
3.833883689042432569e-02
3.826371821477329016e-01
0.000000000000000000e+00
3.005000000000000240e-07
9.493000000000000327e-01
1.674999999999999406e-02
4.315999999999999698e-02
2.776000000000001244e-01
0.000000000000000000e+00
8.432000000000000330e-08
8.931999999999997719e-01
3.957999999999998325e-02
2.495999999999999608e-02
7.248999999999996557e-01
0.000000000000000000e+00
5.794999999999999944e-08
9.657999999999997698e-01
2.440000000000000502e-02
3.008999999999998481e-02
5.123999999999999666e-01
0.000000000000000000e+00
3.982000000000000187e-08
9.353005341382139015e-01
2.835011784273084451e-02
6.050708942707638122e-02
5.705692449959912649e-01
0.000000000000000000e+00
8.540839999999998808e-08
1.003591832994306099e+00
6.594090506898489523e-02
4.198635124295243409e-02
5.564964011595695537e-01
0.000000000000000000e+00
2.021791000000001047e-09
1.239640473468725190e+00
1.278273905441375813e-01
7.864216450335773101e-02
3.833117869390730847e-01
0.000000000000000000e+00
8.272000000000000296e-12
1.315161369200837038e+00
1.422404941127472233e-01
8.650338978586848138e-02
3.525743601206505207e-01
0.000000000000000000e+00
9.751999999999999644e-12
1.470040445017830599e+00
1.802128293126477598e-01
1.075487781416104710e-01
3.030794725275933188e-01
0.000000000000000000e+00
8.775000000000000071e-12
1.823392059334493220e+00
2.598021780042045203e-01
1.529598180544471941e-01
2.310333949161443301e-01
0.000000000000000000e+00
5.721500000000000612e-12
2.808823567463544446e+00
4.302420449911847355e-01
2.578590632365649893e-01
1.415602229302032333e-01
0.000000000000000000e+00
1.928968599999999605e-12
1.111999999999999794e-01
0.000000000000000000e+00
4.648999999999998620e-03
6.296000000000000263e+00
0.000000000000000000e+00
9.346000000000000141e-03
1.376952152873435475e-01
0.000000000000000000e+00
2.172759383015896578e-03
5.724541975653559156e+00
0.000000000000000000e+00
1.869200000000000028e-02
2.322137794743059924e-01
0.000000000000000000e+00
2.152021045630919129e-04
3.299376359459874841e+00
0.000000000000000000e+00
4.673000000000000070e-02
4.946867225282970404e-01
0.000000000000000000e+00
7.400263087618841994e-06
1.490315767402910829e+00
0.000000000000000000e+00
5.607600000000000084e-02
7.814929103759150619e-01
0.000000000000000000e+00
6.142652000221237401e-06
9.696331223970630075e-01
0.000000000000000000e+00
3.738400000000000056e-02
1.012744221050075666e+00
0.000000000000000000e+00
9.010667661729217736e-06
7.974799345273867468e-01
0.000000000000000000e+00
1.869200000000000028e-02
1.148600646352787358e+00
0.000000000000000000e+00
1.251487879054573036e-05
7.195053870054938239e-01
0.000000000000000000e+00
1.869200000000000028e-02
1.352803241707669413e+00
0.000000000000000000e+00
2.769392306972637545e-05
6.290608393310003210e-01
0.000000000000000000e+00
7.476800000000000113e-02
1.473651036488450528e+00
0.000000000000000000e+00
8.676632582479760537e-05
5.841608130634130536e-01
0.000000000000000000e+00
8.411399999999999433e-02
1.488500761307172571e+00
0.000000000000000000e+00
1.656158351891814917e-04
5.790497716078483181e-01
0.000000000000000000e+00
1.869200000000000028e-02
1.491001497611848414e+00
0.000000000000000000e+00
2.432351068774828682e-04
5.782746189850010987e-01
0.000000000000000000e+00
3.738400000000000056e-02
1.491999999999999993e+00
0.000000000000000000e+00
3.514107110198082143e-04
5.778498617061054166e-01
0.000000000000000000e+00
1.869200000000000028e-02
1.492000000000001325e+00
0.000000000000000000e+00
4.230000000000001988e-04
5.776000000000003354e-01
0.000000000000000000e+00
9.346000000000000141e-03
1.492999999999999883e+00
0.000000000000000000e+00
4.793999999999997807e-04
5.774999999999997913e-01
0.000000000000000000e+00
9.346000000000000141e-03
1.492999999999999883e+00
0.000000000000000000e+00
5.432999999999999245e-04
5.774000000000000243e-01
0.000000000000000000e+00
9.346000000000000141e-03
1.495705569621226250e+00
0.000000000000000000e+00
1.154790203642801997e-03
5.759621699467565303e-01
0.000000000000000000e+00
9.345999999999998753e-02
1.700663184483550916e+00
0.000000000000000000e+00
4.667052547703061383e-03
5.616055196770551872e-01
0.000000000000000000e+00
2.243039999999998924e-01
2.078030315553747620e+00
0.000000000000000000e+00
8.264340844824488372e-03
5.392224907754250562e-01
0.000000000000000000e+00
1.869200000000000028e-02
2.215174072585186948e+00
0.000000000000000000e+00
9.409906060371685949e-03
5.299284918094913088e-01
0.000000000000000000e+00
2.803800000000000042e-02
2.469699359752433487e+00
0.000000000000000000e+00
1.160113491620294243e-02
5.100445068987961017e-01
0.000000000000000000e+00
3.738400000000000056e-02
3.037513857169577225e+00
0.000000000000000000e+00
1.618793716529484672e-02
4.643514144885536599e-01
0.000000000000000000e+00
4.673000000000000070e-02
4.282031053742483273e+00
0.000000000000000000e+00
2.918144477378137314e-02
3.569617991819743485e-01
0.000000000000000000e+00
8.411399999999999433e-02
