1.756621297964076900e-01
1.546903192865713150e-02
6.839495150019557664e-03
3.678291991458228161e+00
8.344747478967536221e-04
1.361739999999999895e-01
2.664275257907693373e-01
6.671737906175862279e-03
3.137245763808629070e-03
2.248548130769152831e+00
0.000000000000000000e+00
6.936400000000000343e-01
5.424824632964926341e-01
1.068565470892570649e-03
1.721287260200042666e-03
1.100589483014329684e+00
0.000000000000000000e+00
1.670209999999999750e-01
8.083160136246712035e-01
1.616908366757827467e-03
4.369704669660327487e-03
7.627082310572705914e-01
0.000000000000000000e+00
2.453199999999999565e-03
8.900385915212603027e-01
3.082901413807280413e-03
8.016999048660718163e-03
7.008813847978615508e-01
0.000000000000000000e+00
6.828100000000001659e-04
8.944000000000000838e-01
5.231000000000001274e-03
1.064000000000000536e-02
7.099000000000003086e-01
0.000000000000000000e+00
7.568999999999999868e-06
9.025578942158638540e-01
7.811429985464796513e-03
1.635320702712799237e-02
5.729584454434810681e-01
0.000000000000000000e+00
1.294200000000000077e-05
8.934999999999998499e-01
8.919000000000001580e-03
1.554000000000000520e-02
6.633999999999999897e-01
0.000000000000000000e+00
1.163999999999999994e-06
9.267732042952344651e-01
1.442182942448895500e-02
2.435039194366349358e-02
4.096987346274080788e-01
0.000000000000000000e+00
1.985600000000000098e-06
1.000999999999999668e+00
1.487999999999999913e-02
4.664000000000002866e-02
2.316000000000000003e-01
0.000000000000000000e+00
1.777999999999999907e-07
8.771000000000001018e-01
1.736000000000000737e-02
3.041000000000000300e-02
5.269000000000000350e-01
0.000000000000000000e+00
1.227000000000000068e-07
9.253803480423029582e-01
2.724604811607679242e-02
4.323820091152234119e-02
5.851008041124845516e-01
0.000000000000000000e+00
2.692931500000000955e-07
9.679927410503076368e-01
5.092513878391957682e-02
3.241159121641522950e-02
5.586687687355538223e-01
0.000000000000000000e+00
1.381000000000000194e-10
1.158451796252526256e+00
1.199390449236824169e-01
7.283057992091614141e-02
4.274884467272277444e-01
0.000000000000000000e+00
9.721299999999999300e-11
1.296197928102731600e+00
1.379480453551247821e-01
8.414036747849630571e-02
3.596771735598416897e-01
0.000000000000000000e+00
6.837999999999999742e-12
1.580401051113934363e+00
2.053873066948622150e-01
1.218938901818682335e-01
2.805577110036217015e-01
0.000000000000000000e+00
1.664390000000000262e-11
2.517142363280285622e+00
3.854511457246515005e-01
2.290831910331285193e-01
1.584426536222004467e-01
0.000000000000000000e+00
2.594299999999999962e-12
5.192404438553228196e+00
7.363320736550558188e-01
4.667897389433778854e-01
7.003172688332102991e-02
0.000000000000000000e+00
1.012685999999999937e-13
1.571275705169050130e-01
0.000000000000000000e+00
2.048662910577374926e-03
5.027539529977176791e+00
0.000000000000000000e+00
3.738400000000000056e-02
3.047132920969358172e-01
0.000000000000000000e+00
8.966062479944126174e-06
2.621580803860896314e+00
0.000000000000000000e+00
6.542200000000000792e-02
7.871422344657751369e-01
0.000000000000000000e+00
8.526653945752786284e-06
1.029529705066714040e+00
0.000000000000000000e+00
1.028059999999999807e-01
1.297729368970560904e+00
0.000000000000000000e+00
2.041534527107833320e-05
6.507111524257369606e-01
0.000000000000000000e+00
3.738400000000000056e-02
1.441450577966994828e+00
0.000000000000000000e+00
5.158578308451348157e-05
5.954109894058505770e-01
0.000000000000000000e+00
8.411399999999999433e-02
1.481000000000000094e+00
0.000000000000000000e+00
9.360999999999999313e-05
5.818000000000003169e-01
0.000000000000000000e+00
9.346000000000000141e-03
1.485751031812420742e+00
0.000000000000000000e+00
1.297369376514551564e-04
5.799746484848565808e-01
0.000000000000000000e+00
3.738400000000000056e-02
1.488999999999999657e+00
0.000000000000000000e+00
1.760000000000000225e-04
5.788999999999998591e-01
0.000000000000000000e+00
9.346000000000000141e-03
1.491001497611848414e+00
0.000000000000000000e+00
2.432351068774828682e-04
5.782746189850010987e-01
0.000000000000000000e+00
3.738400000000000056e-02
1.491999999999999771e+00
0.000000000000000000e+00
3.293999999999999294e-04
5.778999999999999693e-01
0.000000000000000000e+00
9.346000000000000141e-03
1.492000000000000659e+00
0.000000000000000000e+00
3.733000000000000207e-04
5.777999999999999803e-01
0.000000000000000000e+00
9.346000000000000141e-03
1.511374884356027737e+00
0.000000000000000000e+00
1.604781307523116566e-03
5.745058081377706349e-01
0.000000000000000000e+00
2.056119999999999060e-01
1.645848271118288242e+00
0.000000000000000000e+00
4.565090981026286195e-03
5.633918646189270962e-01
0.000000000000000000e+00
3.738400000000000056e-02
1.955831330275805469e+00
0.000000000000000000e+00
7.179966900008797823e-03
5.469982627348173310e-01
0.000000000000000000e+00
1.214979999999999671e-01
2.178055779195681829e+00
0.000000000000000000e+00
9.099605886451627573e-03
5.325435203086541502e-01
0.000000000000000000e+00
1.869200000000000028e-02
2.756391795550184209e+00
0.000000000000000000e+00
1.393282575145157916e-02
4.868743910682994391e-01
0.000000000000000000e+00
8.411399999999999433e-02
3.965816115330509817e+00
0.000000000000000000e+00
2.496267256741791993e-02
3.843131391359289606e-01
0.000000000000000000e+00
5.607600000000000084e-02
6.169040939772288290e+00
0.000000000000000000e+00
6.103717504959706164e-02
2.050596328406110169e-01
0.000000000000000000e+00
3.738400000000000056e-02
