9.043628393193972603e-02
6.145110431846232540e-02
1.718941260310855035e-02
3.826765792164823197e-04
1.614899422371277699e-04
3.818809812258437575e-06
8.424770153060895573e-06
1.076920787483296175e-06
2.390342093109996464e-06
3.071796821142192559e-07
2.390157652457142744e-07
8.320506237128887358e-07
0.000000000000000000e+00
0.000000000000000000e+00
0.000000000000000000e+00
0.000000000000000000e+00
0.000000000000000000e+00
0.000000000000000000e+00
0.000000000000000000e+00
1.886284671046237205e-01
7.083076779284021296e-02
2.471443994974574336e-03
1.242724753235568275e-03
3.188711845653076615e-05
7.086625237969153594e-05
9.112038404628163167e-06
2.027016036504470685e-05
2.608357037985338383e-06
2.031265998701826557e-06
7.131550806912297785e-06
9.938356306203139010e-15
5.435275320019171187e-15
0.000000000000000000e+00
0.000000000000000000e+00
0.000000000000000000e+00
0.000000000000000000e+00
0.000000000000000000e+00
0.000000000000000000e+00
4.366828128346342819e-01
6.716366433237556943e-02
3.303360520843070386e-02
8.601239051104906438e-04
1.914134496349052198e-03
2.463923961657487065e-04
5.483529378803632132e-04
7.058936536688562924e-05
5.497510630027723671e-05
1.917974697588121244e-04
7.950225275008360658e-07
7.697555651926558285e-07
7.523499742798747160e-08
6.716100986973915554e-08
0.000000000000000000e+00
0.000000000000000000e+00
0.000000000000000000e+00
0.000000000000000000e+00
0.000000000000000000e+00
4.455294615739244235e-01
3.222916529225962057e-01
7.991577877523161483e-03
1.778629309308684542e-02
2.289676710358507731e-03
5.095860859068702259e-03
6.560051123105597017e-04
5.108968135398174850e-04
1.781146901477309846e-03
6.938979257687184707e-06
6.878200596451946817e-06
6.937935275737080711e-07
3.030161746894257738e-06
0.000000000000000000e+00
0.000000000000000000e+00
0.000000000000000000e+00
0.000000000000000000e+00
0.000000000000000000e+00
0.000000000000000000e+00
6.339676593845507968e-01
6.013541090671362804e-02
1.187825217424978430e-01
1.529109935428288845e-02
3.403164713733128344e-02
4.380988498093282488e-03
3.411925580790858229e-03
1.189499790037264713e-02
4.633840744641195972e-05
4.593745698624785182e-05
4.633308624242191403e-06
1.514366552589020510e-05
5.332667944932855562e-06
2.777031300310067829e-07
0.000000000000000000e+00
0.000000000000000000e+00
0.000000000000000000e+00
0.000000000000000000e+00
0.000000000000000000e+00
2.620379999999999376e-01
4.164643000000001760e-01
4.539159999999999723e-02
1.010228000000001070e-01
1.300500000000000267e-02
1.012829999999999980e-02
3.531025319999996775e-02
1.375536999999999702e-04
1.363650800000000324e-04
1.375488000000000306e-05
4.483142000000004112e-05
1.439019999999998972e-05
2.592626499999998681e-06
0.000000000000000000e+00
0.000000000000000000e+00
0.000000000000000000e+00
0.000000000000000000e+00
0.000000000000000000e+00
0.000000000000000000e+00
4.708600437722750276e-01
1.037988984006591037e-01
1.969243200106979286e-01
2.535043858752166965e-02
1.974297253541464417e-02
6.882985091145667200e-02
2.681313917514164744e-04
2.658132395619645016e-04
2.681173428520071891e-05
8.739191564409785993e-05
2.804711291006276003e-05
5.159012141071267620e-06
0.000000000000000000e+00
0.000000000000000000e+00
0.000000000000000000e+00
0.000000000000000000e+00
0.000000000000000000e+00
0.000000000000000000e+00
0.000000000000000000e+00
2.517039999999999833e-01
4.191269999999999163e-01
4.581260000000000887e-02
3.567889999999999256e-02
1.243874430000000281e-01
4.845541000000001927e-04
4.803730000000002473e-04
4.845080000000002068e-05
1.579333999999999404e-04
5.068535999999997782e-05
9.412850000000002552e-06
0.000000000000000000e+00
0.000000000000000000e+00
0.000000000000000000e+00
0.000000000000000000e+00
0.000000000000000000e+00
0.000000000000000000e+00
0.000000000000000000e+00
0.000000000000000000e+00
4.840516277202768780e-01
1.045961053098982962e-01
6.940404846473682832e-02
2.419579091913802160e-01
9.425601430831589836e-04
9.344130273085931443e-04
9.425146288493538109e-05
3.072061202811018910e-04
9.859641078204253934e-05
1.841101076330338917e-05
0.000000000000000000e+00
0.000000000000000000e+00
0.000000000000000000e+00
0.000000000000000000e+00
0.000000000000000000e+00
0.000000000000000000e+00
0.000000000000000000e+00
0.000000000000000000e+00
0.000000000000000000e+00
3.058560000000000723e-01
2.005740000000000023e-01
4.434823599999995758e-01
1.727589000000000295e-03
1.712653999999998568e-03
1.727461999999999488e-04
5.630695999999993633e-04
1.807153000000001500e-04
3.383899999999995841e-05
0.000000000000000000e+00
0.000000000000000000e+00
0.000000000000000000e+00
0.000000000000000000e+00
0.000000000000000000e+00
0.000000000000000000e+00
0.000000000000000000e+00
0.000000000000000000e+00
0.000000000000000000e+00
0.000000000000000000e+00
2.192439999999999667e-01
6.219370530000004615e-01
2.181397000000001151e-03
2.162543999999995848e-03
2.181229999999999172e-04
7.109817000000003082e-04
2.281829999999999937e-04
4.275744000000002815e-05
0.000000000000000000e+00
0.000000000000000000e+00
0.000000000000000000e+00
0.000000000000000000e+00
0.000000000000000000e+00
0.000000000000000000e+00
0.000000000000000000e+00
0.000000000000000000e+00
0.000000000000000000e+00
0.000000000000000000e+00
0.000000000000000000e+00
7.531707844180525191e-01
5.708983422204345209e-02
5.109008675591027171e-02
4.716310513754746678e-03
1.316406805115982043e-02
2.617570506530005926e-03
2.407257207537529420e-04
0.000000000000000000e+00
0.000000000000000000e+00
0.000000000000000000e+00
0.000000000000000000e+00
0.000000000000000000e+00
0.000000000000000000e+00
0.000000000000000000e+00
0.000000000000000000e+00
0.000000000000000000e+00
0.000000000000000000e+00
0.000000000000000000e+00
1.159677538513158822e-02
4.408193953756320282e-01
3.631324740966305753e-01
2.844886551962484689e-02
7.692152546556933757e-02
1.371077297264949174e-02
9.446751170171825826e-04
0.000000000000000000e+00
0.000000000000000000e+00
0.000000000000000000e+00
0.000000000000000000e+00
0.000000000000000000e+00
0.000000000000000000e+00
0.000000000000000000e+00
0.000000000000000000e+00
0.000000000000000000e+00
0.000000000000000000e+00
0.000000000000000000e+00
1.612920856284280881e-05
1.138807309749414499e-02
6.902491612634295004e-01
1.068851013102943004e-01
2.374521383076901304e-01
3.720253436212670600e-02
2.457699987652305247e-03
0.000000000000000000e+00
0.000000000000000000e+00
0.000000000000000000e+00
0.000000000000000000e+00
0.000000000000000000e+00
0.000000000000000000e+00
0.000000000000000000e+00
0.000000000000000000e+00
0.000000000000000000e+00
0.000000000000000000e+00
0.000000000000000000e+00
1.063271292751479736e-07
2.981496856505714155e-04
2.328263405495420990e-01
3.906603155361987323e-01
5.158858367071983420e-01
6.798205144706082059e-02
4.306625526082185317e-03
0.000000000000000000e+00
0.000000000000000000e+00
0.000000000000000000e+00
0.000000000000000000e+00
0.000000000000000000e+00
0.000000000000000000e+00
0.000000000000000000e+00
0.000000000000000000e+00
0.000000000000000000e+00
0.000000000000000000e+00
0.000000000000000000e+00
9.043274820783265082e-10
1.163463405790351757e-04
7.936941256966266456e-02
8.275681724415563656e-02
1.093270042242535434e+00
1.937698826811682928e-01
9.098388543799983130e-03
0.000000000000000000e+00
0.000000000000000000e+00
0.000000000000000000e+00
0.000000000000000000e+00
0.000000000000000000e+00
0.000000000000000000e+00
0.000000000000000000e+00
0.000000000000000000e+00
0.000000000000000000e+00
0.000000000000000000e+00
0.000000000000000000e+00
0.000000000000000000e+00
6.268422221615313722e-05
4.197207392532163045e-02
3.809997255497375029e-02
7.319299489058557207e-01
1.395544732631546214e+00
8.012188221001644017e-02
0.000000000000000000e+00
0.000000000000000000e+00
0.000000000000000000e+00
0.000000000000000000e+00
0.000000000000000000e+00
0.000000000000000000e+00
0.000000000000000000e+00
0.000000000000000000e+00
0.000000000000000000e+00
0.000000000000000000e+00
0.000000000000000000e+00
0.000000000000000000e+00
1.151467538139056224e-04
7.891704958974829487e-02
6.901929694596052600e-02
9.699265979698922235e-01
2.326152577335604210e+00
1.281230413645222166e+00
6.114262888696340298e-02
7.933121431799752821e-02
1.368255984279239008e-02
5.818775264528456854e-04
3.023903984668922231e-04
7.872441047896926294e-06
1.751973507504795945e-05
2.255105455360604165e-06
5.018354144946467612e-06
6.460105127322090055e-07
5.030347970162883467e-07
1.752253911028063826e-06
0.000000000000000000e+00
0.000000000000000000e+00
0.000000000000000000e+00
0.000000000000000000e+00
0.000000000000000000e+00
0.000000000000000000e+00
0.000000000000000000e+00
1.838631560534850218e-01
1.134336236041933454e-01
4.679848019159008055e-03
2.436686860468279935e-03
6.350336992835561259e-05
1.413348676877707131e-04
1.819421095349228669e-05
4.049318002890322984e-05
5.212791009753001472e-06
4.059858812820893475e-06
1.425426846705206554e-05
0.000000000000000000e+00
0.000000000000000000e+00
0.000000000000000000e+00
0.000000000000000000e+00
0.000000000000000000e+00
0.000000000000000000e+00
0.000000000000000000e+00
0.000000000000000000e+00
5.593712894677671521e-01
1.453065725351372073e-01
7.382824287622660742e-02
1.924119755487620990e-03
4.282373210092255134e-03
5.512794068932116206e-04
1.226921308763749118e-03
1.579447106031264488e-04
1.230082535809434870e-04
4.291435643729113003e-04
1.773101984359990285e-06
1.734290143216673347e-06
1.717376004123222753e-07
1.548330941887414575e-07
0.000000000000000000e+00
0.000000000000000000e+00
0.000000000000000000e+00
0.000000000000000000e+00
0.000000000000000000e+00
5.412632445276288617e-01
6.783548260297032062e-01
1.729318465587823331e-02
3.848821288078344699e-02
4.954691698599523499e-03
1.102709268636973064e-02
1.419547600601284154e-03
1.105544838029989992e-03
3.854276578014842383e-03
1.501543765544932574e-05
1.488394880839430394e-05
1.501298537551566908e-06
6.557642535214674928e-06
0.000000000000000000e+00
0.000000000000000000e+00
0.000000000000000000e+00
0.000000000000000000e+00
0.000000000000000000e+00
0.000000000000000000e+00
9.094614343244696864e-01
1.229633533944734236e-01
2.585353234741851192e-01
3.328183529830303078e-02
7.407161963816308314e-02
9.535457574280968920e-03
7.426225742379616822e-03
2.589006235540389916e-02
1.008578707568435286e-04
9.998517205359989544e-05
1.008462905196415262e-05
3.295685145297123339e-05
1.160335956255870145e-05
6.148644493419807977e-07
0.000000000000000000e+00
0.000000000000000000e+00
0.000000000000000000e+00
0.000000000000000000e+00
0.000000000000000000e+00
2.218239999999998824e-01
8.183979999999998478e-01
9.737230000000002272e-02
2.167100000000000415e-01
2.789769999999999750e-02
2.172680000000000444e-02
7.574621139999997144e-02
2.950750000000001115e-04
2.925251000000000023e-04
2.950639999999999925e-05
9.617072000000003254e-05
3.086932000000000754e-05
5.561601999999999034e-06
0.000000000000000000e+00
0.000000000000000000e+00
0.000000000000000000e+00
0.000000000000000000e+00
0.000000000000000000e+00
0.000000000000000000e+00
6.115637898134888006e-01
2.054703012960479025e-01
4.227383154749698724e-01
5.442010428375009673e-02
4.238249442401312295e-02
1.477579415347479996e-01
5.756005972607661312e-04
5.706242589273908573e-04
5.755702664835673024e-05
1.876052046897766338e-04
6.020904751970060972e-05
1.107566093747443985e-05
0.000000000000000000e+00
0.000000000000000000e+00
0.000000000000000000e+00
0.000000000000000000e+00
0.000000000000000000e+00
0.000000000000000000e+00
0.000000000000000000e+00
2.229029999999999345e-01
8.231789999999993279e-01
9.798649999999997640e-02
7.631189999999997420e-02
2.660467569999998005e-01
1.036390000000000098e-03
1.027447600000000330e-03
1.036290999999999867e-04
3.377963999999999902e-04
1.084085000000000582e-04
2.013270000000000123e-05
0.000000000000000000e+00
0.000000000000000000e+00
0.000000000000000000e+00
0.000000000000000000e+00
0.000000000000000000e+00
0.000000000000000000e+00
0.000000000000000000e+00
0.000000000000000000e+00
6.132712303960549116e-01
2.061923279782540974e-01
1.484572294342929311e-01
5.175606095493341385e-01
2.016184447453284352e-03
1.998758242359942663e-03
2.016089429644594576e-04
6.571295576767607850e-04
2.109028660124411014e-04
3.938292953630138861e-05
0.000000000000000000e+00
0.000000000000000000e+00
0.000000000000000000e+00
0.000000000000000000e+00
0.000000000000000000e+00
0.000000000000000000e+00
0.000000000000000000e+00
0.000000000000000000e+00
0.000000000000000000e+00
2.232119999999999105e-01
3.288509999999999489e-01
9.302727100000010019e-01
3.623911999999999099e-03
3.592582000000002149e-03
3.623649999999998552e-04
1.181133199999999427e-03
3.790809000000002079e-04
7.098295999999996455e-05
0.000000000000000000e+00
0.000000000000000000e+00
0.000000000000000000e+00
0.000000000000000000e+00
0.000000000000000000e+00
0.000000000000000000e+00
0.000000000000000000e+00
0.000000000000000000e+00
0.000000000000000000e+00
0.000000000000000000e+00
2.232400000000001050e-01
1.256703189999999637e+00
4.653941000000001715e-03
4.613723999999999603e-03
4.653600000000003285e-04
1.516857000000001662e-03
4.868214000000003192e-04
9.122177000000002633e-05
0.000000000000000000e+00
0.000000000000000000e+00
0.000000000000000000e+00
0.000000000000000000e+00
0.000000000000000000e+00
0.000000000000000000e+00
0.000000000000000000e+00
0.000000000000000000e+00
0.000000000000000000e+00
0.000000000000000000e+00
0.000000000000000000e+00
1.220582845624697876e+00
1.244895891199684912e-01
1.154736473591525675e-01
1.086977800246762167e-02
3.097488199231863970e-02
6.627585661846848233e-03
7.245476516345248502e-04
0.000000000000000000e+00
0.000000000000000000e+00
0.000000000000000000e+00
0.000000000000000000e+00
0.000000000000000000e+00
0.000000000000000000e+00
0.000000000000000000e+00
0.000000000000000000e+00
0.000000000000000000e+00
0.000000000000000000e+00
0.000000000000000000e+00
5.909400119904381979e-03
6.362386376047094450e-01
7.423873750003420202e-01
6.099519023251864791e-02
1.646754025386978348e-01
2.911597467693977093e-02
1.992464464318970639e-03
0.000000000000000000e+00
0.000000000000000000e+00
0.000000000000000000e+00
0.000000000000000000e+00
0.000000000000000000e+00
0.000000000000000000e+00
0.000000000000000000e+00
0.000000000000000000e+00
0.000000000000000000e+00
0.000000000000000000e+00
0.000000000000000000e+00
2.904847506971477109e-08
4.922157055359660353e-03
1.065691465528956217e+00
2.475379653676342551e-01
5.420165871598887630e-01
8.303393286718570299e-02
5.369143530772782329e-03
0.000000000000000000e+00
0.000000000000000000e+00
0.000000000000000000e+00
0.000000000000000000e+00
0.000000000000000000e+00
0.000000000000000000e+00
0.000000000000000000e+00
0.000000000000000000e+00
0.000000000000000000e+00
0.000000000000000000e+00
0.000000000000000000e+00
2.544111005595645737e-11
1.243798740485180197e-06
2.111293174676719120e-01
7.124150257031037770e-01
1.096338272989967333e+00
1.407310684520495236e-01
8.504655534186422380e-03
0.000000000000000000e+00
0.000000000000000000e+00
0.000000000000000000e+00
0.000000000000000000e+00
0.000000000000000000e+00
0.000000000000000000e+00
0.000000000000000000e+00
0.000000000000000000e+00
0.000000000000000000e+00
0.000000000000000000e+00
0.000000000000000000e+00
2.229461430926644418e-13
1.486031946832406374e-07
1.594458182779993211e-02
4.385483351000869778e-02
2.152915981034240644e+00
5.123928654756644274e-01
1.737016134509591567e-02
0.000000000000000000e+00
0.000000000000000000e+00
0.000000000000000000e+00
0.000000000000000000e+00
0.000000000000000000e+00
0.000000000000000000e+00
0.000000000000000000e+00
0.000000000000000000e+00
0.000000000000000000e+00
0.000000000000000000e+00
0.000000000000000000e+00
0.000000000000000000e+00
4.080690960301464355e-08
3.095670259683433196e-03
7.127911843944279707e-03
7.007489166604207176e-01
3.060040124795492034e+00
1.697698714252157681e-01
0.000000000000000000e+00
0.000000000000000000e+00
0.000000000000000000e+00
0.000000000000000000e+00
0.000000000000000000e+00
0.000000000000000000e+00
0.000000000000000000e+00
0.000000000000000000e+00
0.000000000000000000e+00
0.000000000000000000e+00
0.000000000000000000e+00
0.000000000000000000e+00
5.161486418969171724e-08
3.560964256658629909e-03
7.694214492391019018e-03
4.148880212588079708e-01
3.053527389849819862e+00
2.627902183644688971e+00
