1.364565184038145362e-01
1.275064096092806687e-03
3.095600551529825717e-03
5.588779082931952580e+00
9.825710590855557791e-06
7.698099999999999388e-02
1.896999999999999242e-01
1.102999999999999597e-03
2.264999999999999653e-03
3.873999999999999222e+00
0.000000000000000000e+00
7.516000000000000458e-02
2.077806586837372960e-01
1.135663035272600893e-03
5.552092852188966537e-04
3.583353054360435941e+00
0.000000000000000000e+00
2.197999999999999954e-01
4.722081658004623206e-01
9.380734137564843578e-04
3.653684968728734958e-04
1.694483486321967547e+00
0.000000000000000000e+00
6.083739999999999704e-01
9.291920040066318220e-01
7.667418147278258229e-04
3.192439047388781958e-04
8.385529493644655608e-01
0.000000000000000000e+00
1.026200000000000029e-02
1.036999999999999700e+00
7.752999999999998174e-04
3.301999999999999488e-04
7.676000000000000600e-01
0.000000000000000000e+00
2.922999999999999817e-03
1.103999999999999870e+00
8.171999999999996975e-04
3.536999999999998695e-04
7.298999999999998822e-01
0.000000000000000000e+00
2.020000000000000094e-03
1.190821351434742326e+00
7.920101820425789292e-04
3.669797593335388341e-04
6.862252391237270155e-01
0.000000000000000000e+00
2.355200000000000002e-03
1.265999999999999348e+00
8.392999999999997468e-04
4.152999999999997405e-04
6.522999999999998799e-01
0.000000000000000000e+00
6.620999999999999932e-04
1.395879399000765186e+00
1.198282294591735504e-03
7.487197734980807024e-04
6.013629781642686467e-01
0.000000000000000000e+00
1.425159999999999969e-03
1.460325458939643717e+00
2.533914477857647941e-03
1.643919572214158848e-03
5.774367140038377810e-01
0.000000000000000000e+00
2.324399999999999971e-05
1.466499447396885758e+00
2.499469712646379231e-03
1.930987842731506652e-03
5.750004420824904594e-01
0.000000000000000000e+00
5.909000000000000515e-06
1.474324912702524193e+00
7.315877672805499825e-03
4.849455311206110272e-03
5.701721822589381761e-01
0.000000000000000000e+00
4.728999999999999954e-06
1.479000000000000759e+00
1.015000000000000104e-02
7.735000000000000556e-03
5.664000000000001256e-01
0.000000000000000000e+00
1.735999999999999928e-07
1.488701117694016363e+00
2.486627442599116666e-02
1.584452006104204377e-02
5.595331662794333916e-01
0.000000000000000000e+00
3.800960000000000175e-07
1.596348954847624624e+00
3.275064710639630922e-02
4.586153888018016517e-02
5.353233656017861719e-01
0.000000000000000000e+00
2.822610000000000865e-09
1.963078498448155518e+00
3.706562583539114164e-01
2.169620851362679403e-01
4.114182438096101180e-01
0.000000000000000000e+00
1.713200000000000091e-11
2.320379789727760489e+00
8.985579919697359585e-01
5.270824633880289989e-01
3.000407199387287172e-01
0.000000000000000000e+00
1.505600000000000209e-11
2.706570700239308902e+00
1.436097596504005480e+00
8.480443494805056659e-01
2.309861141251837724e-01
0.000000000000000000e+00
1.897800000000000092e-11
2.291446315621551655e+00
4.052649660343249916e-01
2.397589245310611517e-01
3.955546245164378028e-01
0.000000000000000000e+00
2.981700000000000028e-11
2.358000000000000984e+00
2.556999999999998718e-01
1.491000000000000381e-01
4.308000000000001828e-01
0.000000000000000000e+00
2.846000000000000192e-12
2.844496936797062059e+00
2.659978307872871706e-01
1.489413217998833971e-01
4.061226767584349973e-01
0.000000000000000000e+00
1.341149999999999874e-11
3.629558399742045083e+00
3.468835556544573318e-01
1.887590471205733145e-01
3.499505897593389592e-01
0.000000000000000000e+00
1.349099999999999977e-12
4.072999999999999510e+00
4.099999999999998090e-01
2.212999999999999134e-01
3.155999999999999361e-01
0.000000000000000000e+00
4.661000000000000031e-13
4.956449536766595720e+00
6.049416468420258930e-01
3.232740047466252098e-01
2.497621429801018811e-01
0.000000000000000000e+00
8.419410000000000169e-13
1.905000000000000426e+01
4.113000000000003986e+00
2.169000000000000927e+00
4.513000000000001039e-02
0.000000000000000000e+00
3.574999999999999913e-16
1.345102716195607784e-01
0.000000000000000000e+00
2.457174398797753404e-03
5.792271788308037905e+00
0.000000000000000000e+00
2.803800000000000042e-02
1.870000000000000828e-01
0.000000000000000000e+00
1.513000000000000672e-03
4.010000000000002451e+00
0.000000000000000000e+00
9.346000000000000141e-03
2.068893540722489266e-01
0.000000000000000000e+00
1.644108797905576667e-05
3.671428040610173138e+00
0.000000000000000000e+00
1.869200000000000028e-02
4.721148672147029712e-01
0.000000000000000000e+00
6.676061262782310100e-06
1.733437993055152893e+00
0.000000000000000000e+00
1.028059999999999807e-01
9.391918770312366327e-01
0.000000000000000000e+00
7.773671649176422318e-06
8.470466963822694817e-01
0.000000000000000000e+00
1.869200000000000028e-02
1.048999999999999932e+00
0.000000000000000000e+00
9.735999999999999619e-06
7.741999999999998883e-01
0.000000000000000000e+00
9.346000000000000141e-03
1.116999999999999549e+00
0.000000000000000000e+00
1.147000000000000030e-05
7.358999999999999986e-01
0.000000000000000000e+00
9.346000000000000141e-03
1.206295828829401895e+00
0.000000000000000000e+00
1.484635626629363691e-05
6.913877413577498299e-01
0.000000000000000000e+00
1.869200000000000028e-02
1.282999999999999474e+00
0.000000000000000000e+00
1.927999999999999837e-05
6.567000000000002835e-01
0.000000000000000000e+00
9.346000000000000141e-03
1.414125361397905900e+00
0.000000000000000000e+00
4.234645275238335178e-05
6.056164404530162138e-01
0.000000000000000000e+00
9.345999999999998753e-02
1.478324511302754551e+00
0.000000000000000000e+00
9.396849459926603562e-05
5.826030762181708678e-01
0.000000000000000000e+00
2.803800000000000042e-02
1.484499206550935257e+00
0.000000000000000000e+00
1.285871461251519572e-04
5.806004760694384315e-01
0.000000000000000000e+00
1.869200000000000028e-02
1.488159430684280027e+00
0.000000000000000000e+00
2.168150072069689391e-04
5.792355785188232353e-01
0.000000000000000000e+00
5.607600000000000084e-02
1.490000000000000657e+00
0.000000000000000000e+00
3.290000000000000281e-04
5.786000000000002252e-01
0.000000000000000000e+00
9.346000000000000141e-03
1.492738197117134735e+00
0.000000000000000000e+00
8.725098769208359042e-04
5.773073280561104026e-01
0.000000000000000000e+00
1.214979999999999671e-01
1.572539066224979409e+00
0.000000000000000000e+00
3.309742956330965439e-03
5.693882436715276274e-01
0.000000000000000000e+00
1.401899999999999535e-01
1.777913614154788879e+00
0.000000000000000000e+00
5.648862904391568733e-03
5.581539593512387931e-01
0.000000000000000000e+00
1.869200000000000028e-02
1.826120124804992084e+00
0.000000000000000000e+00
6.023930608424334608e-03
5.557697535101402408e-01
0.000000000000000000e+00
1.869200000000000028e-02
1.894937962786157337e+00
0.000000000000000000e+00
6.590940084441900514e-03
5.520576178049350080e-01
0.000000000000000000e+00
2.803800000000000042e-02
2.094427579680547158e+00
0.000000000000000000e+00
8.398914206680940103e-03
5.386345272804594631e-01
0.000000000000000000e+00
6.542200000000000792e-02
2.258999999999999453e+00
0.000000000000000000e+00
9.781000000000003233e-03
5.272999999999998799e-01
0.000000000000000000e+00
9.346000000000000141e-03
2.760315215735014593e+00
0.000000000000000000e+00
1.398036350479019661e-02
4.868782737203506406e-01
0.000000000000000000e+00
7.476800000000000113e-02
3.534098374657899999e+00
0.000000000000000000e+00
2.015915522782190869e-02
4.245516381540780926e-01
0.000000000000000000e+00
1.869200000000000028e-02
3.960000000000001741e+00
0.000000000000000000e+00
2.417000000000000745e-02
3.873000000000001997e-01
0.000000000000000000e+00
9.346000000000000141e-03
4.772922001442195139e+00
0.000000000000000000e+00
3.593108237854868853e-02
3.109946080264218149e-01
0.000000000000000000e+00
5.607600000000000084e-02
1.750999999999998735e+01
0.000000000000000000e+00
2.348999999999998589e-01
6.061000000000000415e-02
0.000000000000000000e+00
9.346000000000000141e-03
