4.591184142930067325e-02
2.610797417668345513e-02
2.334997942058572584e-02
3.563238448637204292e-02
9.326366269873183259e-04
3.152186069850939991e-04
2.446629002224369421e-04
3.376256596350318525e-04
1.147511535186975098e-04
3.693762025137272320e-04
1.735641485621724792e-05
6.111128830323306124e-06
7.315476928657599790e-06
4.646799404826884979e-07
1.619484476406396380e-06
0.000000000000000000e+00
0.000000000000000000e+00
0.000000000000000000e+00
0.000000000000000000e+00
0.000000000000000000e+00
0.000000000000000000e+00
0.000000000000000000e+00
0.000000000000000000e+00
0.000000000000000000e+00
0.000000000000000000e+00
0.000000000000000000e+00
0.000000000000000000e+00
5.244694999999996443e-02
6.938185999999997577e-02
6.142907600000003382e-02
1.658237099999999072e-03
5.648813999999998531e-04
4.396854999999999969e-04
6.087563999999998218e-04
2.074776999999999329e-04
6.701987200000003716e-04
3.161040199999998331e-05
1.113457999999998683e-05
1.333406399999999133e-05
8.471324999999998467e-07
2.961069999999996961e-06
0.000000000000000000e+00
0.000000000000000000e+00
0.000000000000000000e+00
0.000000000000000000e+00
0.000000000000000000e+00
0.000000000000000000e+00
0.000000000000000000e+00
0.000000000000000000e+00
0.000000000000000000e+00
0.000000000000000000e+00
0.000000000000000000e+00
0.000000000000000000e+00
0.000000000000000000e+00
7.522191820654142158e-02
1.239914706207596862e-01
3.155447247070847314e-03
1.075319698963979288e-03
8.371604299519433932e-04
1.159308785857511180e-03
3.951818335988855398e-04
1.276731780593229294e-03
6.022494114465631941e-05
2.121476812411389262e-05
2.540517830689064345e-05
1.613934500469525734e-06
5.656040506203861254e-06
0.000000000000000000e+00
0.000000000000000000e+00
0.000000000000000000e+00
0.000000000000000000e+00
0.000000000000000000e+00
0.000000000000000000e+00
0.000000000000000000e+00
0.000000000000000000e+00
0.000000000000000000e+00
0.000000000000000000e+00
0.000000000000000000e+00
0.000000000000000000e+00
0.000000000000000000e+00
0.000000000000000000e+00
3.477399985112295533e-01
5.069412689151137769e-02
1.623380680394800532e-02
1.264388297939631443e-02
1.751754628046136783e-02
5.973502201645313620e-03
1.930651334776120956e-02
9.110047079774861870e-04
3.209086678947605594e-04
3.843017574261645185e-04
2.441557493627886547e-05
8.272299937643091960e-05
3.153006219093948167e-06
2.848464357809861866e-08
0.000000000000000000e+00
0.000000000000000000e+00
0.000000000000000000e+00
0.000000000000000000e+00
0.000000000000000000e+00
0.000000000000000000e+00
0.000000000000000000e+00
0.000000000000000000e+00
0.000000000000000000e+00
0.000000000000000000e+00
0.000000000000000000e+00
0.000000000000000000e+00
0.000000000000000000e+00
2.695677019912268713e-01
1.703817483282675516e-01
1.081387102248893978e-01
1.497991177625379866e-01
5.108216980433131355e-02
1.651044267420833100e-01
7.790975716710412703e-03
2.744443731085937505e-03
3.286592538403566594e-03
2.088034703270930808e-04
7.066602795201580101e-04
2.550105992062864834e-05
5.159749882536610849e-07
7.975030832505525057e-07
1.080343898783987282e-06
4.472448040384086389e-07
0.000000000000000000e+00
0.000000000000000000e+00
0.000000000000000000e+00
0.000000000000000000e+00
0.000000000000000000e+00
0.000000000000000000e+00
0.000000000000000000e+00
0.000000000000000000e+00
0.000000000000000000e+00
0.000000000000000000e+00
0.000000000000000000e+00
1.714426000000000561e-01
2.431315000000000281e-01
2.448105999999999338e-01
8.347147000000000594e-02
2.697922150000002239e-01
1.273087700000000849e-02
4.484561999999999229e-03
5.370470200000001387e-03
3.411949999999999207e-04
1.154716740000001022e-03
4.166938270000002359e-05
5.648838000000001921e-07
5.408055999999993220e-07
7.754557999999998888e-07
2.892539500000001243e-06
0.000000000000000000e+00
0.000000000000000000e+00
0.000000000000000000e+00
0.000000000000000000e+00
0.000000000000000000e+00
0.000000000000000000e+00
0.000000000000000000e+00
0.000000000000000000e+00
0.000000000000000000e+00
0.000000000000000000e+00
0.000000000000000000e+00
0.000000000000000000e+00
1.802954999999999142e-01
4.038256999999998986e-01
1.148834999999999718e-01
3.713313059999998056e-01
1.752254300000000153e-02
6.172464999999997641e-03
7.391803699999999547e-03
4.696155999999998207e-04
1.589311509999999416e-03
5.734973949999997513e-05
7.977568999999999429e-07
7.491187000000002346e-07
1.023457699999999049e-06
4.033869900000000116e-06
0.000000000000000000e+00
0.000000000000000000e+00
0.000000000000000000e+00
0.000000000000000000e+00
0.000000000000000000e+00
0.000000000000000000e+00
0.000000000000000000e+00
0.000000000000000000e+00
0.000000000000000000e+00
0.000000000000000000e+00
0.000000000000000000e+00
0.000000000000000000e+00
0.000000000000000000e+00
3.292541439062015018e-01
2.161641890157357526e-01
5.923527457389702322e-01
2.795094252576366123e-02
9.845979066954640979e-03
1.179100012514657306e-02
7.491071278000610567e-04
2.535215678883059095e-03
9.149190150570813275e-05
1.269155803579141982e-06
1.192415656093796880e-06
1.628288133446466178e-06
3.238740576920702183e-06
8.818506990435049552e-07
2.383783150854674898e-06
0.000000000000000000e+00
0.000000000000000000e+00
0.000000000000000000e+00
0.000000000000000000e+00
0.000000000000000000e+00
0.000000000000000000e+00
0.000000000000000000e+00
0.000000000000000000e+00
0.000000000000000000e+00
0.000000000000000000e+00
0.000000000000000000e+00
0.000000000000000000e+00
2.013160999999998868e-01
9.826474099999985556e-01
4.317163999999998336e-02
1.520755399999998946e-02
1.821179199999998360e-02
1.157032999999999369e-03
3.915749029999997764e-03
1.413086849999998747e-04
1.963205599999997977e-06
1.835120400000000112e-06
2.526589799999999507e-06
4.814750899999996850e-06
5.693254999999996408e-07
4.732048700000000656e-06
0.000000000000000000e+00
0.000000000000000000e+00
0.000000000000000000e+00
0.000000000000000000e+00
0.000000000000000000e+00
0.000000000000000000e+00
0.000000000000000000e+00
0.000000000000000000e+00
0.000000000000000000e+00
0.000000000000000000e+00
0.000000000000000000e+00
0.000000000000000000e+00
0.000000000000000000e+00
9.293776785085291481e-01
2.488076985765605709e-01
8.532871512339033904e-02
1.021848392437843395e-01
6.492017788182683283e-03
2.197095588237580124e-02
7.928594224475458366e-04
1.099068772614661316e-05
1.030451667204853552e-05
1.416570054283873564e-05
2.703799906169453401e-05
3.175058059032943127e-06
1.973402102061639084e-05
3.319288640054681491e-06
1.374864594077973677e-06
3.091614756247422481e-06
0.000000000000000000e+00
0.000000000000000000e+00
0.000000000000000000e+00
0.000000000000000000e+00
0.000000000000000000e+00
0.000000000000000000e+00
0.000000000000000000e+00
0.000000000000000000e+00
0.000000000000000000e+00
0.000000000000000000e+00
0.000000000000000000e+00
5.109878386283771556e-01
3.867970555697394230e-01
4.357008536692598688e-01
2.768101207611568457e-02
9.368096976060984182e-02
3.380640650824395538e-03
4.686251561745240712e-05
4.393898899821369953e-05
6.040099229273291080e-05
1.152859326227957275e-04
1.353586924981807714e-05
8.189074508860827407e-05
1.314125551999020521e-05
5.471172134519815809e-06
1.753888481447006865e-05
0.000000000000000000e+00
0.000000000000000000e+00
0.000000000000000000e+00
0.000000000000000000e+00
0.000000000000000000e+00
0.000000000000000000e+00
0.000000000000000000e+00
0.000000000000000000e+00
0.000000000000000000e+00
0.000000000000000000e+00
0.000000000000000000e+00
0.000000000000000000e+00
3.911428748036496206e-01
8.416784594140046538e-01
5.127431918685037421e-02
1.735278984400363822e-01
6.262039066426546181e-03
8.680492547418044969e-05
8.138880422929507146e-05
1.118805349408597357e-04
2.135468712411228980e-04
2.507485784202603907e-05
1.516861110701689830e-04
2.434156712270141694e-05
1.013488970513332762e-05
3.268132331926348693e-05
0.000000000000000000e+00
0.000000000000000000e+00
0.000000000000000000e+00
0.000000000000000000e+00
0.000000000000000000e+00
0.000000000000000000e+00
0.000000000000000000e+00
0.000000000000000000e+00
0.000000000000000000e+00
0.000000000000000000e+00
0.000000000000000000e+00
0.000000000000000000e+00
0.000000000000000000e+00
7.727814071313633404e-01
1.630344723171694155e-01
5.127526237698468714e-01
1.850302730178868954e-02
2.564927157063875843e-04
2.404847020402695696e-04
3.305807605643386912e-04
6.309950543980929897e-04
7.408832683682583218e-05
4.481989031264557483e-04
7.192386366536696171e-05
2.994678774199101631e-05
9.698290198994547655e-05
3.076941056803665352e-08
0.000000000000000000e+00
0.000000000000000000e+00
0.000000000000000000e+00
0.000000000000000000e+00
0.000000000000000000e+00
0.000000000000000000e+00
0.000000000000000000e+00
0.000000000000000000e+00
0.000000000000000000e+00
0.000000000000000000e+00
0.000000000000000000e+00
0.000000000000000000e+00
0.000000000000000000e+00
2.290578000000000336e-01
1.196945669999998962e+00
4.068274689999995530e-02
5.639440000000002506e-04
5.287540999999998034e-04
7.268463000000003867e-04
1.387364300000000408e-03
1.628998000000000425e-04
9.854559500000004222e-04
1.581471400000000120e-04
6.584235999999999550e-05
2.097328199999999934e-04
3.851719000000001907e-06
0.000000000000000000e+00
0.000000000000000000e+00
0.000000000000000000e+00
0.000000000000000000e+00
0.000000000000000000e+00
0.000000000000000000e+00
0.000000000000000000e+00
0.000000000000000000e+00
0.000000000000000000e+00
0.000000000000000000e+00
0.000000000000000000e+00
0.000000000000000000e+00
0.000000000000000000e+00
0.000000000000000000e+00
1.077921712908384455e+00
3.538927930473378392e-01
4.832332411646229203e-03
4.530746344618627464e-03
6.228162559982648554e-03
1.188787250717552452e-02
1.395830366908378493e-03
8.444133113039119232e-03
1.355057646244107713e-03
5.641845449671796910e-04
1.797079738253331985e-03
3.472836128735744970e-05
0.000000000000000000e+00
0.000000000000000000e+00
0.000000000000000000e+00
0.000000000000000000e+00
0.000000000000000000e+00
0.000000000000000000e+00
0.000000000000000000e+00
0.000000000000000000e+00
0.000000000000000000e+00
0.000000000000000000e+00
0.000000000000000000e+00
0.000000000000000000e+00
0.000000000000000000e+00
0.000000000000000000e+00
0.000000000000000000e+00
1.074737639737321171e+00
7.222606259327281342e-02
6.308900920605027551e-02
8.214020405658988000e-02
1.455002516982309146e-01
1.556736533764531590e-02
7.921710987479253785e-02
8.714932605867196577e-03
3.058309475390452638e-03
6.238280045896902291e-03
1.669494284287205028e-05
0.000000000000000000e+00
0.000000000000000000e+00
0.000000000000000000e+00
0.000000000000000000e+00
0.000000000000000000e+00
0.000000000000000000e+00
0.000000000000000000e+00
0.000000000000000000e+00
0.000000000000000000e+00
0.000000000000000000e+00
0.000000000000000000e+00
0.000000000000000000e+00
0.000000000000000000e+00
0.000000000000000000e+00
0.000000000000000000e+00
7.117484133273588309e-02
3.801875921854967477e-01
2.585509506445255457e-01
2.828777002664190077e-01
4.399636429704816831e-01
4.572804090573390906e-02
2.224115959901228901e-01
2.241229721037131528e-02
7.677925141138627202e-03
1.520570740607826536e-02
3.934737633741874219e-05
0.000000000000000000e+00
0.000000000000000000e+00
0.000000000000000000e+00
0.000000000000000000e+00
0.000000000000000000e+00
0.000000000000000000e+00
0.000000000000000000e+00
0.000000000000000000e+00
0.000000000000000000e+00
0.000000000000000000e+00
0.000000000000000000e+00
0.000000000000000000e+00
0.000000000000000000e+00
0.000000000000000000e+00
0.000000000000000000e+00
9.846976902607303475e-03
7.444015783879133485e-02
4.162953943660502309e-01
3.835969563371784408e-01
5.299691296261060947e-01
5.595245553600858290e-02
2.690181845459190257e-01
2.690571951052523822e-02
9.204544643326298750e-03
1.816703523732914743e-02
4.672751172232921229e-05
0.000000000000000000e+00
0.000000000000000000e+00
0.000000000000000000e+00
0.000000000000000000e+00
0.000000000000000000e+00
0.000000000000000000e+00
0.000000000000000000e+00
0.000000000000000000e+00
0.000000000000000000e+00
0.000000000000000000e+00
0.000000000000000000e+00
0.000000000000000000e+00
0.000000000000000000e+00
0.000000000000000000e+00
0.000000000000000000e+00
1.304464895640906896e-03
8.245955065472598822e-03
6.179103279156318573e-02
5.699293003157092086e-01
7.390179765289761615e-01
6.681826164573329008e-02
3.409869975581550361e-01
3.506189959852548665e-02
1.193726003255198356e-02
2.350804530281227350e-02
6.036731782421921971e-05
0.000000000000000000e+00
0.000000000000000000e+00
0.000000000000000000e+00
0.000000000000000000e+00
0.000000000000000000e+00
0.000000000000000000e+00
0.000000000000000000e+00
0.000000000000000000e+00
0.000000000000000000e+00
0.000000000000000000e+00
0.000000000000000000e+00
0.000000000000000000e+00
0.000000000000000000e+00
0.000000000000000000e+00
0.000000000000000000e+00
5.053998538272346810e-05
2.835129192569823620e-04
1.746572303610545397e-03
2.794378701560055675e-02
1.059427196087820100e+00
1.819809393103704875e-01
6.576057357108864299e-01
6.163419821456201514e-02
2.070461760272791080e-02
4.017577039313371956e-02
1.014255279941506918e-04
0.000000000000000000e+00
0.000000000000000000e+00
0.000000000000000000e+00
0.000000000000000000e+00
0.000000000000000000e+00
0.000000000000000000e+00
0.000000000000000000e+00
0.000000000000000000e+00
0.000000000000000000e+00
0.000000000000000000e+00
0.000000000000000000e+00
0.000000000000000000e+00
0.000000000000000000e+00
0.000000000000000000e+00
0.000000000000000000e+00
4.826229027812000514e-06
2.652612000000000142e-05
1.551347899999999831e-04
1.882145800000000271e-03
3.759526609999997993e-01
4.971903999999999213e-01
1.156839710000000965e+00
9.069411000000000833e-02
2.978315000000000129e-02
5.616134499999996671e-02
1.374029999999999718e-04
0.000000000000000000e+00
0.000000000000000000e+00
0.000000000000000000e+00
0.000000000000000000e+00
0.000000000000000000e+00
0.000000000000000000e+00
0.000000000000000000e+00
0.000000000000000000e+00
0.000000000000000000e+00
0.000000000000000000e+00
0.000000000000000000e+00
0.000000000000000000e+00
0.000000000000000000e+00
0.000000000000000000e+00
0.000000000000000000e+00
9.571638221970971255e-07
5.083240280388437760e-06
2.924868002164664047e-05
3.610773272449283792e-04
4.685526980366296751e-02
4.429426749906011096e-02
2.082893152114959179e+00
3.383220230330858391e-01
7.430786248023132923e-02
1.083391608870464401e-01
2.383021016203015524e-04
0.000000000000000000e+00
0.000000000000000000e+00
0.000000000000000000e+00
0.000000000000000000e+00
0.000000000000000000e+00
0.000000000000000000e+00
0.000000000000000000e+00
0.000000000000000000e+00
0.000000000000000000e+00
0.000000000000000000e+00
0.000000000000000000e+00
0.000000000000000000e+00
0.000000000000000000e+00
0.000000000000000000e+00
0.000000000000000000e+00
2.934727723995592488e-07
1.450084063644164738e-06
8.116028362301493817e-06
1.020068927522555836e-04
1.126845666462510630e-02
8.756409286949221049e-03
9.790061146807200743e-01
1.565087834649396825e+00
4.640981308349499956e-01
4.121542035030625328e-01
2.458739416557765970e-04
0.000000000000000000e+00
0.000000000000000000e+00
0.000000000000000000e+00
0.000000000000000000e+00
0.000000000000000000e+00
0.000000000000000000e+00
0.000000000000000000e+00
0.000000000000000000e+00
0.000000000000000000e+00
0.000000000000000000e+00
0.000000000000000000e+00
0.000000000000000000e+00
0.000000000000000000e+00
0.000000000000000000e+00
0.000000000000000000e+00
2.462766329000000523e-07
1.208887800000000405e-06
6.728708999999999243e-06
8.364077999999999238e-05
9.046530900000002151e-03
6.896379999999997096e-03
5.062772699999998904e-01
1.115862899999999769e+00
1.034926999999999930e+00
1.178045052999999287e+00
4.458426000000000468e-04
1.000000000000000533e+01
0.000000000000000000e+00
0.000000000000000000e+00
0.000000000000000000e+00
0.000000000000000000e+00
0.000000000000000000e+00
0.000000000000000000e+00
0.000000000000000000e+00
0.000000000000000000e+00
0.000000000000000000e+00
0.000000000000000000e+00
0.000000000000000000e+00
0.000000000000000000e+00
0.000000000000000000e+00
0.000000000000000000e+00
2.510733780228833452e-07
1.204547266005468873e-06
6.653845303925136422e-06
8.199469193988691295e-05
8.640348020665938530e-03
6.442838584365481562e-03
3.601639886692086234e-01
4.919360120357570976e-01
5.858845848812073154e-01
3.172552083073663098e+00
7.563921774546568735e-03
1.000000000000001066e+01
0.000000000000000000e+00
0.000000000000000000e+00
0.000000000000000000e+00
0.000000000000000000e+00
0.000000000000000000e+00
0.000000000000000000e+00
0.000000000000000000e+00
0.000000000000000000e+00
0.000000000000000000e+00
0.000000000000000000e+00
0.000000000000000000e+00
0.000000000000000000e+00
0.000000000000000000e+00
0.000000000000000000e+00
1.150633797000002260e-06
5.549491000000004598e-06
3.038173400000004456e-05
3.712912300000006461e-04
3.789154119999996878e-02
2.756133000000000541e-02
1.370897689999999836e+00
5.098238000000003822e-01
3.880450000000005284e-01
1.375453789999998122e+01
7.940271000000005408e-01
4.374661038353409859e-02
2.582984256919438476e-02
2.388613293741067775e-02
3.618869746354321654e-02
9.517819761859268660e-04
3.222143146676473822e-04
2.502785904568596126e-04
3.456511054432166458e-04
1.175600019432053277e-04
3.787363282426394633e-04
1.780996091195525234e-05
6.271227103652258509e-06
7.507468247305303098e-06
4.768898421113796842e-07
1.662070638541422128e-06
0.000000000000000000e+00
0.000000000000000000e+00
0.000000000000000000e+00
0.000000000000000000e+00
0.000000000000000000e+00
0.000000000000000000e+00
0.000000000000000000e+00
0.000000000000000000e+00
0.000000000000000000e+00
0.000000000000000000e+00
0.000000000000000000e+00
0.000000000000000000e+00
4.959319000000001615e-02
6.873662000000002603e-02
6.284898600000000946e-02
1.696616100000001518e-03
5.785949000000003986e-04
4.506389000000001486e-04
6.243260000000002427e-04
2.128920000000001159e-04
6.880638900000004979e-04
3.246738100000002192e-05
1.143675800000001231e-05
1.369615499999999796e-05
8.701450000000004374e-07
3.041520700000000568e-06
0.000000000000000000e+00
0.000000000000000000e+00
0.000000000000000000e+00
0.000000000000000000e+00
0.000000000000000000e+00
0.000000000000000000e+00
0.000000000000000000e+00
0.000000000000000000e+00
0.000000000000000000e+00
0.000000000000000000e+00
0.000000000000000000e+00
0.000000000000000000e+00
0.000000000000000000e+00
7.235901346587531036e-02
1.262908243183069323e-01
3.233003091398360153e-03
1.102523329783030963e-03
8.586911205330780613e-04
1.189637364729755845e-03
4.056573735042715879e-04
1.311062544838345438e-03
6.186320572192131005e-05
2.179226789520349525e-05
2.609703075604951622e-05
1.657897309414029620e-06
5.810121997641802510e-06
0.000000000000000000e+00
0.000000000000000000e+00
0.000000000000000000e+00
0.000000000000000000e+00
0.000000000000000000e+00
0.000000000000000000e+00
0.000000000000000000e+00
0.000000000000000000e+00
0.000000000000000000e+00
0.000000000000000000e+00
0.000000000000000000e+00
0.000000000000000000e+00
0.000000000000000000e+00
0.000000000000000000e+00
3.454622027042527077e-01
5.154091610199865170e-02
1.660839199537866157e-02
1.293603943066654917e-02
1.792270963749372295e-02
6.111772771388991436e-03
1.975384657123041565e-02
9.321309929457132631e-04
3.283509952493888009e-04
3.932145487645328044e-04
2.498183813935421203e-05
8.464215147790352415e-05
3.225504806848832192e-06
2.903464784375507358e-08
0.000000000000000000e+00
0.000000000000000000e+00
0.000000000000000000e+00
0.000000000000000000e+00
0.000000000000000000e+00
0.000000000000000000e+00
0.000000000000000000e+00
0.000000000000000000e+00
0.000000000000000000e+00
0.000000000000000000e+00
0.000000000000000000e+00
0.000000000000000000e+00
0.000000000000000000e+00
2.653473843450756542e-01
1.716841181729652221e-01
1.110511496999013470e-01
1.538610169531345329e-01
5.246903079016852073e-02
1.695897791398755794e-01
8.002652150480760521e-03
2.819008376744238688e-03
3.375887253288966782e-03
2.144765361143548255e-04
7.258597318948803445e-04
2.619390749606831758e-05
5.301010860757587699e-07
8.194868855829168686e-07
1.109510095310923786e-06
4.591670303859200438e-07
0.000000000000000000e+00
0.000000000000000000e+00
0.000000000000000000e+00
0.000000000000000000e+00
0.000000000000000000e+00
0.000000000000000000e+00
0.000000000000000000e+00
0.000000000000000000e+00
0.000000000000000000e+00
0.000000000000000000e+00
0.000000000000000000e+00
1.674193999999999960e-01
2.426057999999998716e-01
2.514450000000000296e-01
8.574532999999995297e-02
2.771466730000001766e-01
1.307813100000000499e-02
4.606885999999998406e-03
5.516958800000003500e-03
3.505017000000001004e-04
1.186213920000001509e-03
4.280600769999999002e-05
5.802921999999998445e-07
5.555572000000003049e-07
7.966078999999999900e-07
2.971439399999998549e-06
0.000000000000000000e+00
0.000000000000000000e+00
0.000000000000000000e+00
0.000000000000000000e+00
0.000000000000000000e+00
0.000000000000000000e+00
0.000000000000000000e+00
0.000000000000000000e+00
0.000000000000000000e+00
0.000000000000000000e+00
0.000000000000000000e+00
0.000000000000000000e+00
1.761795999999999363e-01
4.073617000000002708e-01
1.180179000000000089e-01
3.814598519999998771e-01
1.800058999999999687e-02
6.340866999999998296e-03
7.593474999999995367e-03
4.824283999999997262e-04
1.632673630000000585e-03
5.891445059999996544e-05
8.195225999999992363e-07
7.695573999999997439e-07
1.051381399999999661e-06
4.143928099999994190e-06
0.000000000000000000e+00
0.000000000000000000e+00
0.000000000000000000e+00
0.000000000000000000e+00
0.000000000000000000e+00
0.000000000000000000e+00
0.000000000000000000e+00
0.000000000000000000e+00
0.000000000000000000e+00
0.000000000000000000e+00
0.000000000000000000e+00
0.000000000000000000e+00
0.000000000000000000e+00
3.249256063918737336e-01
2.182042581144951754e-01
6.084467717694072020e-01
2.871173835195313731e-02
1.011397762480129546e-02
1.211194200463164804e-02
7.694972679860535500e-04
2.604222252379769648e-03
9.398224989326730238e-05
1.303705928037240033e-06
1.224869576828596725e-06
1.672609509139270599e-06
3.326958808075812147e-06
9.061332080954199210e-07
2.448307409510503378e-06
0.000000000000000000e+00
0.000000000000000000e+00
0.000000000000000000e+00
0.000000000000000000e+00
0.000000000000000000e+00
0.000000000000000000e+00
0.000000000000000000e+00
0.000000000000000000e+00
0.000000000000000000e+00
0.000000000000000000e+00
0.000000000000000000e+00
0.000000000000000000e+00
1.970959000000001293e-01
1.001457139999999191e+00
4.435010999999999121e-02
1.562268700000000315e-02
1.870893399999999651e-02
1.188616999999999669e-03
4.022640469999998192e-03
1.451660929999998577e-04
2.016797099999999546e-06
1.885215200000001106e-06
2.595560099999999022e-06
4.946182900000001253e-06
5.848668000000001666e-07
4.861223000000002263e-06
0.000000000000000000e+00
0.000000000000000000e+00
0.000000000000000000e+00
0.000000000000000000e+00
0.000000000000000000e+00
0.000000000000000000e+00
0.000000000000000000e+00
0.000000000000000000e+00
0.000000000000000000e+00
0.000000000000000000e+00
0.000000000000000000e+00
0.000000000000000000e+00
0.000000000000000000e+00
9.373494359298800704e-01
2.542552582018351437e-01
8.749237006138683992e-02
1.047761180720964413e-01
6.656655150443919512e-03
2.252814796394719127e-02
8.129668141746715111e-04
1.126941663782392858e-05
1.056584493735898567e-05
1.452495218722043031e-05
2.772369757825181072e-05
3.255578959742544467e-06
2.023739539283601538e-05
3.403925073888351567e-06
1.409492515886151121e-06
3.166496547219970598e-06
0.000000000000000000e+00
0.000000000000000000e+00
0.000000000000000000e+00
0.000000000000000000e+00
0.000000000000000000e+00
0.000000000000000000e+00
0.000000000000000000e+00
0.000000000000000000e+00
0.000000000000000000e+00
0.000000000000000000e+00
0.000000000000000000e+00
5.080613852295252642e-01
3.942599030517217051e-01
4.475256728778366222e-01
2.843226503763048377e-02
9.622344862350541705e-02
3.472390540211768659e-03
4.813434922997008041e-05
4.513148295327834699e-05
6.204026207228479457e-05
1.184147784021446971e-04
1.390323071114578734e-05
8.411324148932339685e-05
1.349790572082219918e-05
5.619658507968410334e-06
1.801484811843281450e-05
0.000000000000000000e+00
0.000000000000000000e+00
0.000000000000000000e+00
0.000000000000000000e+00
0.000000000000000000e+00
0.000000000000000000e+00
0.000000000000000000e+00
0.000000000000000000e+00
0.000000000000000000e+00
0.000000000000000000e+00
0.000000000000000000e+00
0.000000000000000000e+00
3.861200207773736737e-01
8.599752717192078455e-01
5.267146541736793253e-02
1.782562760162195725e-01
6.432670381069053624e-03
8.917022482966615736e-05
8.360652927902617745e-05
1.149291053417327431e-04
2.193657025509903225e-04
2.575811313965389190e-05
1.558193292372584348e-04
2.500483957861324939e-05
1.041105020473733237e-05
3.357182782779064554e-05
0.000000000000000000e+00
0.000000000000000000e+00
0.000000000000000000e+00
0.000000000000000000e+00
0.000000000000000000e+00
0.000000000000000000e+00
0.000000000000000000e+00
0.000000000000000000e+00
0.000000000000000000e+00
0.000000000000000000e+00
0.000000000000000000e+00
0.000000000000000000e+00
0.000000000000000000e+00
7.748190572966786593e-01
1.657589533753218991e-01
5.263216738142160178e-01
1.899314518969790269e-02
2.632868299562715684e-04
2.468547942042741421e-04
3.393373408659505308e-04
6.477091961405677650e-04
7.605081828327918110e-05
4.600710348869058576e-04
7.382901655868987195e-05
3.074003312223068022e-05
9.955170962634955366e-05
3.151740539373728698e-08
0.000000000000000000e+00
0.000000000000000000e+00
0.000000000000000000e+00
0.000000000000000000e+00
0.000000000000000000e+00
0.000000000000000000e+00
0.000000000000000000e+00
0.000000000000000000e+00
0.000000000000000000e+00
0.000000000000000000e+00
0.000000000000000000e+00
0.000000000000000000e+00
0.000000000000000000e+00
2.229426000000001296e-01
1.220094579999999596e+00
4.179381449999999831e-02
5.793456000000001948e-04
5.431947000000004458e-04
7.466970000000001592e-04
1.425253999999999497e-03
1.673487000000000737e-04
1.012369459999999839e-03
1.624662400000000703e-04
6.764056000000002176e-05
2.154607499999998768e-04
3.956911999999999665e-06
0.000000000000000000e+00
0.000000000000000000e+00
0.000000000000000000e+00
0.000000000000000000e+00
0.000000000000000000e+00
0.000000000000000000e+00
0.000000000000000000e+00
0.000000000000000000e+00
0.000000000000000000e+00
0.000000000000000000e+00
0.000000000000000000e+00
0.000000000000000000e+00
0.000000000000000000e+00
0.000000000000000000e+00
1.088468521344694295e+00
3.613729013919115274e-01
4.944573335705276795e-03
4.635982200334326682e-03
6.372824318676995406e-03
1.216399327523041453e-02
1.428251490750071613e-03
8.640265497397943417e-03
1.386531732271948248e-03
5.772888441287818678e-04
1.838820730531275137e-03
3.553405887448166073e-05
0.000000000000000000e+00
0.000000000000000000e+00
0.000000000000000000e+00
0.000000000000000000e+00
0.000000000000000000e+00
0.000000000000000000e+00
0.000000000000000000e+00
0.000000000000000000e+00
0.000000000000000000e+00
0.000000000000000000e+00
0.000000000000000000e+00
0.000000000000000000e+00
0.000000000000000000e+00
0.000000000000000000e+00
0.000000000000000000e+00
1.085248200449813405e+00
7.292060648323735184e-02
6.398850727402617677e-02
8.361249137506629459e-02
1.483697534925648709e-01
1.587978797939800651e-02
8.082290643238515537e-02
8.894096299472386766e-03
3.121391153554477563e-03
6.367463724880517879e-03
1.704218694423183730e-05
0.000000000000000000e+00
0.000000000000000000e+00
0.000000000000000000e+00
0.000000000000000000e+00
0.000000000000000000e+00
0.000000000000000000e+00
0.000000000000000000e+00
0.000000000000000000e+00
0.000000000000000000e+00
0.000000000000000000e+00
0.000000000000000000e+00
0.000000000000000000e+00
0.000000000000000000e+00
0.000000000000000000e+00
0.000000000000000000e+00
7.183622247084313350e-02
3.820614774639334299e-01
2.592189316256613973e-01
2.863436369279248050e-01
4.508627881780333801e-01
4.695734487235823928e-02
2.283992444094944674e-01
2.301595768319406390e-02
7.884788134031050361e-03
1.561561672896585005e-02
4.040878213333716441e-05
0.000000000000000000e+00
0.000000000000000000e+00
0.000000000000000000e+00
0.000000000000000000e+00
0.000000000000000000e+00
0.000000000000000000e+00
0.000000000000000000e+00
0.000000000000000000e+00
0.000000000000000000e+00
0.000000000000000000e+00
0.000000000000000000e+00
0.000000000000000000e+00
0.000000000000000000e+00
0.000000000000000000e+00
0.000000000000000000e+00
9.999491793031271836e-03
7.555491869266763028e-02
4.189072715694226456e-01
3.853407344024959991e-01
5.411391473803427443e-01
5.743481763494538012e-02
2.761102662539778874e-01
2.761871537971920948e-02
9.448386695975034139e-03
1.864824158605928733e-02
4.796585922308893097e-05
0.000000000000000000e+00
0.000000000000000000e+00
0.000000000000000000e+00
0.000000000000000000e+00
0.000000000000000000e+00
0.000000000000000000e+00
0.000000000000000000e+00
0.000000000000000000e+00
0.000000000000000000e+00
0.000000000000000000e+00
0.000000000000000000e+00
0.000000000000000000e+00
0.000000000000000000e+00
0.000000000000000000e+00
0.000000000000000000e+00
1.329458043514997970e-03
8.344024713249737282e-03
6.240478364054908439e-02
5.745016573178028940e-01
7.504860394426404735e-01
6.857398758194896415e-02
3.502169055283988475e-01
3.601391158996884029e-02
1.226140648653810047e-02
2.414634596558889318e-02
6.200633386692975103e-05
0.000000000000000000e+00
0.000000000000000000e+00
0.000000000000000000e+00
0.000000000000000000e+00
0.000000000000000000e+00
0.000000000000000000e+00
0.000000000000000000e+00
0.000000000000000000e+00
0.000000000000000000e+00
0.000000000000000000e+00
0.000000000000000000e+00
0.000000000000000000e+00
0.000000000000000000e+00
0.000000000000000000e+00
0.000000000000000000e+00
5.271498139477541988e-05
2.948701045910709123e-04
1.809323531199447761e-03
2.877953916162499098e-02
1.076576877860779602e+00
1.833355754912246172e-01
6.696586060870235446e-01
6.308533436445208642e-02
2.119919279597412554e-02
4.114968402882943077e-02
1.039258071859041412e-04
0.000000000000000000e+00
0.000000000000000000e+00
0.000000000000000000e+00
0.000000000000000000e+00
0.000000000000000000e+00
0.000000000000000000e+00
0.000000000000000000e+00
0.000000000000000000e+00
0.000000000000000000e+00
0.000000000000000000e+00
0.000000000000000000e+00
0.000000000000000000e+00
0.000000000000000000e+00
0.000000000000000000e+00
0.000000000000000000e+00
4.957763138645997406e-06
2.724842099999997863e-05
1.593343899999998404e-04
1.931056899999998360e-03
3.816135860000001712e-01
5.050793999999999562e-01
1.178475129999999815e+00
9.315268999999996857e-02
3.059527999999997819e-02
5.769472699999999427e-02
1.411555999999999467e-04
0.000000000000000000e+00
0.000000000000000000e+00
0.000000000000000000e+00
0.000000000000000000e+00
0.000000000000000000e+00
0.000000000000000000e+00
0.000000000000000000e+00
0.000000000000000000e+00
0.000000000000000000e+00
0.000000000000000000e+00
0.000000000000000000e+00
0.000000000000000000e+00
0.000000000000000000e+00
0.000000000000000000e+00
0.000000000000000000e+00
9.907205278688162252e-07
5.262775497018972887e-06
3.028720753500786238e-05
3.737111592205253144e-04
4.826716472573765182e-02
4.561247960770881821e-02
2.121721030947280262e+00
3.434524658516082685e-01
7.567420128963323056e-02
1.108063326905401741e-01
2.445125044799188372e-04
0.000000000000000000e+00
0.000000000000000000e+00
0.000000000000000000e+00
0.000000000000000000e+00
0.000000000000000000e+00
0.000000000000000000e+00
0.000000000000000000e+00
0.000000000000000000e+00
0.000000000000000000e+00
0.000000000000000000e+00
0.000000000000000000e+00
0.000000000000000000e+00
0.000000000000000000e+00
0.000000000000000000e+00
0.000000000000000000e+00
3.015150674112194232e-07
1.489817943046474883e-06
8.338433244004174566e-06
1.048025499338581262e-04
1.157666620905236157e-02
8.994526790157551452e-03
1.000061668489217181e+00
1.597889506206870092e+00
4.739672654875491387e-01
4.208612322857010479e-01
2.519917994804026905e-04
0.000000000000000000e+00
0.000000000000000000e+00
0.000000000000000000e+00
0.000000000000000000e+00
0.000000000000000000e+00
0.000000000000000000e+00
0.000000000000000000e+00
0.000000000000000000e+00
0.000000000000000000e+00
0.000000000000000000e+00
0.000000000000000000e+00
0.000000000000000000e+00
0.000000000000000000e+00
0.000000000000000000e+00
0.000000000000000000e+00
2.530026033000000861e-07
1.241903299999999818e-06
6.912475000000002796e-06
8.592508000000000708e-05
9.293477000000008315e-03
7.084364000000001847e-03
5.176387500000000363e-01
1.140172299999999916e+00
1.056813000000000224e+00
1.204184218999999834e+00
4.557154000000002278e-04
9.999999999999996447e+00
0.000000000000000000e+00
0.000000000000000000e+00
0.000000000000000000e+00
0.000000000000000000e+00
0.000000000000000000e+00
0.000000000000000000e+00
0.000000000000000000e+00
0.000000000000000000e+00
0.000000000000000000e+00
0.000000000000000000e+00
0.000000000000000000e+00
0.000000000000000000e+00
0.000000000000000000e+00
0.000000000000000000e+00
2.579018880587775943e-07
1.237319582314007485e-06
6.834908107579076892e-06
8.422627183558998372e-05
8.875615898035409818e-03
6.618300873984003796e-03
3.691441708029318258e-01
5.027556613370318672e-01
5.991670257500290031e-01
3.242580198104832334e+00
7.726604116534915162e-03
1.000000000000000000e+01
0.000000000000000000e+00
0.000000000000000000e+00
0.000000000000000000e+00
0.000000000000000000e+00
0.000000000000000000e+00
0.000000000000000000e+00
0.000000000000000000e+00
0.000000000000000000e+00
0.000000000000000000e+00
0.000000000000000000e+00
0.000000000000000000e+00
0.000000000000000000e+00
0.000000000000000000e+00
0.000000000000000000e+00
1.182058399000000477e-06
5.701050999999998790e-06
3.121147800000000414e-05
3.814314400000004112e-04
3.892638889999998353e-02
2.831405000000000033e-02
1.408161920000001954e+00
5.225085999999997677e-01
3.966199000000000807e-01
1.407178570000001017e+01
8.107917999999995073e-01
