1.000000000000000000e+07
4.723670000000000000e+06
3.678790000000000000e+06
2.231300000000000000e+06
1.426420000000000000e+05
8.651700000000000000e+04
6.737950000000000000e+04
5.247519999999999709e+04
3.182779999999999927e+04
2.478750000000000000e+04
2.034680000000000064e+03
9.611169999999999618e+02
5.829470000000000027e+02
1.300730000000000075e+02
1.013010000000000019e+02
3.927859999999999907e+00
4.139900000000000246e-01
3.652799999999999936e-01
3.196100000000000052e-01
2.568300000000000027e-01
1.370000000000000107e-01
1.229299999999999976e-01
3.781299999999999939e-02
2.415399999999999839e-02
1.846700000000000078e-02
3.523800000000000109e-04
1.000000000000000082e-05
