26
5
1.000000e+07
4.723670e+06
3.678790e+06
2.231300e+06
1.426420e+05
8.651700e+04
6.737950e+04
5.247520e+04
3.182780e+04
2.478750e+04
2.034680e+03
9.611170e+02
5.829470e+02
1.300730e+02
1.013010e+02
3.927860e+00
4.139900e-01
3.652800e-01
3.196100e-01
2.568300e-01
1.370000e-01
1.229300e-01
3.781300e-02
2.415400e-02
1.846700e-02
3.523800e-04
1.000000e-05
1.272155e-03
1.103084e-03
1.135447e-03
9.372917e-04
7.667105e-04
7.752740e-04
8.172415e-04
7.920192e-04
8.392571e-04
1.196984e-03
2.533299e-03
2.499796e-03
7.312010e-03
1.014986e-02
2.479611e-02
3.212521e-02
3.695549e-01
8.914186e-01
1.436221e+00
4.169506e-01
2.557427e-01
2.649880e-01
3.467062e-01
4.100338e-01
6.010664e-01
4.113005e+00
3.081316e-03
2.265426e-03
5.564842e-04
3.649284e-04
3.192379e-04
3.301809e-04
3.537483e-04
3.669296e-04
4.152692e-04
7.475883e-04
1.643608e-03
1.931046e-03
4.846366e-03
7.735151e-03
1.580818e-02
4.354707e-02
2.162933e-01
5.230043e-01
8.480492e-01
2.467720e-01
1.490927e-01
1.485102e-01
1.886861e-01
2.213456e-01
3.212684e-01
2.168673e+00
7.698304e-02
7.516087e-02
2.197891e-01
6.083843e-01
1.026244e-02
2.922748e-03
2.020264e-03
2.355443e-03
6.620939e-04
1.425094e-03
2.324194e-05
5.908298e-06
4.729361e-06
1.736283e-07
3.801091e-07
2.822550e-09
1.713151e-11
1.505659e-11
1.897826e-11
2.981879e-11
2.846090e-12
1.341229e-11
1.349167e-12
4.661035e-13
8.419747e-13
3.575112e-16
9.667366e-06
0.000000e+00
0.000000e+00
0.000000e+00
0.000000e+00
0.000000e+00
0.000000e+00
0.000000e+00
0.000000e+00
0.000000e+00
0.000000e+00
0.000000e+00
0.000000e+00
0.000000e+00
0.000000e+00
0.000000e+00
0.000000e+00
0.000000e+00
0.000000e+00
0.000000e+00
0.000000e+00
0.000000e+00
0.000000e+00
0.000000e+00
0.000000e+00
0.000000e+00
1.366262e-01
1.897324e-01
2.079600e-01
4.730094e-01
9.291154e-01
1.037107e+00
1.103899e+00
1.191089e+00
1.266200e+00
1.395586e+00
1.460266e+00
1.466553e+00
1.474094e+00
1.479214e+00
1.488686e+00
1.592781e+00
1.962356e+00
2.316036e+00
2.706533e+00
2.292097e+00
2.357920e+00
2.830533e+00
3.628228e+00
4.072938e+00
4.941924e+00
1.905187e+01
1.357676e-01
1.883280e-01
2.048526e-01
4.698902e-01
9.299366e-01
1.038535e+00
1.105166e+00
1.192119e+00
1.266968e+00
1.395880e+00
1.460310e+00
1.466573e+00
1.474029e+00
1.478971e+00
1.487776e+00
1.592781e+00
1.962356e+00
2.316036e+00
2.706533e+00
2.292097e+00
2.357920e+00
2.830533e+00
3.628228e+00
4.072938e+00
4.941924e+00
1.905187e+01
5.583050e+00
3.874244e+00
3.577999e+00
1.689040e+00
8.385831e-01
7.675625e-01
7.299007e-01
6.862249e-01
6.522941e-01
6.014497e-01
5.774431e-01
5.749856e-01
5.701790e-01
5.664213e-01
5.595554e-01
5.367268e-01
4.117577e-01
3.011119e-01
2.309744e-01
3.928123e-01
4.308015e-01
4.070604e-01
3.500676e-01
3.155808e-01
2.506576e-01
4.513000e-02
0.000000e+00
0.000000e+00
0.000000e+00
0.000000e+00
0.000000e+00
0.000000e+00
0.000000e+00
0.000000e+00
0.000000e+00
0.000000e+00
0.000000e+00
0.000000e+00
0.000000e+00
0.000000e+00
0.000000e+00
0.000000e+00
0.000000e+00
0.000000e+00
0.000000e+00
0.000000e+00
0.000000e+00
0.000000e+00
0.000000e+00
0.000000e+00
0.000000e+00
0.000000e+00
0.000000e+00
0.000000e+00
0.000000e+00
0.000000e+00
0.000000e+00
0.000000e+00
0.000000e+00
0.000000e+00
0.000000e+00
0.000000e+00
0.000000e+00
0.000000e+00
0.000000e+00
0.000000e+00
0.000000e+00
0.000000e+00
0.000000e+00
0.000000e+00
0.000000e+00
0.000000e+00
0.000000e+00
0.000000e+00
0.000000e+00
0.000000e+00
0.000000e+00
0.000000e+00
0
14
4.577255e-02
2.628311e-02
2.342563e-02
3.571883e-02
9.353595e-04
3.161915e-04
2.454335e-04
3.387140e-04
1.151281e-04
3.706184e-04
1.741621e-05
6.132242e-06
7.340806e-06
4.662918e-07
1.625138e-06
1
14
5.244695e-02
6.938186e-02
6.142908e-02
1.658237e-03
5.648814e-04
4.396855e-04
6.087564e-04
2.074777e-04
6.701987e-04
3.161040e-05
1.113458e-05
1.333406e-05
8.471325e-07
2.961070e-06
2
14
7.585039e-02
1.235627e-01
3.146448e-03
1.072251e-03
8.347709e-04
1.155999e-03
3.940532e-04
1.273085e-03
6.005288e-05
2.115415e-05
2.533259e-05
1.609325e-06
5.639836e-06
3
16
3.486503e-01
5.063889e-02
1.622353e-02
1.263588e-02
1.750645e-02
5.969719e-03
1.929429e-02
9.104276e-04
3.207054e-04
3.840583e-04
2.440011e-05
8.266912e-05
3.152617e-06
2.825347e-08
4
19
2.696938e-01
1.703128e-01
1.081165e-01
1.497683e-01
5.107167e-02
1.650705e-01
7.789374e-03
2.743880e-03
3.285917e-03
2.087605e-04
7.065150e-04
2.549581e-05
5.160946e-07
7.980039e-07
1.079730e-06
4.466710e-07
5
19
1.714426e-01
2.431315e-01
2.448106e-01
8.347147e-02
2.697922e-01
1.273088e-02
4.484562e-03
5.370470e-03
3.411950e-04
1.154717e-03
4.166938e-05
5.648838e-07
5.408056e-07
7.754558e-07
2.892539e-06
6
19
1.802955e-01
4.038257e-01
1.148835e-01
3.713313e-01
1.752254e-02
6.172465e-03
7.391804e-03
4.696156e-04
1.589312e-03
5.734974e-05
7.977569e-07
7.491187e-07
1.023458e-06
4.033870e-06
7
21
3.293694e-01
2.161104e-01
5.922748e-01
2.794727e-02
9.844684e-03
1.178945e-02
7.490086e-04
2.534882e-03
9.147986e-05
1.268997e-06
1.192254e-06
1.628075e-06
3.238428e-06
8.822438e-07
2.382811e-06
8
21
2.013161e-01
9.826474e-01
4.317164e-02
1.520755e-02
1.821179e-02
1.157033e-03
3.915749e-03
1.413087e-04
1.963206e-06
1.835120e-06
2.526590e-06
4.814751e-06
5.693255e-07
4.732049e-06
9
24
9.306369e-01
2.480104e-01
8.506446e-02
1.018684e-01
6.471912e-03
2.190291e-02
7.904040e-04
1.095665e-05
1.027260e-05
1.412183e-05
2.695426e-05
3.165226e-06
1.967757e-05
3.309739e-06
1.370186e-06
3.076437e-06
10
24
5.112682e-01
3.866630e-01
4.355846e-01
2.767363e-02
9.365597e-02
3.379739e-03
4.685001e-05
4.392727e-05
6.038487e-05
1.152552e-04
1.353226e-05
8.186889e-05
1.313775e-05
5.469712e-06
1.753414e-05
11
24
3.912636e-01
8.415784e-01
5.126959e-02
1.735119e-01
6.261461e-03
8.679691e-05
8.138129e-05
1.118702e-04
2.135272e-04
2.507254e-05
1.516721e-04
2.433932e-05
1.013395e-05
3.267829e-05
12
25
7.736672e-01
1.627981e-01
5.121248e-01
1.848037e-02
2.561787e-04
2.401903e-04
3.301760e-04
6.302226e-04
7.399762e-05
4.476502e-04
7.183580e-05
2.991012e-05
9.686399e-05
3.063347e-08
13
25
2.290578e-01
1.196946e+00
4.068275e-02
5.639440e-04
5.287541e-04
7.268463e-04
1.387364e-03
1.628998e-04
9.854560e-04
1.581471e-04
6.584236e-05
2.097328e-04
3.851719e-06
14
25
1.080312e+00
3.517436e-01
4.803205e-03
4.503437e-03
6.190622e-03
1.181622e-02
1.387417e-03
8.393236e-03
1.346890e-03
5.607839e-04
1.786248e-03
3.451765e-05
15
25
1.079045e+00
7.125877e-02
6.230247e-02
8.117316e-02
1.438456e-01
1.539580e-02
7.836837e-02
8.625376e-03
3.027196e-03
6.175587e-03
1.652945e-05
15
25
7.172973e-02
3.807297e-01
2.580464e-01
2.826040e-01
4.396815e-01
4.569655e-02
2.222668e-01
2.239813e-02
7.673180e-03
1.519669e-02
3.932521e-05
15
25
9.986902e-03
7.575802e-02
4.175742e-01
3.820263e-01
5.290229e-01
5.587779e-02
2.685446e-01
2.686476e-02
9.190388e-03
1.813897e-02
4.665649e-05
15
25
1.313096e-03
8.301104e-03
6.232347e-02
5.701000e-01
7.383490e-01
6.677554e-02
3.408011e-01
3.503802e-02
1.192941e-02
2.349276e-02
6.032819e-05
15
25
5.463341e-05
3.064933e-04
1.893273e-03
3.041679e-02
1.070996e+00
1.755797e-01
6.452491e-01
6.066755e-02
2.040660e-02
3.965403e-02
1.002739e-04
15
25
4.826229e-06
2.652612e-05
1.551348e-04
1.882146e-03
3.759527e-01
4.971904e-01
1.156840e+00
9.069411e-02
2.978315e-02
5.616135e-02
1.374030e-04
15
25
9.956702e-07
5.294931e-06
3.049836e-05
3.758605e-04
4.903273e-02
4.693867e-02
2.078524e+00
3.272159e-01
7.262733e-02
1.070340e-01
2.369056e-04
15
25
2.936786e-07
1.451071e-06
8.121682e-06
1.020820e-04
1.127746e-02
8.763891e-03
9.811640e-01
1.564573e+00
4.625753e-01
4.108302e-01
2.457004e-04
15
25
2.462766e-07
1.208888e-06
6.728709e-06
8.364078e-05
9.046531e-03
6.896380e-03
5.062773e-01
1.115863e+00
1.034927e+00
1.178045e+00
4.458426e-04
15
25
2.504538e-07
1.201786e-06
6.639151e-06
8.182029e-05
8.624449e-03
6.432446e-03
3.602088e-01
4.954444e-01
5.901715e-01
3.152376e+00
7.307777e-03
15
25
1.150634e-06
5.549491e-06
3.038173e-05
3.712912e-04
3.789154e-02
2.756133e-02
1.370898e+00
5.098238e-01
3.880450e-01
1.375454e+01
7.940271e-01
0
14
9.575809e-02
3.660291e-02
5.023951e-02
4.504709e-02
3.852874e-04
1.098417e-04
7.604666e-05
8.947418e-05
2.566149e-05
6.169764e-05
2.201185e-06
8.764983e-07
1.403127e-06
1.332636e-07
8.896994e-07
1
14
1.167775e-01
9.356775e-02
9.498345e-02
8.385602e-04
2.364429e-04
1.635184e-04
1.919219e-04
5.474261e-05
1.275338e-04
3.904533e-06
1.480056e-06
2.264494e-06
2.157631e-07
1.394874e-06
2
14
1.151891e-01
2.130220e-01
1.945367e-03
5.472598e-04
3.777104e-04
4.415817e-04
1.251951e-04
2.842895e-04
7.468594e-06
2.653872e-06
3.804740e-06
3.408480e-07
2.232702e-06
3
16
5.617868e-01
8.659034e-02
2.514278e-02
1.729088e-02
2.007323e-02
5.628740e-03
1.216651e-02
2.134682e-04
5.830165e-05
5.587821e-05
3.162650e-06
1.355323e-05
1.990934e-06
3.279616e-08
4
19
5.029417e-01
3.205090e-01
2.413070e-01
2.800281e-01
7.844493e-02
1.687761e-01
2.819010e-03
7.346805e-04
6.318116e-04
2.849256e-05
9.305259e-05
8.218147e-06
4.115164e-07
8.598864e-07
1.317225e-06
5.333355e-07
5
19
3.679458e-01
4.078408e-01
5.464699e-01
1.530972e-01
3.291557e-01
5.454599e-03
1.410299e-03
1.188665e-03
5.090479e-05
1.531591e-04
1.150786e-05
5.408070e-07
5.408070e-07
8.112105e-07
3.436857e-06
6
19
3.918832e-01
7.891159e-01
2.386876e-01
5.129869e-01
8.466530e-03
2.180006e-03
1.817880e-03
7.561151e-05
2.160795e-04
1.442952e-05
5.798784e-07
5.798784e-07
8.698176e-07
4.491492e-06
7
21
6.657518e-01
4.328475e-01
9.954821e-01
1.635494e-02
4.191136e-03
3.451148e-03
1.385074e-04
3.693559e-04
1.944225e-05
6.310902e-07
6.310902e-07
9.466353e-07
2.353256e-06
9.470673e-07
2.709715e-06
8
21
4.493366e-01
1.773574e+00
3.007735e-02
7.684119e-03
6.275951e-03
2.458469e-04
6.228943e-04
2.601267e-05
6.753570e-07
6.753570e-07
1.013035e-06
2.363749e-06
3.376785e-07
4.746369e-06
9
24
1.879901e+00
4.320812e-01
1.112394e-01
8.937778e-02
3.327306e-03
7.460837e-03
1.059297e-04
1.842584e-06
1.806107e-06
2.638964e-06
5.869881e-06
8.148983e-07
7.077621e-06
1.966216e-06
9.412399e-07
2.789872e-06
10
24
1.090717e+00
8.115395e-01
6.673893e-01
2.466533e-02
5.425249e-02
5.160294e-04
5.855276e-06
5.557744e-06
7.839114e-06
1.630084e-05
2.123895e-06
1.563114e-05
3.628629e-06
1.779108e-06
1.073734e-05
11
24
8.328417e-01
1.630663e+00
6.134759e-02
1.344269e-01
1.153348e-03
1.073943e-05
1.000472e-05
1.373950e-05
2.699640e-05
3.354533e-06
2.358317e-05
5.189411e-06
2.540780e-06
1.538454e-05
12
25
1.627586e+00
3.177909e-01
7.169497e-01
5.588115e-03
4.019175e-05
3.629541e-05
4.765757e-05
8.401577e-05
9.356658e-06
5.708780e-05
1.050489e-05
4.859127e-06
2.794956e-05
3.676002e-08
13
25
5.219251e-01
2.132035e+00
1.670872e-02
1.108995e-04
9.893833e-05
1.276408e-04
2.144578e-04
2.253092e-05
1.257875e-04
1.987649e-05
8.732581e-06
4.167123e-05
4.423673e-06
14
25
2.147549e+00
5.092990e-01
3.143510e-03
2.766896e-03
3.495972e-03
5.533202e-03
5.351107e-04
2.567339e-03
2.776063e-04
1.009250e-04
2.668809e-04
1.389201e-05
15
25
2.057423e+00
9.900565e-02
7.561806e-02
8.248569e-02
8.608283e-02
3.960856e-03
5.407085e-03
-6.509049e-04
-2.470660e-04
-4.254856e-04
-1.941236e-07
15
25
1.393339e-01
8.819132e-01
4.479676e-01
3.906525e-01
4.032108e-01
1.729596e-02
5.073093e-03
-5.999815e-03
-2.110745e-03
-3.482680e-03
-1.512136e-06
15
25
1.521057e-02
1.459217e-01
9.484774e-01
6.028956e-01
5.172931e-01
2.927213e-02
2.879302e-02
-6.193273e-03
-2.282142e-03
-3.890057e-03
-1.752476e-06
15
25
1.762755e-03
1.190662e-02
1.117017e-01
1.209698e+00
8.532478e-01
3.497191e-02
5.899770e-02
-6.279191e-03
-2.548427e-03
-4.517738e-03
-2.084239e-06
15
25
5.439072e-05
3.237693e-04
2.155639e-03
4.468047e-02
1.809168e+00
1.954524e-01
2.011006e-01
-1.106558e-02
-4.467419e-03
-8.001548e-03
-3.741360e-06
15
25
1.395310e-06
1.048386e-05
8.223441e-05
1.023369e-03
4.746529e-01
9.835311e-01
7.776238e-01
-1.401419e-02
-6.802819e-03
-1.261757e-02
-5.882084e-06
15
25
-2.167889e-08
2.617335e-07
4.418115e-06
7.333949e-05
1.855830e-02
3.600926e-02
2.068874e+00
4.560397e-02
-3.273584e-02
-4.820471e-02
-1.429053e-05
15
25
-7.774652e-08
-3.841467e-07
-1.872630e-06
-1.688075e-05
-2.148380e-03
-1.354969e-03
1.697969e-01
1.634757e+00
2.063912e-01
-1.738276e-01
-5.578474e-05
15
25
-6.322543e-08
-3.279131e-07
-1.651889e-06
-1.717294e-05
-2.126682e-03
-1.585793e-03
-2.344857e-01
5.075588e-01
1.147578e+00
2.302537e-01
-1.757761e-04
15
25
-5.123051e-08
-2.717364e-07
-1.401980e-06
-1.539489e-05
-1.875107e-03
-1.458397e-03
-1.724689e-01
-2.044675e-01
1.244458e-01
1.548653e+00
-3.657512e-05
15
25
-3.702199e-08
-2.099077e-07
-1.110949e-06
-1.260154e-05
-1.514182e-03
-1.178475e-03
-8.564856e-02
-1.183067e-01
-1.539894e-01
7.903440e-02
5.805022e-01
0
14
1.167790e-01
4.926743e-02
3.323628e-02
-3.074965e-02
-2.123995e-03
-7.416913e-04
-5.831378e-04
-8.158493e-04
-2.802597e-04
-9.124713e-04
-4.324078e-05
-1.520906e-05
-1.811140e-05
-1.132071e-06
-3.496539e-06
1
14
1.344269e-01
1.252048e-01
-1.975431e-02
-3.772359e-03
-1.325289e-03
-1.045874e-03
-1.468742e-03
-5.060748e-04
-1.653626e-03
-7.861772e-05
-2.767100e-05
-3.300505e-05
-2.072257e-06
-6.613476e-06
2
14
1.578675e-01
9.595894e-02
-6.831286e-03
-2.440984e-03
-1.940388e-03
-2.745001e-03
-9.510915e-04
-3.125960e-03
-1.493538e-04
-5.260536e-05
-6.284425e-05
-3.962885e-06
-1.300115e-05
3
16
5.681344e-01
3.438105e-02
-5.425932e-03
-1.026064e-02
-2.294774e-02
-1.014428e-02
-4.085203e-02
-2.231770e-03
-7.925856e-04
-9.532298e-04
-6.065534e-05
-2.044201e-04
-6.415953e-06
-3.363608e-08
4
19
6.718980e-01
3.968889e-01
1.818370e-01
6.635331e-02
-2.663138e-02
-2.574050e-01
-1.861110e-02
-6.694442e-03
-8.111103e-03
-5.186530e-04
-1.755921e-03
-6.125608e-05
-9.603246e-07
-1.210044e-06
-1.475539e-06
-5.289975e-07
5
19
4.587147e-01
6.049557e-01
4.119353e-01
2.593746e-02
-3.143339e-01
-2.985759e-02
-1.083984e-02
-1.320117e-02
-8.466612e-04
-2.869765e-03
-1.012508e-04
-1.201950e-06
-9.540856e-07
-1.352018e-06
-3.747186e-06
6
19
4.933092e-01
9.620287e-01
1.271147e-01
-2.926617e-01
-4.035781e-02
-1.478591e-02
-1.809632e-02
-1.163869e-03
-3.948660e-03
-1.401744e-04
-1.932921e-06
-1.917972e-06
-2.403996e-06
-5.590181e-06
7
21
8.912195e-01
5.225309e-01
2.654936e-02
-6.176894e-02
-2.311095e-02
-2.860243e-02
-1.851097e-03
-6.291653e-03
-2.250179e-04
-2.952125e-06
-2.717395e-06
-3.780757e-06
-7.125754e-06
-1.313322e-06
-3.092081e-06
8
21
5.776766e-01
1.014922e+00
-9.025750e-02
-3.476408e-02
-4.366650e-02
-2.848984e-03
-9.704708e-03
-3.490045e-04
-4.728736e-06
-4.384499e-06
-5.962762e-06
-1.111618e-05
-1.165795e-06
-7.450576e-06
9
24
1.786492e+00
1.159623e-01
-8.164258e-02
-1.818729e-01
-1.465132e-02
-5.232546e-02
-1.964010e-03
-2.711137e-05
-2.539782e-05
-3.484701e-05
-6.618183e-05
-7.721381e-06
-4.625244e-05
-6.976054e-06
-2.719276e-06
-5.096467e-06
10
24
1.406130e+00
7.022541e-01
-1.952238e-01
-5.064155e-02
-2.052760e-01
-8.382257e-03
-1.165106e-04
-1.092283e-04
-1.501021e-04
-2.862156e-04
-3.355406e-05
-2.020992e-04
-3.199021e-05
-1.317923e-05
-3.648115e-05
11
24
1.122248e+00
9.550444e-01
-6.661574e-02
-3.384352e-01
-1.547033e-02
-2.158819e-04
-2.024227e-04
-2.782641e-04
-5.309779e-04
-6.230469e-05
-3.760888e-04
-5.991298e-05
-2.480747e-05
-7.324154e-05
12
25
1.802050e+00
2.372212e-01
-3.295090e-01
-4.467087e-02
-6.351229e-04
-5.958520e-04
-8.196604e-04
-1.566165e-03
-1.840088e-04
-1.113048e-03
-1.782945e-04
-7.410097e-05
-2.317118e-04
-3.604570e-08
13
25
6.841415e-01
1.085033e+00
-9.563801e-02
-1.391693e-03
-1.306424e-03
-1.798449e-03
-3.440748e-03
-4.046445e-04
-2.450287e-03
-3.932520e-04
-1.636414e-04
-5.160796e-04
-4.786303e-06
14
25
1.880509e+00
-1.228317e-01
-1.013252e-02
-9.709656e-03
-1.367825e-02
-2.717148e-02
-3.281905e-03
-2.026353e-02
-3.316886e-03
-1.386214e-03
-4.431068e-03
-7.968228e-05
15
25
1.521478e+00
-2.714808e-02
-5.789381e-02
-1.193620e-01
-3.067012e-01
-3.738293e-02
-1.941517e-01
-2.145687e-02
-7.533222e-03
-1.539245e-02
-4.132036e-05
15
25
1.068016e-01
9.640682e-01
2.270266e-01
-5.271924e-02
-7.207285e-01
-1.083564e-01
-5.492744e-01
-5.464971e-02
-1.869783e-02
-3.729773e-02
-9.826062e-05
15
25
3.577672e-03
1.033673e-01
9.797329e-01
1.427477e-01
-7.391899e-01
-1.261268e-01
-6.577708e-01
-6.595214e-02
-2.250163e-02
-4.462193e-02
-1.165811e-04
15
25
-5.507273e-04
1.572682e-04
5.809154e-02
1.040022e+00
-6.356536e-01
-1.490122e-01
-8.329664e-01
-8.659813e-02
-2.936565e-02
-5.798176e-02
-1.507554e-04
15
25
-8.396811e-05
-3.970895e-04
-1.789858e-03
-1.020382e-03
4.814794e-01
-1.764600e-01
-1.449110e+00
-1.497971e-01
-5.016159e-02
-9.769515e-02
-2.505530e-04
15
25
-1.170909e-05
-6.272803e-05
-3.498741e-04
-4.143198e-03
-2.623596e-01
5.146859e-01
-1.874866e+00
-2.243946e-01
-7.313322e-02
-1.379789e-01
-3.432822e-04
15
25
-2.469253e-06
-1.309207e-05
-7.449245e-05
-9.163864e-04
-1.061623e-01
-6.930367e-02
-2.420692e+00
-7.013539e-01
-1.630428e-01
-2.416560e-01
-5.910668e-04
15
25
-7.167449e-07
-3.542712e-06
-1.994279e-05
-2.527330e-04
-2.782724e-02
-2.168173e-02
-2.085450e+00
-2.158279e+00
-9.664095e-01
-8.874675e-01
-5.937515e-04
15
25
-6.018928e-07
-2.948011e-06
-1.648326e-05
-2.061358e-04
-2.219267e-02
-1.692960e-02
-1.131224e+00
-2.326960e+00
-1.390244e+00
-2.506658e+00
-1.017914e-03
15
25
-6.168350e-07
-2.951416e-06
-1.634318e-05
-2.020660e-04
-2.120780e-02
-1.579850e-02
-8.045233e-01
-1.073621e+00
-1.255086e+00
-6.300452e+00
-1.725119e-02
15
25
-2.875503e-06
-1.386669e-05
-7.591800e-05
-9.278491e-04
-9.467393e-02
-6.885851e-02
-3.419421e+00
-1.230237e+00
-8.855033e-01
-3.248461e+01
-1.542314e+00
0
14
1.194514e-01
3.800096e-02
-1.873022e-02
-9.215742e-02
-1.333587e-03
-3.812293e-04
-2.656009e-04
-3.147880e-04
-9.077422e-05
-2.182589e-04
-7.708496e-06
-3.062451e-06
-4.884268e-06
-4.710463e-07
-2.646117e-06
1
14
1.374685e-01
8.427421e-02
-1.478781e-01
-2.792781e-03
-8.005369e-04
-5.576267e-04
-6.592682e-04
-1.891511e-04
-4.431010e-04
-1.362778e-05
-5.161061e-06
-7.883288e-06
-7.340880e-07
-4.286343e-06
2
14
1.508456e-01
-1.248744e-01
-6.310693e-03
-1.821163e-03
-1.270944e-03
-1.502657e-03
-4.298841e-04
-9.844868e-04
-2.606579e-05
-9.261741e-06
-1.325622e-05
-1.184806e-06
-7.015527e-06
3
16
2.426856e-01
-5.501144e-02
-3.958068e-02
-3.457016e-02
-4.888787e-02
-1.569876e-02
-3.794076e-02
-7.381188e-04
-2.026617e-04
-1.947574e-04
-1.103274e-05
-4.688641e-05
-5.581546e-06
-7.185002e-08
4
19
7.379034e-01
2.554801e-01
-4.995408e-02
-3.261921e-01
-1.523229e-01
-4.496206e-01
-9.616931e-03
-2.536407e-03
-2.195088e-03
-9.938157e-05
-3.245860e-04
-2.859899e-05
-1.505070e-06
-2.197901e-06
-2.905475e-06
-1.137331e-06
5
19
5.645304e-01
5.405533e-01
-1.128187e-01
-1.994286e-01
-7.641820e-01
-1.842002e-02
-4.844233e-03
-4.119730e-03
-1.774280e-04
-5.342603e-04
-3.976510e-05
-1.261883e-06
-1.261883e-06
-1.892824e-06
-7.466577e-06
6
19
6.061576e-01
6.199207e-01
-1.624360e-01
-1.020049e+00
-2.830743e-02
-7.450938e-03
-6.285212e-03
-2.633587e-04
-7.536485e-04
-4.900936e-05
-1.353050e-06
-1.353050e-06
-2.029574e-06
-9.884807e-06
7
21
9.759492e-01
3.360619e-01
-1.230274e+00
-5.344299e-02
-1.416283e-02
-1.186745e-02
-4.816687e-04
-1.287475e-03
-6.729253e-05
-1.472544e-06
-1.472544e-06
-2.208816e-06
-5.457230e-06
-2.065936e-06
-5.825620e-06
8
21
7.084798e-01
-5.625228e-01
-9.546898e-02
-2.559996e-02
-2.143439e-02
-8.532369e-04
-2.169094e-03
-9.054138e-05
-2.138539e-06
-2.060547e-06
-2.930008e-06
-5.968978e-06
-7.879164e-07
-1.035656e-05
9
24
8.825164e-01
-3.561657e-01
-2.368226e-01
-2.526861e-01
-1.095551e-02
-2.529186e-02
-3.694372e-04
-6.523131e-06
-6.379439e-06
-9.342517e-06
-2.080818e-05
-2.868767e-06
-2.325834e-05
-5.646069e-06
-2.643550e-06
-6.993366e-06
10
24
1.370661e+00
5.026483e-02
-1.171141e+00
-7.316677e-02
-1.745406e-01
-1.797807e-03
-2.044127e-05
-1.945568e-05
-2.736190e-05
-5.676767e-05
-7.395607e-06
-5.445079e-05
-1.258281e-05
-6.155913e-06
-3.100429e-05
11
24
1.227523e+00
-6.631509e-01
-1.567076e-01
-4.032374e-01
-4.008686e-03
-3.745345e-05
-3.491676e-05
-4.796828e-05
-9.418553e-05
-1.173014e-05
-8.216665e-05
-1.803635e-05
-8.724303e-06
-4.704329e-05
12
25
1.273224e+00
-3.193531e-02
-1.221018e+00
-1.913903e-02
-1.400102e-04
-1.264661e-04
-1.661280e-04
-2.930741e-04
-3.265288e-05
-1.992296e-04
-3.660103e-05
-1.690798e-05
-9.127425e-05
-7.719650e-08
13
25
8.379894e-01
-7.789401e-01
-5.632618e-02
-3.853787e-04
-3.440775e-04
-4.441327e-04
-7.472133e-04
-7.855846e-05
-4.388793e-04
-6.935175e-05
-3.047865e-05
-1.438031e-04
-9.760401e-06
14
25
7.408575e-01
-6.795535e-01
-9.893893e-03
-8.825384e-03
-1.131950e-02
-1.835585e-02
-1.808586e-03
-8.783040e-03
-9.627161e-04
-3.508543e-04
-9.296507e-04
-4.446174e-05
15
25
7.734227e-02
-1.589655e-01
-1.634813e-01
-2.160585e-01
-2.680121e-01
-1.352929e-02
-1.864973e-02
2.258352e-03
8.586668e-04
1.482541e-03
6.793587e-07
15
25
-8.993995e-03
6.064530e-01
-2.763165e-01
-6.895188e-01
-1.144590e+00
-5.859934e-02
-1.721751e-02
2.071631e-02
7.283222e-03
1.205650e-02
5.290696e-06
15
25
-1.839384e-02
-2.756584e-02
5.019105e-01
-6.625126e-01
-1.383559e+00
-9.675917e-02
-9.732417e-02
2.145311e-02
7.895026e-03
1.348504e-02
6.131615e-06
15
25
-3.554141e-03
-1.843561e-02
-6.257111e-02
1.640768e-01
-1.799783e+00
-1.177642e-01
-2.032088e-01
2.182327e-02
8.841874e-03
1.569267e-02
7.292830e-06
15
25
-1.507297e-04
-8.624972e-04
-5.133114e-03
-5.937398e-02
-1.565386e+00
-4.162355e-01
-7.062096e-01
3.833018e-02
1.547374e-02
2.775071e-02
1.308947e-05
15
25
-4.811405e-06
-3.566240e-05
-2.740114e-04
-3.464475e-03
-8.932745e-01
-6.335188e-01
-1.774331e+00
4.796415e-02
2.352200e-02
4.370524e-02
2.057746e-05
15
25
7.478585e-08
-9.071655e-07
-1.505923e-05
-2.545639e-04
-6.430549e-02
-7.845622e-02
-4.144983e+00
-1.269734e-01
1.007903e-01
1.504369e-01
4.958958e-05
15
25
2.684180e-07
1.326930e-06
6.488815e-06
5.872777e-05
7.431476e-03
4.628006e-03
-4.767527e-01
-4.043865e+00
-6.180334e-01
5.115872e-01
1.851785e-04
15
25
2.184418e-07
1.132005e-06
5.716757e-06
5.962277e-05
7.359628e-03
5.480056e-03
7.208041e-01
-1.520037e+00
-2.898134e+00
-6.985920e-01
5.686961e-04
15
25
1.776654e-07
9.411841e-07
4.862831e-06
5.350034e-05
6.498286e-03
5.050243e-03
5.353624e-01
6.018361e-01
-3.773215e-01
-4.389443e+00
1.742157e-04
15
25
1.295455e-07
7.344460e-07
3.887187e-06
4.409425e-05
5.297665e-03
4.122987e-03
2.969047e-01
3.923110e-01
4.984963e-01
-1.546000e-01
-1.725108e+00
0
14
9.951124e-02
1.091588e-02
-7.019925e-02
-5.027124e-02
2.434560e-03
8.966530e-04
7.223853e-04
1.035471e-03
3.623049e-04
1.202653e-03
5.764996e-05
2.020426e-05
2.372530e-05
1.424739e-06
3.488502e-06
1
14
1.184926e-01
-5.010440e-03
-1.364573e-01
4.023414e-03
1.536511e-03
1.255663e-03
1.825810e-03
6.456454e-04
2.166670e-03
1.048697e-04
3.684186e-05
4.353120e-05
2.658419e-06
7.149304e-06
2
14
1.306187e-01
-1.969295e-01
6.265035e-03
2.593347e-03
2.185364e-03
3.271220e-03
1.180954e-03
4.046729e-03
1.991908e-04
7.014502e-05
8.332590e-05
5.159315e-06
1.500444e-05
3
16
-8.711094e-03
-8.803964e-02
-3.638643e-02
-2.165958e-02
-1.251096e-02
2.000279e-03
3.492898e-02
2.875214e-03
1.041297e-03
1.265163e-03
8.080542e-05
2.692072e-04
5.633237e-06
-1.944030e-08
4
19
6.673242e-01
-1.455447e-02
-3.127790e-01
-5.334478e-01
-1.388878e-01
-1.267337e-02
2.247924e-02
8.524190e-03
1.062592e-02
6.900042e-04
2.337921e-03
7.499043e-05
3.708180e-07
-1.577820e-07
-6.230982e-07
-3.045216e-07
5
19
6.128409e-01
2.842382e-01
-7.079852e-01
-3.076957e-01
-2.914714e-01
3.432621e-02
1.348522e-02
1.712012e-02
1.123150e-03
3.820654e-03
1.277780e-04
1.622421e-06
1.622421e-06
1.951575e-06
-1.220336e-06
6
19
6.578466e-01
-3.560350e-02
-4.199974e-01
-6.593291e-01
4.411683e-02
1.797676e-02
2.323832e-02
1.539408e-03
5.253356e-03
1.793374e-04
1.739635e-06
1.739635e-06
2.609453e-06
1.652930e-06
7
21
8.819336e-01
-2.096451e-02
-1.391416e+00
5.961858e-02
2.663846e-02
3.591984e-02
2.431971e-03
8.351007e-03
2.922457e-04
3.438234e-06
3.138129e-06
4.094890e-06
6.865569e-06
2.661581e-07
-5.818020e-07
8
21
7.684409e-01
-1.372603e+00
7.148256e-02
3.717766e-02
5.323117e-02
3.709865e-03
1.283622e-02
4.579775e-04
5.927202e-06
5.337860e-06
6.784396e-06
1.226408e-05
1.013035e-06
1.635575e-06
9
24
-1.725625e-02
-4.809357e-01
-1.238944e-01
6.725133e-02
1.527666e-02
6.326770e-02
2.613732e-03
3.572211e-05
3.337005e-05
4.564499e-05
8.561541e-05
9.821585e-06
5.497102e-05
6.611486e-06
2.200712e-06
2.001095e-06
10
24
1.016145e+00
-7.046838e-01
-1.034488e+00
1.906594e-02
1.944617e-01
1.110590e-02
1.553707e-04
1.456173e-04
1.999727e-04
3.803573e-04
4.441776e-05
2.648287e-04
4.054821e-05
1.627482e-05
3.340932e-05
11
24
1.108140e+00
-1.783547e+00
-5.094552e-02
2.043756e-01
2.031184e-02
2.879847e-04
2.700588e-04
3.712342e-04
7.078901e-04
8.292919e-05
4.979700e-04
7.799436e-05
3.184793e-05
7.899804e-05
12
25
4.456910e-01
-2.582158e-01
-7.509312e-01
5.560342e-02
8.407196e-04
7.899075e-04
1.088384e-03
2.084874e-03
2.453212e-04
1.483489e-03
2.366259e-04
9.793288e-05
2.860444e-04
-2.205611e-08
13
25
9.083611e-01
-1.536096e+00
1.107590e-01
1.821913e-03
1.715326e-03
2.369338e-03
4.557965e-03
5.381430e-04
3.265796e-03
5.243513e-04
2.179101e-04
6.711793e-04
-1.643647e-06
14
25
-1.790537e-01
-4.241888e-01
8.428644e-03
8.706882e-03
1.327003e-02
2.965433e-02
3.864864e-03
2.514739e-02
4.320846e-03
1.822124e-03
5.873697e-03
9.006031e-05
15
25
-1.048463e+00
-1.332730e-01
-8.279812e-02
-1.635966e-02
2.723687e-01
4.709099e-02
2.566304e-01
2.863510e-02
1.006147e-02
2.063439e-02
5.577211e-05
15
25
-1.502672e-01
-9.766375e-02
-7.276178e-01
-8.004819e-01
1.168420e-01
1.284880e-01
7.217035e-01
6.959619e-02
2.373573e-02
4.819096e-02
1.324866e-04
15
25
-3.183634e-02
-1.744335e-01
-3.228589e-01
-1.107354e+00
-1.568830e-01
1.307515e-01
8.467853e-01
8.526580e-02
2.890079e-02
5.797776e-02
1.571953e-04
15
25
-3.409857e-03
-2.516573e-02
-1.642439e-01
-9.639892e-01
-9.009749e-01
1.530725e-01
1.069376e+00
1.137922e-01
3.821471e-02
7.593185e-02
2.033153e-04
15
25
-6.228516e-06
-2.160094e-04
-2.734960e-03
-6.696865e-02
-2.405052e+00
-1.457257e-01
1.623907e+00
1.965817e-01
6.506578e-02
1.274025e-01
3.378334e-04
15
25
1.472898e-05
7.393643e-05
3.625985e-04
4.131982e-03
-5.589377e-01
-1.628656e+00
1.080426e+00
2.971698e-01
9.470503e-02
1.787465e-01
4.627217e-04
15
25
3.271758e-06
1.723260e-05
9.532705e-05
1.173068e-03
1.108140e-01
2.602537e-02
-8.552325e-01
7.222409e-01
1.807592e-01
2.640182e-01
7.952052e-04
15
25
9.133952e-07
4.518550e-06
2.579573e-05
3.334570e-04
3.648498e-02
2.872738e-02
2.103539e+00
-5.271713e-01
9.114405e-01
8.984633e-01
7.648098e-04
15
25
7.696636e-07
3.749259e-06
2.119811e-05
2.690150e-04
2.865019e-02
2.191433e-02
1.241679e+00
2.179721e+00
-5.861791e-01
2.446889e+00
1.191196e-03
15
25
8.037203e-07
3.819120e-06
2.126848e-05
2.650197e-04
2.753099e-02
2.045239e-02
8.561689e-01
1.096550e+00
1.222852e+00
5.125758e+00
2.190682e-02
15
25
3.878518e-06
1.869780e-05
1.023759e-04
1.251399e-03
1.276373e-01
9.281859e-02
4.599243e+00
1.581633e+00
1.035449e+00
4.128405e+01
1.086484e+00
0
14
6.728972e-02
-2.228288e-02
-8.474410e-02
4.896651e-02
2.444769e-03
7.147706e-04
5.031143e-04
6.020328e-04
1.749528e-04
4.240275e-04
1.507776e-05
5.978307e-06
9.462344e-06
8.976343e-07
4.146015e-06
1
14
8.973675e-02
-9.054690e-02
-3.190687e-03
5.002469e-03
1.478962e-03
1.044020e-03
1.251114e-03
3.628303e-04
8.586124e-04
2.663433e-05
1.007578e-05
1.532524e-05
1.407661e-06
7.024759e-06
2
14
1.008228e-01
-1.211920e-01
1.074691e-02
3.257896e-03
2.321764e-03
2.803412e-03
8.154362e-04
1.896711e-03
5.093725e-05
1.809806e-05
2.583314e-05
2.293311e-06
1.195388e-05
3
16
-8.869741e-02
-5.009261e-02
-3.092277e-04
1.505138e-02
4.351172e-02
1.952713e-02
6.016146e-02
1.418365e-03
3.931831e-04
3.796789e-04
2.154513e-05
9.043717e-05
8.168942e-06
6.249190e-08
4
19
4.928185e-01
-2.941486e-01
-4.365637e-01
-3.248787e-01
3.260438e-02
5.032187e-01
1.802763e-02
4.860071e-03
4.254808e-03
1.940042e-04
6.337224e-04
5.340124e-05
2.040493e-06
2.429253e-06
2.864194e-06
9.776965e-07
5
19
5.982509e-01
-8.131509e-02
-9.885606e-01
-1.640442e-01
5.841668e-01
3.388272e-02
9.195840e-03
7.949683e-03
3.458996e-04
1.043117e-03
7.534090e-05
1.982959e-06
1.982959e-06
2.974438e-06
7.251565e-06
6
19
6.419848e-01
-7.142828e-01
-4.338346e-01
4.277266e-01
5.110098e-02
1.401487e-02
1.207552e-02
5.128378e-04
1.471034e-03
9.427287e-05
2.126220e-06
2.126220e-06
3.189330e-06
1.070161e-05
7
21
6.505202e-01
-3.901970e-01
-4.042204e-01
9.233659e-02
2.608399e-02
2.257498e-02
9.352066e-04
2.510278e-03
1.295730e-04
2.993218e-06
2.889104e-06
4.096350e-06
8.618180e-06
2.137114e-06
5.380147e-06
8
21
7.493911e-01
-9.968480e-01
1.557029e-01
4.589828e-02
4.026695e-02
1.650630e-03
4.222144e-03
1.757332e-04
4.952604e-06
4.952604e-06
7.428906e-06
1.663283e-05
1.958434e-06
1.182643e-05
9
24
-3.297590e-01
-2.023198e-01
1.370630e-01
3.281854e-01
1.922186e-02
4.688202e-02
7.211067e-04
1.254613e-05
1.225572e-05
1.788884e-05
3.956042e-05
5.412326e-06
4.131442e-05
8.738742e-06
3.817727e-06
8.304534e-06
10
24
5.063315e-01
-1.081766e+00
1.749202e-01
1.034118e-01
2.931115e-01
3.502101e-03
3.995504e-05
3.798810e-05
5.344272e-05
1.106956e-04
1.444369e-05
1.055973e-04
2.402693e-05
1.163041e-05
4.689728e-05
11
24
8.159378e-01
-1.563526e+00
1.503992e-01
5.886234e-01
7.775730e-03
7.319911e-05
6.824399e-05
9.371973e-05
1.840197e-04
2.289709e-05
1.600268e-04
3.486396e-05
1.675880e-05
7.701264e-05
12
25
-1.773126e-01
-2.838357e-01
4.227931e-01
3.614519e-02
2.726721e-04
2.464666e-04
3.240179e-04
5.722108e-04
6.378920e-05
3.891769e-04
7.134774e-05
3.291580e-05
1.628811e-04
6.739362e-08
13
25
8.849422e-01
-9.935418e-01
1.032954e-01
7.471703e-04
6.678857e-04
8.633552e-04
1.455942e-03
1.533428e-04
8.573558e-04
1.354977e-04
5.951287e-05
2.757665e-04
8.699127e-06
14
25
-3.188740e-01
2.121043e-01
1.590804e-02
1.456691e-02
1.923624e-02
3.267361e-02
3.332977e-03
1.655305e-02
1.859837e-03
6.808553e-04
1.810601e-03
7.572025e-05
15
25
-1.107670e+00
1.765904e-02
9.413356e-02
2.257143e-01
4.228182e-01
2.543134e-02
3.567938e-02
-4.367037e-03
-1.665524e-03
-2.888879e-03
-1.334193e-06
15
25
-2.175103e-01
-8.118514e-01
-7.215355e-01
-1.156776e-01
1.399359e+00
1.083535e-01
3.190426e-02
-3.970450e-02
-1.394195e-02
-2.321769e-02
-1.038608e-05
15
25
-2.094301e-02
-2.283080e-01
-1.074273e+00
-6.645004e-01
1.414544e+00
1.700613e-01
1.789424e-01
-4.135929e-02
-1.518481e-02
-2.603309e-02
-1.203699e-05
15
25
5.448365e-04
-9.316726e-03
-1.570466e-01
-1.646687e+00
1.075725e+00
2.065840e-01
3.817096e-01
-4.233057e-02
-1.709674e-02
-3.040727e-02
-1.431819e-05
15
25
1.727767e-04
8.397099e-04
3.315985e-03
-1.351550e-02
-1.458291e+00
2.915182e-01
1.191424e+00
-7.428194e-02
-2.985075e-02
-5.362845e-02
-2.569512e-05
15
25
9.152470e-06
6.612897e-05
4.852448e-04
6.038789e-03
3.704315e-01
-1.622412e+00
1.519124e+00
-9.339252e-02
-4.540206e-02
-8.431880e-02
-4.039047e-05
15
25
-1.440976e-07
1.730001e-06
2.794425e-05
4.788522e-04
1.055366e-01
5.956601e-02
2.209339e+00
1.098683e-01
-1.782376e-01
-2.589305e-01
-9.724421e-05
15
25
-5.143379e-07
-2.544996e-06
-1.251666e-05
-1.141179e-04
-1.441156e-02
-9.015201e-03
4.717098e-01
4.051873e+00
9.144604e-01
-8.255394e-01
-3.556364e-04
15
25
-4.191296e-07
-2.168732e-06
-1.100222e-05
-1.154218e-04
-1.418296e-02
-1.057665e-02
-1.272662e+00
2.251184e+00
3.042914e+00
1.021517e+00
-1.051984e-03
15
25
-3.432318e-07
-1.814108e-06
-9.397320e-06
-1.037487e-04
-1.254251e-02
-9.740968e-03
-9.140890e-01
-9.729543e-01
5.543771e-01
6.061721e+00
-5.122092e-04
15
25
-2.543531e-07
-1.441848e-06
-7.631514e-06
-8.657433e-05
-1.039921e-02
-8.092893e-03
-5.822134e-01
-7.529796e-01
-9.229848e-01
-6.917600e-02
2.680569e+00
0