26
5
1.000000e+07
4.723670e+06
3.678790e+06
2.231300e+06
1.426420e+05
8.651700e+04
6.737950e+04
5.247520e+04
3.182780e+04
2.478750e+04
2.034680e+03
9.611170e+02
5.829470e+02
1.300730e+02
1.013010e+02
3.927860e+00
4.139900e-01
3.652800e-01
3.196100e-01
2.568300e-01
1.370000e-01
1.229300e-01
3.781300e-02
2.415400e-02
1.846700e-02
3.523800e-04
1.000000e-05
0.000000e+00
0.000000e+00
0.000000e+00
0.000000e+00
0.000000e+00
0.000000e+00
0.000000e+00
0.000000e+00
0.000000e+00
0.000000e+00
0.000000e+00
0.000000e+00
0.000000e+00
0.000000e+00
0.000000e+00
0.000000e+00
0.000000e+00
0.000000e+00
0.000000e+00
0.000000e+00
0.000000e+00
0.000000e+00
0.000000e+00
0.000000e+00
0.000000e+00
0.000000e+00
2.493119e-03
1.513289e-03
1.593864e-05
6.649030e-06
7.775277e-06
9.736203e-06
1.147394e-05
1.484979e-05
1.928015e-05
4.255653e-05
9.400793e-05
1.285836e-04
2.172058e-04
3.289577e-04
8.804729e-04
3.351943e-03
5.650879e-03
6.029435e-03
6.596218e-03
8.525834e-03
9.781221e-03
1.409121e-02
2.016569e-02
2.417495e-02
3.603585e-02
2.348992e-01
2.803738e-02
9.345794e-03
1.869159e-02
1.028037e-01
1.869159e-02
9.345794e-03
9.345794e-03
1.869159e-02
9.345794e-03
9.345794e-02
2.803738e-02
1.869159e-02
5.607476e-02
9.345794e-03
1.214953e-01
1.401869e-01
1.869159e-02
1.869159e-02
2.803738e-02
6.542056e-02
9.345794e-03
7.476635e-02
1.869159e-02
9.345794e-03
5.607476e-02
9.345794e-03
0.000000e+00
0.000000e+00
0.000000e+00
0.000000e+00
0.000000e+00
0.000000e+00
0.000000e+00
0.000000e+00
0.000000e+00
0.000000e+00
0.000000e+00
0.000000e+00
0.000000e+00
0.000000e+00
0.000000e+00
0.000000e+00
0.000000e+00
0.000000e+00
0.000000e+00
0.000000e+00
0.000000e+00
0.000000e+00
0.000000e+00
0.000000e+00
0.000000e+00
0.000000e+00
1.339833e-01
1.870047e-01
2.064451e-01
4.700328e-01
9.393127e-01
1.049158e+00
1.117146e+00
1.206079e+00
1.282627e+00
1.414632e+00
1.478487e+00
1.484343e+00
1.488356e+00
1.490084e+00
1.492778e+00
1.575125e+00
1.778199e+00
1.826962e+00
1.895525e+00
2.109232e+00
2.258656e+00
2.774004e+00
3.534687e+00
3.959911e+00
4.778741e+00
1.751243e+01
1.331941e-01
1.857008e-01
2.037369e-01
4.673562e-01
9.401259e-01
1.050650e+00
1.118469e+00
1.207155e+00
1.283428e+00
1.414937e+00
1.478537e+00
1.484372e+00
1.488367e+00
1.490087e+00
1.492787e+00
1.575125e+00
1.778199e+00
1.826962e+00
1.895525e+00
2.109232e+00
2.258656e+00
2.774004e+00
3.534687e+00
3.959911e+00
4.778741e+00
1.751243e+01
5.810150e+00
4.010228e+00
3.686986e+00
1.749661e+00
8.469503e-01
7.742344e-01
7.359040e-01
6.913453e-01
6.567409e-01
6.053943e-01
5.825988e-01
5.806142e-01
5.792228e-01
5.785763e-01
5.773025e-01
5.692116e-01
5.581236e-01
5.557644e-01
5.520051e-01
5.376416e-01
5.273433e-01
4.857757e-01
4.244818e-01
3.872618e-01
3.105021e-01
6.060972e-02
0.000000e+00
0.000000e+00
0.000000e+00
0.000000e+00
0.000000e+00
0.000000e+00
0.000000e+00
0.000000e+00
0.000000e+00
0.000000e+00
0.000000e+00
0.000000e+00
0.000000e+00
0.000000e+00
0.000000e+00
0.000000e+00
0.000000e+00
0.000000e+00
0.000000e+00
0.000000e+00
0.000000e+00
0.000000e+00
0.000000e+00
0.000000e+00
0.000000e+00
0.000000e+00
0.000000e+00
0.000000e+00
0.000000e+00
0.000000e+00
0.000000e+00
0.000000e+00
0.000000e+00
0.000000e+00
0.000000e+00
0.000000e+00
0.000000e+00
0.000000e+00
0.000000e+00
0.000000e+00
0.000000e+00
0.000000e+00
0.000000e+00
0.000000e+00
0.000000e+00
0.000000e+00
0.000000e+00
0.000000e+00
0.000000e+00
0.000000e+00
0.000000e+00
0.000000e+00
0
14
4.412883e-02
2.536751e-02
2.367240e-02
3.594181e-02
9.441669e-04
3.194960e-04
2.481256e-04
3.426103e-04
1.165069e-04
3.752682e-04
1.764311e-05
6.212319e-06
7.436801e-06
4.723931e-07
1.646298e-06
1
14
4.959319e-02
6.873662e-02
6.284899e-02
1.696616e-03
5.785949e-04
4.506389e-04
6.243260e-04
2.128920e-04
6.880639e-04
3.246738e-05
1.143676e-05
1.369616e-05
8.701450e-07
3.041521e-06
2
14
7.064532e-02
1.275000e-01
3.259013e-03
1.111393e-03
8.655994e-04
1.199208e-03
4.089209e-04
1.321610e-03
6.236087e-05
2.196760e-05
2.630698e-05
1.671230e-06
5.856993e-06
3
16
3.427553e-01
5.183929e-02
1.668187e-02
1.299327e-02
1.800201e-02
6.138818e-03
1.984126e-02
9.362562e-04
3.298042e-04
3.949548e-04
2.509241e-05
8.502104e-05
3.235143e-06
2.988148e-08
4
19
2.649634e-01
1.718880e-01
1.111210e-01
1.539577e-01
5.250201e-02
1.696964e-01
8.007682e-03
2.820780e-03
3.378009e-03
2.146113e-04
7.263159e-04
2.621038e-05
5.297253e-07
8.179144e-07
1.111436e-06
4.609690e-07
5
19
1.674194e-01
2.426058e-01
2.514450e-01
8.574533e-02
2.771467e-01
1.307813e-02
4.606886e-03
5.516959e-03
3.505017e-04
1.186214e-03
4.280601e-05
5.802922e-07
5.555572e-07
7.966079e-07
2.971439e-06
6
19
1.761796e-01
4.073617e-01
1.180179e-01
3.814599e-01
1.800059e-02
6.340867e-03
7.593475e-03
4.824284e-04
1.632674e-03
5.891445e-05
8.195226e-07
7.695574e-07
1.051381e-06
4.143928e-06
7
21
3.245811e-01
2.183595e-01
6.086864e-01
2.872304e-02
1.011796e-02
1.211671e-02
7.698003e-04
2.605248e-03
9.401926e-05
1.304194e-06
1.225368e-06
1.673265e-06
3.327920e-06
9.049247e-07
2.451296e-06
8
21
1.970959e-01
1.001457e+00
4.435011e-02
1.562269e-02
1.870893e-02
1.188617e-03
4.022640e-03
1.451661e-04
2.016797e-06
1.885215e-06
2.595560e-06
4.946183e-06
5.848668e-07
4.861223e-06
9
24
9.335729e-01
2.566353e-01
8.828704e-02
1.057278e-01
6.717116e-03
2.273277e-02
8.203508e-04
1.137178e-05
1.066181e-05
1.465688e-05
2.797551e-05
3.285147e-06
2.040717e-05
3.432669e-06
1.423518e-06
3.212149e-06
10
24
5.072681e-01
3.946319e-01
4.478601e-01
2.845351e-02
9.629535e-02
3.474985e-03
4.817032e-05
4.516520e-05
6.208662e-05
1.185033e-04
1.391362e-05
8.417610e-05
1.350799e-05
5.623858e-06
1.802848e-05
11
24
3.857721e-01
8.602616e-01
5.268547e-02
1.783037e-01
6.434381e-03
8.919394e-05
8.362876e-05
1.149597e-04
2.194240e-04
2.576496e-05
1.558608e-04
2.501149e-05
1.041382e-05
3.358082e-05
12
25
7.723200e-01
1.664114e-01
5.281051e-01
1.905750e-02
2.641790e-04
2.476912e-04
3.404872e-04
6.499039e-04
7.630852e-05
4.616299e-04
7.407920e-05
3.084420e-05
9.988954e-05
3.190360e-08
13
25
2.229426e-01
1.220095e+00
4.179381e-02
5.793456e-04
5.431947e-04
7.466970e-04
1.425254e-03
1.673487e-04
1.012369e-03
1.624662e-04
6.764056e-05
2.154607e-04
3.956912e-06
14
25
1.082051e+00
3.671550e-01
5.023079e-03
4.709588e-03
6.474006e-03
1.235712e-02
1.450928e-03
8.777448e-03
1.408546e-03
5.864545e-04
1.868016e-03
3.610199e-05
15
25
1.075136e+00
7.508578e-02
6.576055e-02
8.580665e-02
1.521382e-01
1.627077e-02
8.275719e-02
9.098203e-03
3.192295e-03
6.510312e-03
1.741918e-05
15
25
7.081863e-02
3.810748e-01
2.601398e-01
2.868354e-01
4.513834e-01
4.701628e-02
2.286702e-01
2.304247e-02
7.893670e-03
1.563249e-02
4.045028e-05
15
25
9.771895e-03
7.340270e-02
4.168368e-01
3.878857e-01
5.426758e-01
5.755894e-02
2.768984e-01
2.768689e-02
9.471950e-03
1.869496e-02
4.808408e-05
15
25
1.306112e-03
8.195425e-03
6.104418e-02
5.732432e-01
7.529554e-01
6.872095e-02
3.508212e-01
3.609514e-02
1.228777e-02
2.419691e-02
6.213446e-05
15
25
4.274762e-05
2.389752e-04
1.453672e-03
2.276529e-02
1.051115e+00
1.976345e-01
6.978047e-01
6.530725e-02
2.188472e-02
4.235338e-02
1.065979e-04
15
25
4.957763e-06
2.724842e-05
1.593344e-04
1.931057e-03
3.816136e-01
5.050794e-01
1.178475e+00
9.315269e-02
3.059528e-02
5.769473e-02
1.411556e-04
15
25
9.510938e-07
5.044927e-06
2.900073e-05
3.585083e-04
4.604846e-02
4.290431e-02
2.126527e+00
3.543643e-01
7.732473e-02
1.121043e-01
2.459723e-04
15
25
3.013758e-07
1.489150e-06
8.334608e-06
1.047517e-04
1.157057e-02
8.989470e-03
9.986112e-01
1.598237e+00
4.749932e-01
4.217524e-01
2.521075e-04
15
25
2.530026e-07
1.241903e-06
6.912475e-06
8.592508e-05
9.293477e-03
7.084364e-03
5.176388e-01
1.140172e+00
1.056813e+00
1.204184e+00
4.557154e-04
15
25
2.581785e-07
1.238548e-06
6.841436e-06
8.430362e-05
8.882623e-03
6.622850e-03
3.691091e-01
5.011118e-01
5.971613e-01
3.251885e+00
7.840125e-03
15
25
1.182058e-06
5.701051e-06
3.121148e-05
3.814314e-04
3.892639e-02
2.831405e-02
1.408162e+00
5.225086e-01
3.966199e-01
1.407179e+01
8.107918e-01
0
14
9.284927e-02
3.771493e-02
5.071038e-02
4.545859e-02
3.894251e-04
1.110120e-04
7.682776e-05
9.038050e-05
2.592895e-05
6.237771e-05
2.232424e-06
8.897937e-07
1.425365e-06
1.356416e-07
9.041105e-07
1
14
1.110411e-01
9.748100e-02
9.755168e-02
8.614827e-04
2.429252e-04
1.680023e-04
1.971807e-04
5.624175e-05
1.310196e-04
4.010884e-06
1.520327e-06
2.326054e-06
2.216254e-07
1.432773e-06
2
14
1.108922e-01
2.224428e-01
2.026522e-03
5.700893e-04
3.934554e-04
4.599656e-04
1.303996e-04
2.960157e-04
7.758841e-06
2.754103e-06
3.943948e-06
3.529304e-07
2.312049e-06
3
16
5.683968e-01
8.970531e-02
2.597964e-02
1.786632e-02
2.074110e-02
5.815943e-03
1.257039e-02
2.204181e-04
6.016594e-05
5.759559e-05
3.252910e-06
1.392154e-05
2.029756e-06
3.468592e-08
4
19
5.113133e-01
3.325303e-01
2.481833e-01
2.879526e-01
8.066506e-02
1.735525e-01
2.898748e-03
7.554511e-04
6.496511e-04
2.929450e-05
9.565927e-05
8.446193e-06
4.228570e-07
8.814985e-07
1.356015e-06
5.504077e-07
5
19
3.695300e-01
4.254272e-01
5.614886e-01
1.572728e-01
3.381337e-01
5.603385e-03
1.448768e-03
1.221088e-03
5.229332e-05
1.573369e-04
1.182176e-05
5.555586e-07
5.555586e-07
8.333379e-07
3.530604e-06
6
19
3.938096e-01
8.174158e-01
2.451999e-01
5.269828e-01
8.697525e-03
2.239484e-03
1.867478e-03
7.767447e-05
2.219749e-04
1.482321e-05
5.956996e-07
5.956996e-07
8.935494e-07
4.614036e-06
7
21
6.775934e-01
4.483159e-01
1.023374e+00
1.681199e-02
4.308244e-03
3.547544e-03
1.423720e-04
3.796388e-04
1.997875e-05
6.483627e-07
6.483627e-07
9.725440e-07
2.417211e-06
9.710115e-07
2.787375e-06
8
21
4.522868e-01
1.829157e+00
3.089839e-02
7.893879e-03
6.447272e-03
2.525580e-04
6.398980e-04
2.672276e-05
6.937928e-07
6.937928e-07
1.040689e-06
2.428275e-06
3.468964e-07
4.875934e-06
9
24
1.920564e+00
4.507153e-01
1.158503e-01
9.308011e-02
3.464853e-03
7.767610e-03
1.098876e-04
1.907178e-06
1.869238e-06
2.730697e-06
6.071810e-06
8.428207e-07
7.299475e-06
2.027953e-06
9.741231e-07
2.910170e-06
10
24
1.113491e+00
8.374184e-01
6.864743e-01
2.537061e-02
5.580339e-02
5.306869e-04
6.019842e-06
5.713817e-06
8.058949e-06
1.675658e-05
2.183191e-06
1.606717e-05
3.729380e-06
1.828416e-06
1.103577e-05
11
24
8.482126e-01
1.680080e+00
6.305091e-02
1.381591e-01
1.185323e-03
1.103620e-05
1.028108e-05
1.411886e-05
2.774097e-05
3.447005e-06
2.423231e-05
5.332121e-06
2.610577e-06
1.580719e-05
12
25
1.662362e+00
3.295881e-01
7.405993e-01
5.771230e-03
4.148708e-05
3.746235e-05
4.918449e-05
8.668283e-05
9.650504e-06
5.885344e-05
1.082208e-05
5.004818e-06
2.877770e-05
3.828419e-08
13
25
5.251414e-01
2.198777e+00
1.716505e-02
1.139282e-04
1.016404e-04
1.311267e-04
2.203148e-04
2.314626e-05
1.292228e-04
2.041932e-05
8.971073e-06
4.280929e-05
4.544487e-06
14
25
2.190850e+00
5.356728e-01
3.301966e-03
2.906320e-03
3.672038e-03
5.811413e-03
5.619510e-04
2.695465e-03
2.912311e-04
1.058232e-04
2.791551e-04
1.443371e-05
15
25
2.090685e+00
1.065567e-01
8.129318e-02
8.845879e-02
9.203142e-02
4.201840e-03
5.579257e-03
-7.131613e-04
-2.691266e-04
-4.618285e-04
-2.099579e-07
15
25
1.396629e-01
8.969517e-01
4.625911e-01
4.062067e-01
4.167407e-01
1.783880e-02
5.351533e-03
-6.165968e-03
-2.170076e-03
-3.581789e-03
-1.555674e-06
15
25
1.525907e-02
1.428714e-01
9.625895e-01
6.286140e-01
5.378928e-01
3.023225e-02
3.028616e-02
-6.358638e-03
-2.345704e-03
-4.001448e-03
-1.804254e-06
15
25
1.786019e-03
1.203454e-02
1.107003e-01
1.233913e+00
8.864369e-01
3.622446e-02
6.085016e-02
-6.439519e-03
-2.619895e-03
-4.648309e-03
-2.145300e-06
15
25
4.086309e-05
2.463891e-04
1.625950e-03
3.263493e-02
1.808522e+00
2.369129e-01
2.304870e-01
-1.204082e-02
-4.907991e-03
-8.808294e-03
-4.127523e-06
15
25
1.434075e-06
1.077521e-05
8.456300e-05
1.056126e-03
4.870314e-01
1.006231e+00
8.010186e-01
-1.435935e-02
-6.985854e-03
-1.296121e-02
-6.042668e-06
15
25
-3.627064e-08
1.551144e-07
3.532917e-06
6.384185e-05
1.639687e-02
3.051734e-02
2.119083e+00
5.744907e-02
-3.535878e-02
-5.218452e-02
-1.517029e-05
15
25
-7.978611e-08
-3.943526e-07
-1.922739e-06
-1.734942e-05
-2.206123e-03
-1.390141e-03
1.718352e-01
1.674485e+00
2.147598e-01
-1.771355e-01
-5.727123e-05
15
25
-6.495216e-08
-3.368687e-07
-1.697004e-06
-1.764195e-05
-2.184495e-03
-1.628329e-03
-2.386591e-01
5.205165e-01
1.175078e+00
2.365286e-01
-1.795434e-04
15
25
-5.247604e-08
-2.784369e-07
-1.436941e-06
-1.578590e-05
-1.922334e-03
-1.495270e-03
-1.749256e-01
-2.094124e-01
1.196979e-01
1.586647e+00
2.314659e-05
15
25
-3.803308e-08
-2.156404e-07
-1.141290e-06
-1.294570e-05
-1.555534e-03
-1.210658e-03
-8.786906e-02
-1.208661e-01
-1.572912e-01
8.092260e-02
5.942552e-01
0
14
1.141095e-01
4.951061e-02
3.304175e-02
-3.151652e-02
-2.152834e-03
-7.516948e-04
-5.909488e-04
-8.266985e-04
-2.839592e-04
-9.244620e-04
-4.380640e-05
-1.540776e-05
-1.834713e-05
-1.146643e-06
-3.538775e-06
1
14
1.288027e-01
1.283896e-01
-2.029545e-02
-3.874847e-03
-1.361296e-03
-1.074288e-03
-1.508646e-03
-5.198240e-04
-1.698555e-03
-8.075382e-05
-2.842285e-05
-3.390184e-05
-2.128564e-06
-6.793186e-06
2
14
1.517831e-01
1.019813e-01
-7.087732e-03
-2.533454e-03
-2.014158e-03
-2.849733e-03
-9.874770e-04
-3.245921e-03
-1.550994e-04
-5.462965e-05
-6.526411e-05
-4.115694e-06
-1.350779e-05
3
16
5.708398e-01
3.682754e-02
-5.244618e-03
-1.034838e-02
-2.340062e-02
-1.038670e-02
-4.194161e-02
-2.294726e-03
-8.150078e-04
-9.802420e-04
-6.237608e-05
-2.102318e-04
-6.601415e-06
-3.557423e-08
4
19
6.888329e-01
4.086783e-01
1.871144e-01
6.845369e-02
-2.732271e-02
-2.645349e-01
-1.913226e-02
-6.881983e-03
-8.338384e-03
-5.331882e-04
-1.805133e-03
-6.297423e-05
-9.859569e-07
-1.241406e-06
-1.519460e-06
-5.459308e-07
5
19
4.704961e-01
6.222605e-01
4.230173e-01
2.664530e-02
-3.229077e-01
-3.067202e-02
-1.113552e-02
-1.356126e-02
-8.697556e-04
-2.948043e-03
-1.040126e-04
-1.234735e-06
-9.801102e-07
-1.388896e-06
-3.849397e-06
6
19
5.059603e-01
9.890106e-01
1.305829e-01
-3.006462e-01
-4.145891e-02
-1.518933e-02
-1.859005e-02
-1.195623e-03
-4.056394e-03
-1.439989e-04
-1.985659e-06
-1.970301e-06
-2.469586e-06
-5.742701e-06
7
21
9.141295e-01
5.378043e-01
2.776188e-02
-6.348059e-02
-2.375195e-02
-2.939610e-02
-1.902475e-03
-6.466295e-03
-2.312654e-04
-3.034113e-06
-2.793138e-06
-3.886197e-06
-7.323003e-06
-1.348212e-06
-3.181465e-06
8
21
5.925192e-01
1.043489e+00
-9.272132e-02
-3.571307e-02
-4.485850e-02
-2.926755e-03
-9.969624e-03
-3.585316e-04
-4.857820e-06
-4.504186e-06
-6.125533e-06
-1.141963e-05
-1.197619e-06
-7.653960e-06
9
24
1.832605e+00
1.248553e-01
-8.393148e-02
-1.883190e-01
-1.519727e-02
-5.429391e-02
-2.038439e-03
-2.814056e-05
-2.636205e-05
-3.617100e-05
-6.869955e-05
-8.015567e-06
-4.801155e-05
-7.250584e-06
-2.830845e-06
-5.325967e-06
10
24
1.441926e+00
7.236117e-01
-2.000000e-01
-5.205376e-02
-2.110380e-01
-8.618453e-03
-1.197942e-04
-1.123067e-04
-1.543325e-04
-2.942824e-04
-3.449981e-05
-2.077965e-04
-3.289244e-05
-1.355103e-05
-3.751448e-05
11
24
1.151324e+00
9.827065e-01
-6.843734e-02
-3.477538e-01
-1.589753e-02
-2.218438e-04
-2.080128e-04
-2.859488e-04
-5.456418e-04
-6.402537e-05
-3.864757e-04
-6.156781e-05
-2.549272e-05
-7.526651e-05
12
25
1.846617e+00
2.467800e-01
-3.368183e-01
-4.606141e-02
-6.549468e-04
-6.144515e-04
-8.452484e-04
-1.615066e-03
-1.897549e-04
-1.147811e-03
-1.838652e-04
-7.641686e-05
-2.389832e-04
-3.754024e-08
13
25
7.015827e-01
1.115825e+00
-9.824993e-02
-1.429701e-03
-1.342103e-03
-1.847566e-03
-3.534717e-03
-4.156956e-04
-2.517206e-03
-4.039920e-04
-1.681106e-04
-5.301740e-04
-4.917020e-06
14
25
1.930258e+00
-1.229523e-01
-1.058282e-02
-1.014298e-02
-1.429150e-02
-2.839849e-02
-3.430838e-03
-2.118628e-02
-3.468434e-03
-1.449592e-03
-4.633911e-03
-8.344453e-05
15
25
1.558418e+00
-2.551122e-02
-5.927314e-02
-1.246512e-01
-3.233692e-01
-3.949923e-02
-2.050082e-01
-2.262721e-02
-7.942177e-03
-1.622429e-02
-4.354433e-05
15
25
1.072931e-01
9.853254e-01
2.396536e-01
-5.171029e-02
-7.414822e-01
-1.114607e-01
-5.650843e-01
-5.622468e-02
-1.923571e-02
-3.836761e-02
-1.010717e-04
15
25
3.583295e-03
1.004264e-01
9.996335e-01
1.596819e-01
-7.595712e-01
-1.298874e-01
-6.780113e-01
-6.797920e-02
-2.319367e-02
-4.599257e-02
-1.201483e-04
15
25
-5.661768e-04
1.634632e-04
5.691344e-02
1.066219e+00
-6.475610e-01
-1.534603e-01
-8.576652e-01
-8.921921e-02
-3.024963e-02
-5.972132e-02
-1.552692e-04
15
25
-6.897074e-05
-3.312585e-04
-1.536124e-03
-4.171781e-03
4.969474e-01
-1.709865e-01
-1.560478e+00
-1.612361e-01
-5.376225e-02
-1.042695e-01
-2.663453e-04
15
25
-1.202957e-05
-6.444615e-05
-3.595014e-04
-4.259213e-03
-2.685807e-01
5.260472e-01
-1.923654e+00
-2.305498e-01
-7.513284e-02
-1.417480e-01
-3.526576e-04
15
25
-2.358099e-06
-1.248032e-05
-7.099598e-05
-8.765670e-04
-1.015312e-01
-6.788089e-02
-2.533162e+00
-7.594289e-01
-1.736733e-01
-2.520381e-01
-6.136810e-04
15
25
-7.355295e-07
-3.635626e-06
-2.046524e-05
-2.593366e-04
-2.855257e-02
-2.224678e-02
-2.135466e+00
-2.222218e+00
-9.960269e-01
-9.157431e-01
-6.104866e-04
15
25
-6.183309e-07
-3.028524e-06
-1.693343e-05
-2.117656e-04
-2.279901e-02
-1.739258e-02
-1.161412e+00
-2.389355e+00
-1.430838e+00
-2.573950e+00
-1.045632e-03
15
25
-6.359627e-07
-3.042235e-06
-1.684353e-05
-2.082200e-04
-2.184560e-02
-1.626847e-02
-8.273646e-01
-1.088812e+00
-1.275946e+00
-6.543833e+00
-1.858402e-02
15
25
-2.954034e-06
-1.424540e-05
-7.799137e-05
-9.531893e-04
-9.725954e-02
-7.073908e-02
-3.512818e+00
-1.263833e+00
-9.096133e-01
-3.337014e+01
-1.585946e+00
0
14
1.170366e-01
3.727494e-02
-1.985419e-02
-9.343217e-02
-1.347255e-03
-3.850474e-04
-2.682822e-04
-3.179956e-04
-9.170000e-05
-2.206350e-04
-7.816804e-06
-3.108577e-06
-4.961922e-06
-4.788430e-07
-2.687204e-06
1
14
1.325940e-01
8.639770e-02
-1.518955e-01
-2.868664e-03
-8.222903e-04
-5.727752e-04
-6.771803e-04
-1.942893e-04
-4.551393e-04
-1.399804e-05
-5.301273e-06
-8.097441e-06
-7.540303e-07
-4.402807e-06
2
14
1.477830e-01
-1.258969e-01
-6.570893e-03
-1.896499e-03
-1.323556e-03
-1.564886e-03
-4.476804e-04
-1.024953e-03
-2.707800e-05
-9.611379e-06
-1.374126e-05
-1.226881e-06
-7.267756e-06
3
16
2.459229e-01
-5.463382e-02
-4.048566e-02
-3.549975e-02
-5.033270e-02
-1.618690e-02
-3.916091e-02
-7.620802e-04
-2.091326e-04
-2.007390e-04
-1.134753e-05
-4.814754e-05
-5.703088e-06
-7.599010e-08
4
19
7.570846e-01
2.634426e-01
-5.087756e-02
-3.350766e-01
-1.565690e-01
-4.622702e-01
-9.888829e-03
-2.608098e-03
-2.257060e-03
-1.021786e-04
-3.336787e-04
-2.939380e-05
-1.544641e-06
-2.253370e-06
-2.991231e-06
-1.173737e-06
5
19
5.800738e-01
5.550109e-01
-1.157372e-01
-2.048684e-01
-7.850265e-01
-1.892247e-02
-4.976368e-03
-4.232104e-03
-1.822677e-04
-5.488333e-04
-4.084977e-05
-1.296303e-06
-1.296303e-06
-1.944455e-06
-7.670242e-06
6
19
6.228537e-01
6.366922e-01
-1.668678e-01
-1.047879e+00
-2.907975e-02
-7.654227e-03
-6.456694e-03
-2.705440e-04
-7.742107e-04
-5.034652e-05
-1.389966e-06
-1.389966e-06
-2.084948e-06
-1.015450e-05
7
21
1.001675e+00
3.460932e-01
-1.263736e+00
-5.493514e-02
-1.455839e-02
-1.219885e-02
-4.951071e-04
-1.323318e-03
-6.915042e-05
-1.512846e-06
-1.512846e-06
-2.269269e-06
-5.605640e-06
-2.118317e-06
-5.992677e-06
8
21
7.280072e-01
-5.780562e-01
-9.807508e-02
-2.629879e-02
-2.201950e-02
-8.765283e-04
-2.228306e-03
-9.301295e-05
-2.196916e-06
-2.116795e-06
-3.009990e-06
-6.131917e-06
-8.094248e-07
-1.063927e-05
9
24
9.129561e-01
-3.657484e-01
-2.459678e-01
-2.628886e-01
-1.140538e-02
-2.632816e-02
-3.832429e-04
-6.748316e-06
-6.598359e-06
-9.661388e-06
-2.151128e-05
-2.965275e-06
-2.400754e-05
-5.835987e-06
-2.740427e-06
-7.298677e-06
10
24
1.406632e+00
5.400393e-02
-1.203732e+00
-7.524879e-02
-1.795184e-01
-1.848868e-03
-2.101577e-05
-2.000182e-05
-2.812926e-05
-5.835550e-05
-7.602104e-06
-5.596813e-05
-1.293233e-05
-6.326909e-06
-3.186954e-05
11
24
1.260076e+00
-6.800703e-01
-1.610421e-01
-4.144136e-01
-4.119815e-03
-3.848844e-05
-3.588128e-05
-4.929279e-05
-9.678334e-05
-1.205337e-05
-8.442826e-05
-1.853220e-05
-8.964232e-06
-4.833750e-05
12
25
1.308616e+00
-2.999904e-02
-1.257685e+00
-1.976509e-02
-1.445214e-04
-1.305312e-04
-1.714495e-04
-3.023769e-04
-3.367830e-05
-2.053916e-04
-3.770674e-05
-1.741521e-05
-9.399786e-05
-8.039727e-08
13
25
8.611515e-01
-8.004896e-01
-5.786448e-02
-3.959037e-04
-3.534744e-04
-4.562624e-04
-7.676202e-04
-8.070394e-05
-4.508654e-04
-7.124579e-05
-3.131104e-05
-1.477304e-04
-1.002696e-05
14
25
7.738345e-01
-7.094717e-01
-1.038823e-02
-9.266685e-03
-1.188594e-02
-1.927474e-02
-1.899043e-03
-9.220533e-03
-1.009930e-03
-3.678733e-04
-9.724151e-04
-4.627089e-05
15
25
9.028176e-02
-1.672025e-01
-1.733632e-01
-2.300232e-01
-2.858745e-01
-1.435047e-02
-1.923872e-02
2.473949e-03
9.351721e-04
1.608967e-03
7.347702e-07
15
25
-1.011822e-02
6.204561e-01
-2.793440e-01
-7.094252e-01
-1.178015e+00
-6.042086e-02
-1.816311e-02
2.129062e-02
7.488079e-03
1.239966e-02
5.443025e-06
15
25
-1.846730e-02
-3.014339e-02
5.137812e-01
-6.741123e-01
-1.426616e+00
-9.986314e-02
-1.023099e-01
2.202740e-02
8.115461e-03
1.387171e-02
6.312777e-06
15
25
-3.583217e-03
-1.859458e-02
-6.418123e-02
1.694442e-01
-1.853014e+00
-1.215547e-01
-2.093372e-01
2.238166e-02
9.090162e-03
1.614653e-02
7.506491e-06
15
25
-1.142532e-04
-6.625511e-04
-3.937113e-03
-4.687472e-02
-1.577691e+00
-4.747121e-01
-7.977883e-01
4.171437e-02
1.699767e-02
3.054108e-02
1.444026e-05
15
25
-4.942349e-06
-3.663342e-05
-2.814624e-04
-3.558830e-03
-9.170523e-01
-6.533345e-01
-1.821712e+00
4.928141e-02
2.416538e-02
4.489927e-02
2.113948e-05
15
25
1.255525e-07
-5.368144e-07
-1.202480e-05
-2.211667e-04
-5.651024e-02
-6.806372e-02
-4.306962e+00
-1.591371e-01
1.096777e-01
1.632494e-01
5.268408e-05
15
25
2.754593e-07
1.362173e-06
6.662374e-06
6.035941e-05
7.637205e-03
4.763370e-03
-4.772372e-01
-4.158473e+00
-6.434240e-01
5.256364e-01
1.911579e-04
15
25
2.244077e-07
1.162921e-06
5.872886e-06
6.125111e-05
7.560737e-03
5.629964e-03
7.404659e-01
-1.560537e+00
-2.979771e+00
-7.168620e-01
5.843196e-04
15
25
1.819977e-07
9.644638e-07
4.984391e-06
5.486153e-05
6.662551e-03
5.178802e-03
5.466338e-01
6.214200e-01
-3.628655e-01
-4.516594e+00
-1.684037e-05
15
25
1.330835e-07
7.545043e-07
3.993349e-06
4.529849e-05
5.442349e-03
4.235589e-03
3.050261e-01
4.030881e-01
5.121912e-01
-1.595184e-01
-1.773734e+00
0
14
9.690370e-02
9.264457e-03
-7.160475e-02
-5.026264e-02
2.470339e-03
9.092816e-04
7.323677e-04
1.049537e-03
3.671777e-04
1.218588e-03
5.840277e-05
2.046695e-05
2.402984e-05
1.442354e-06
3.523076e-06
1
14
1.151190e-01
-4.632690e-03
-1.401648e-01
4.132744e-03
1.578262e-03
1.289789e-03
1.875424e-03
6.631910e-04
2.225547e-03
1.077192e-04
3.784292e-05
4.471407e-05
2.730660e-06
7.343589e-06
2
14
1.303644e-01
-2.019025e-01
6.480046e-03
2.686960e-03
2.265661e-03
3.393315e-03
1.225515e-03
4.201094e-03
2.068520e-04
7.284548e-05
8.654084e-05
5.359324e-06
1.560290e-05
3
16
-8.050333e-03
-8.983126e-02
-3.782087e-02
-2.266610e-02
-1.339338e-02
1.908147e-03
3.565706e-02
2.955178e-03
1.070550e-03
1.300910e-03
8.309728e-05
2.768655e-04
5.833036e-06
-2.056048e-08
4
19
6.851072e-01
-1.370155e-02
-3.212726e-01
-5.484796e-01
-1.428762e-01
-1.327173e-02
2.310733e-02
8.762738e-03
1.092353e-02
7.093391e-04
2.403446e-03
7.709777e-05
3.837591e-07
-1.593631e-07
-6.410683e-07
-3.142694e-07
5
19
6.294629e-01
2.922348e-01
-7.274254e-01
-3.160887e-01
-2.994218e-01
3.526253e-02
1.385305e-02
1.758711e-02
1.153787e-03
3.924870e-03
1.312634e-04
1.666676e-06
1.666676e-06
2.004808e-06
-1.253623e-06
6
19
6.756841e-01
-3.644610e-02
-4.314565e-01
-6.773180e-01
4.532049e-02
1.846723e-02
2.387234e-02
1.581409e-03
5.396686e-03
1.842304e-04
1.787099e-06
1.787099e-06
2.680648e-06
1.698028e-06
7
21
9.055734e-01
-2.036980e-02
-1.430191e+00
6.126130e-02
2.737559e-02
3.691563e-02
2.499452e-03
8.582787e-03
3.003633e-04
3.533427e-06
3.226047e-06
4.210722e-06
7.055523e-06
2.755726e-07
-5.968299e-07
8
21
7.892692e-01
-1.409913e+00
7.343387e-02
3.819253e-02
5.468427e-02
3.811136e-03
1.318662e-02
4.704792e-04
6.089002e-06
5.483571e-06
6.969595e-06
1.259886e-05
1.040689e-06
1.680224e-06
9
24
-7.656645e-03
-5.010692e-01
-1.305549e-01
6.826924e-02
1.581706e-02
6.560411e-02
2.712831e-03
3.708453e-05
3.464414e-05
4.738981e-05
8.890410e-05
1.020094e-05
5.715744e-05
6.903055e-06
2.302759e-06
2.101848e-06
10
24
1.044002e+00
-7.222538e-01
-1.064576e+00
1.954986e-02
1.998510e-01
1.141875e-02
1.597498e-04
1.497216e-04
2.056094e-04
3.910800e-04
4.567023e-05
2.722996e-04
4.169386e-05
1.673523e-05
3.436670e-05
11
24
1.137905e+00
-1.831663e+00
-5.240363e-02
2.099216e-01
2.087260e-02
2.959377e-04
2.775168e-04
3.814863e-04
7.274405e-04
8.521960e-05
5.117247e-04
8.014934e-05
3.272809e-05
8.118668e-05
12
25
4.633839e-01
-2.641838e-01
-7.782743e-01
5.732024e-02
8.669282e-04
8.145383e-04
1.122332e-03
2.149939e-03
2.529808e-04
1.529835e-03
2.440279e-04
1.009989e-04
2.950972e-04
-2.297062e-08
13
25
9.329273e-01
-1.577805e+00
1.137838e-01
1.871671e-03
1.762172e-03
2.434046e-03
4.682446e-03
5.528400e-04
3.354987e-03
5.386718e-04
2.238613e-04
6.895096e-04
-1.688536e-06
14
25
-1.697022e-01
-4.516427e-01
8.759719e-03
9.059733e-03
1.382381e-02
3.094019e-02
4.036135e-03
2.627729e-02
4.517359e-03
1.905187e-03
6.142590e-03
9.455708e-05
15
25
-1.066847e+00
-1.455575e-01
-9.222681e-02
-2.245823e-02
2.841244e-01
4.973119e-02
2.709286e-01
3.017857e-02
1.060175e-02
2.174183e-02
5.877340e-05
15
25
-1.521249e-01
-9.732706e-02
-7.456895e-01
-8.252494e-01
1.184095e-01
1.320774e-01
7.424256e-01
7.161081e-02
2.442040e-02
4.957417e-02
1.362768e-04
15
25
-3.172888e-02
-1.741344e-01
-3.255041e-01
-1.141568e+00
-1.682039e-01
1.344647e-01
8.721287e-01
8.791383e-02
2.979797e-02
5.976771e-02
1.620055e-04
15
25
-3.407375e-03
-2.521328e-02
-1.643402e-01
-9.857334e-01
-9.347127e-01
1.573002e-01
1.101221e+00
1.172624e-01
3.937066e-02
7.821496e-02
2.094030e-04
15
25
5.340120e-06
-1.115246e-04
-1.723170e-03
-4.608558e-02
-2.478969e+00
-2.292878e-01
1.724949e+00
2.115342e-01
6.963205e-02
1.357359e-01
3.590975e-04
15
25
1.513104e-05
7.595467e-05
3.724962e-04
4.245134e-03
-5.726074e-01
-1.673608e+00
1.112525e+00
3.052862e-01
9.729130e-02
1.836280e-01
4.753589e-04
15
25
3.122417e-06
1.644516e-05
9.132303e-05
1.128098e-03
1.093137e-01
3.511706e-02
-8.421830e-01
7.732946e-01
1.912653e-01
2.710750e-01
8.254987e-04
15
25
9.373305e-07
4.636885e-06
2.647029e-05
3.421465e-04
3.743087e-02
2.946893e-02
2.162004e+00
-5.377265e-01
9.370929e-01
9.298411e-01
7.862530e-04
15
25
7.906837e-07
3.851653e-06
2.177704e-05
2.763619e-04
2.943261e-02
2.251279e-02
1.275678e+00
2.241584e+00
-6.026960e-01
2.515720e+00
1.224327e-03
15
25
8.289669e-07
3.938329e-06
2.192719e-05
2.731572e-04
2.836776e-02
2.106697e-02
8.829134e-01
1.107514e+00
1.245217e+00
5.356930e+00
2.360544e-02
15
25
3.984444e-06
1.920845e-05
1.051718e-04
1.285576e-03
1.311232e-01
9.535353e-02
4.724901e+00
1.625161e+00
1.064254e+00
4.242491e+01
1.115699e+00
0
14
6.423646e-02
-2.404139e-02
-8.511976e-02
5.054294e-02
2.470014e-03
7.220493e-04
5.082044e-04
6.081286e-04
1.767585e-04
4.286658e-04
1.528966e-05
6.068112e-06
9.612032e-06
9.119569e-07
4.205703e-06
1
14
8.824305e-02
-9.231262e-02
-3.277016e-03
5.138405e-03
1.519149e-03
1.072395e-03
1.285110e-03
3.726902e-04
8.819440e-04
2.735785e-05
1.034950e-05
1.574158e-05
1.445907e-06
7.215647e-06
2
14
1.024505e-01
-1.253976e-01
1.117979e-02
3.390732e-03
2.416858e-03
2.918653e-03
8.490336e-04
1.974464e-03
5.291501e-05
1.878158e-05
2.677946e-05
2.375125e-06
1.239079e-05
3
16
-8.774293e-02
-5.325088e-02
-1.278868e-03
1.488379e-02
4.428344e-02
2.002957e-02
6.197101e-02
1.464167e-03
4.057040e-04
3.913257e-04
2.215968e-05
9.284687e-05
8.372432e-06
6.609277e-08
4
19
5.065322e-01
-3.012500e-01
-4.488771e-01
-3.346044e-01
3.333987e-02
5.171705e-01
1.853690e-02
4.997383e-03
4.374907e-03
1.994640e-04
6.514753e-04
5.488657e-05
2.095228e-06
2.492908e-06
2.949782e-06
1.008993e-06
5
19
6.146592e-01
-8.368008e-02
-1.015448e+00
-1.685188e-01
6.001010e-01
3.480694e-02
9.446676e-03
8.166527e-03
3.553347e-04
1.071571e-03
7.739598e-05
2.037048e-06
2.037048e-06
3.055572e-06
7.449367e-06
6
19
6.595952e-01
-7.338484e-01
-4.456712e-01
4.393966e-01
5.249520e-02
1.439725e-02
1.240499e-02
5.268299e-04
1.511169e-03
9.684497e-05
2.184232e-06
2.184232e-06
3.276348e-06
1.099359e-05
7
21
6.684897e-01
-4.000070e-01
-4.163790e-01
9.491003e-02
2.681188e-02
2.320515e-02
9.612957e-04
2.580159e-03
1.331508e-04
3.077274e-06
2.969983e-06
4.210428e-06
8.854215e-06
2.192538e-06
5.535219e-06
8
21
7.699523e-01
-1.024154e+00
1.599532e-01
4.715121e-02
4.136615e-02
1.695689e-03
4.337398e-03
1.805303e-04
5.087798e-06
5.087798e-06
7.631697e-06
1.708686e-05
2.011895e-06
1.214927e-05
9
24
-3.330458e-01
-2.175729e-01
1.404546e-01
3.406197e-01
2.000081e-02
4.879037e-02
7.480637e-04
1.298409e-05
1.268201e-05
1.850850e-05
4.091901e-05
5.597345e-06
4.271515e-05
9.059094e-06
3.967761e-06
8.674678e-06
10
24
5.218731e-01
-1.111585e+00
1.778536e-01
1.063222e-01
3.014325e-01
3.601554e-03
4.107780e-05
3.905461e-05
5.494154e-05
1.137925e-04
1.484686e-05
1.085403e-04
2.469538e-05
1.195428e-05
4.821309e-05
11
24
8.383830e-01
-1.606575e+00
1.545100e-01
6.048791e-01
7.991267e-03
7.522185e-05
7.012915e-05
9.630743e-05
1.890954e-04
2.352810e-05
1.644318e-04
3.582257e-05
1.721974e-05
7.913388e-05
12
25
-1.753194e-01
-2.935140e-01
4.292304e-01
3.732375e-02
2.814533e-04
2.543856e-04
3.343933e-04
5.903700e-04
6.579237e-05
4.012156e-04
7.350457e-05
3.390396e-05
1.677789e-04
7.018792e-08
13
25
9.092545e-01
-1.020820e+00
1.061165e-01
7.675760e-04
6.861260e-04
8.869340e-04
1.495704e-03
1.575307e-04
8.807707e-04
1.391982e-04
6.113820e-05
2.832979e-04
8.936706e-06
14
25
-3.249208e-01
2.128834e-01
1.668777e-02
1.528356e-02
2.018622e-02
3.429517e-02
3.498768e-03
1.737465e-02
1.950920e-03
7.138494e-04
1.893919e-03
7.898923e-05
15
25
-1.151175e+00
1.149318e-02
9.509676e-02
2.366879e-01
4.492642e-01
2.696844e-02
3.678994e-02
-4.782469e-03
-1.813324e-03
-3.134493e-03
-1.443007e-06
15
25
-2.196633e-01
-8.327861e-01
-7.472004e-01
-1.234219e-01
1.438747e+00
1.116898e-01
3.367360e-02
-4.080719e-02
-1.433452e-02
-2.387866e-02
-1.068511e-05
15
25
-2.065401e-02
-2.248560e-01
-1.099191e+00
-7.020855e-01
1.450186e+00
1.754464e-01
1.879986e-01
-4.247132e-02
-1.561059e-02
-2.678130e-02
-1.239263e-05
15
25
5.859926e-04
-9.148020e-03
-1.550625e-01
-1.695248e+00
1.096148e+00
2.131290e-01
3.933346e-01
-4.341727e-02
-1.757783e-02
-3.128757e-02
-1.473769e-05
15
25
1.360813e-04
6.834105e-04
2.869292e-03
-2.000003e-03
-1.562547e+00
2.662437e-01
1.334892e+00
-8.084874e-02
-3.278144e-02
-5.899295e-02
-2.834587e-05
15
25
9.402485e-06
6.793520e-05
4.984967e-04
6.203633e-03
3.801707e-01
-1.669077e+00
1.559475e+00
-9.594344e-02
-4.664198e-02
-8.662157e-02
-4.149356e-05
15
25
-2.423665e-07
1.017684e-06
2.227430e-05
4.166836e-04
9.354187e-02
5.567698e-02
2.388326e+00
1.514031e-01
-1.937104e-01
-2.796639e-01
-1.032974e-04
15
25
-5.278294e-07
-2.612551e-06
-1.285120e-05
-1.172850e-04
-1.480901e-02
-9.277085e-03
4.680086e-01
4.165629e+00
9.524199e-01
-8.480757e-01
-3.669194e-04
15
25
-4.305764e-07
-2.227960e-06
-1.130270e-05
-1.185740e-04
-1.457030e-02
-1.086549e-02
-1.307990e+00
2.312517e+00
3.123589e+00
1.049185e+00
-1.080390e-03
15
25
-3.516465e-07
-1.859231e-06
-9.633289e-06
-1.063966e-04
-1.286077e-02
-9.989736e-03
-9.344598e-01
-1.002545e+00
5.316698e-01
6.243695e+00
-1.741745e-04
15
25
-2.612997e-07
-1.481226e-06
-7.839937e-06
-8.893874e-05
-1.068322e-02
-8.313915e-03
-5.980829e-01
-7.733430e-01
-9.479056e-01
-7.139300e-02
2.752191e+00
0