6.292242163076752770e-02
1.654375646265389063e-02
4.209218491889291786e-02
9.666235800521737892e-03
3.285593594491221722e-03
3.553979200760460852e-04
2.721181213848144847e-04
8.067545741211996316e-05
1.055120625698084776e-05
8.119989944070166643e-06
1.556523226444089018e-06
2.128488363002101768e-06
2.504759947831455386e-06
1.579354660501117537e-07
2.918755952160999680e-07
1.026374843712328256e-07
4.557411261461429734e-08
1.055517132078023504e-07
0.000000000000000000e+00
0.000000000000000000e+00
0.000000000000000000e+00
0.000000000000000000e+00
0.000000000000000000e+00
0.000000000000000000e+00
0.000000000000000000e+00
0.000000000000000000e+00
7.211570000000004643e-02
6.906748000000006993e-02
1.131454999999999093e-02
3.593221000000001476e-03
3.887580000000002240e-04
3.107337999999999420e-04
1.090453000000000993e-04
1.610382000000000127e-05
1.286897000000001648e-05
2.524149999999999795e-06
3.482850000000000035e-06
4.149602999999996530e-06
2.628800000000000352e-07
4.881140000000001051e-07
1.717878000000000184e-07
5.858439999999999882e-08
1.979339000000001443e-07
0.000000000000000000e+00
0.000000000000000000e+00
0.000000000000000000e+00
0.000000000000000000e+00
0.000000000000000000e+00
0.000000000000000000e+00
0.000000000000000000e+00
0.000000000000000000e+00
0.000000000000000000e+00
1.873893711681450525e-01
4.790871710566865782e-02
1.685580543240266030e-02
2.480286907829251826e-03
2.330568513384448977e-03
9.356933510197183116e-04
1.457326440708074634e-04
1.180814986203908360e-04
2.333319287977351193e-05
3.229606149056022643e-05
3.863003038234807355e-05
2.452353833855435243e-06
4.555125432262309745e-06
1.604241462174704020e-06
5.470118752297698612e-07
1.750484205460331486e-06
1.573585060661179437e-07
4.108002578529133683e-14
6.362150474705044083e-16
6.149734743411357570e-16
0.000000000000000000e+00
0.000000000000000000e+00
0.000000000000000000e+00
0.000000000000000000e+00
0.000000000000000000e+00
0.000000000000000000e+00
3.129846586921186113e-01
1.124844524155606401e-01
1.527775282817446338e-02
1.488579288187955561e-02
6.180564288263135087e-03
9.764613203004770875e-04
7.941890809379588585e-04
1.572716949126064679e-04
2.178717759140097346e-04
2.609086791299207735e-04
1.657589778946138510e-05
3.079350935242306761e-05
1.084691513135192886e-05
3.698537849493900050e-06
1.125996984234091409e-05
8.410836627125607568e-07
8.868170764647166099e-07
0.000000000000000000e+00
0.000000000000000000e+00
0.000000000000000000e+00
0.000000000000000000e+00
0.000000000000000000e+00
0.000000000000000000e+00
0.000000000000000000e+00
0.000000000000000000e+00
0.000000000000000000e+00
3.747990610587264015e-01
8.955592722090463531e-02
7.725358138650158246e-02
3.193334983202537891e-02
5.045380683262377583e-03
4.103621497897743005e-03
8.126407832072167449e-04
1.125769886604391671e-03
1.348152061030211298e-03
8.565072095665148346e-05
1.591141275099234860e-04
5.604840062813322345e-05
1.911142999950662710e-05
5.818125128059107237e-05
4.232148165771795897e-06
4.171215962418790097e-06
8.993154012524508397e-08
1.698823016025508023e-07
3.662933204049238945e-07
1.427426321165229360e-08
0.000000000000000000e+00
0.000000000000000000e+00
0.000000000000000000e+00
0.000000000000000000e+00
0.000000000000000000e+00
0.000000000000000000e+00
3.227210110847024693e-01
2.686715994917605044e-01
9.825896312386318832e-02
1.549766948942937241e-02
1.259819506616271893e-02
2.494069031888811704e-03
3.454665236699812521e-03
4.136440970342287332e-03
2.627716618728692514e-04
4.881429228566316653e-04
1.719508619748502264e-04
5.863015137174753340e-05
1.784874523038116603e-04
1.298302849313814764e-05
1.183355515817033986e-05
2.039466810702587366e-07
3.883688125299176370e-07
8.511500013486456419e-07
1.594171327092379091e-06
0.000000000000000000e+00
0.000000000000000000e+00
0.000000000000000000e+00
0.000000000000000000e+00
0.000000000000000000e+00
0.000000000000000000e+00
0.000000000000000000e+00
4.455294615739244235e-01
2.602122787243190682e-01
3.864161172878008421e-02
3.142934034702014878e-02
6.224003130117743490e-03
8.622267794738762078e-03
1.032555973765753900e-02
6.560051123105597017e-04
1.218661894347520961e-03
4.292799942442821945e-04
1.463748294137848097e-04
4.456147865376310253e-04
3.241352535212474787e-05
2.953411366536665830e-05
5.127769355582877425e-07
9.713106233096706037e-07
2.125268413365045669e-06
4.096350612791683857e-06
0.000000000000000000e+00
0.000000000000000000e+00
0.000000000000000000e+00
0.000000000000000000e+00
0.000000000000000000e+00
0.000000000000000000e+00
0.000000000000000000e+00
0.000000000000000000e+00
5.101908799731282862e-01
1.470859591484923456e-01
1.095411810844667405e-01
2.169268949748589040e-02
3.005149403949120002e-02
3.598801123373844557e-02
2.286395162685713085e-03
4.247447944442578512e-03
1.496186138139174188e-03
5.101633144406304355e-04
1.553107297901033237e-03
1.129705395545633519e-04
1.029358980402690367e-04
1.783900106859988045e-06
3.387160593188252686e-06
7.407124128334100342e-06
1.449923347077900317e-05
0.000000000000000000e+00
0.000000000000000000e+00
0.000000000000000000e+00
0.000000000000000000e+00
0.000000000000000000e+00
0.000000000000000000e+00
0.000000000000000000e+00
0.000000000000000000e+00
0.000000000000000000e+00
3.889067462776659156e-01
2.933751227548102580e-01
5.114015910462142711e-02
7.084579814319635904e-02
8.484101085727781266e-02
5.390142508122530707e-03
1.001327432716811634e-02
3.527234536097393226e-03
1.202704474963457856e-03
3.661422398952886032e-03
2.663257225402826324e-04
2.426710632029054147e-04
4.205778068809954177e-06
7.984501517983800663e-06
1.746175940645753561e-05
3.325174391378983959e-05
1.069081008955563906e-06
0.000000000000000000e+00
0.000000000000000000e+00
0.000000000000000000e+00
0.000000000000000000e+00
0.000000000000000000e+00
0.000000000000000000e+00
0.000000000000000000e+00
0.000000000000000000e+00
0.000000000000000000e+00
4.296427758332253544e-01
1.186534606653287249e-01
1.352166396051471264e-01
1.619258377130378401e-01
1.028750039117384482e-02
1.911112092767915799e-02
6.732006831647821370e-03
2.295452907502423812e-03
6.988111046576688662e-03
5.083038021602263607e-04
4.631573464322284554e-04
8.026994116205583171e-06
1.523887072298706973e-05
3.332846380663543532e-05
6.235735813674550597e-05
3.244349851463036595e-06
0.000000000000000000e+00
0.000000000000000000e+00
0.000000000000000000e+00
0.000000000000000000e+00
0.000000000000000000e+00
0.000000000000000000e+00
0.000000000000000000e+00
0.000000000000000000e+00
0.000000000000000000e+00
0.000000000000000000e+00
2.718800000000000661e-01
2.832048999999999817e-01
2.636462000000001082e-01
1.675000000000000447e-02
3.111642000000000574e-02
1.096096000000000917e-02
3.737449999999998933e-03
1.137796700000000272e-02
8.276150000000004033e-04
7.540952000000002674e-04
1.306950000000000082e-05
2.481390000000000649e-05
5.426251000000004572e-05
1.015297499999999676e-04
5.351620000000000271e-06
0.000000000000000000e+00
0.000000000000000000e+00
0.000000000000000000e+00
0.000000000000000000e+00
0.000000000000000000e+00
0.000000000000000000e+00
0.000000000000000000e+00
0.000000000000000000e+00
0.000000000000000000e+00
0.000000000000000000e+00
0.000000000000000000e+00
3.567662485900986447e-01
4.187262051867021162e-01
2.463855334779744416e-02
4.577110946174228062e-02
1.612314593344000430e-02
5.497605140544936826e-03
1.673656485712611205e-02
1.217387289391123374e-03
1.109250931126536327e-03
1.922542995105469514e-05
3.649807127058616858e-05
7.981824508590611947e-05
1.493455943885587452e-04
7.923024235466945679e-06
0.000000000000000000e+00
0.000000000000000000e+00
0.000000000000000000e+00
0.000000000000000000e+00
0.000000000000000000e+00
0.000000000000000000e+00
0.000000000000000000e+00
0.000000000000000000e+00
0.000000000000000000e+00
0.000000000000000000e+00
0.000000000000000000e+00
0.000000000000000000e+00
5.555274888136879641e-01
8.274595445015728301e-02
1.347968660192643275e-01
4.748268418288904141e-02
1.619045587415920973e-02
4.928907340855211844e-02
3.585205564303094432e-03
3.266738053698741567e-03
5.661704662481815921e-05
1.074839462518762534e-04
2.350686073969002253e-04
4.398219214522065454e-04
2.354592815787900052e-05
0.000000000000000000e+00
0.000000000000000000e+00
0.000000000000000000e+00
0.000000000000000000e+00
0.000000000000000000e+00
0.000000000000000000e+00
0.000000000000000000e+00
0.000000000000000000e+00
0.000000000000000000e+00
0.000000000000000000e+00
0.000000000000000000e+00
0.000000000000000000e+00
0.000000000000000000e+00
3.058560000000000723e-01
3.768020999999998621e-01
1.068840000000000068e-01
3.644489999999998148e-02
1.109503800000000429e-01
8.070370000000000321e-03
7.353497999999996509e-03
1.274469999999999607e-04
2.419470000000001689e-04
5.291411999999998594e-04
9.900489999999995735e-04
5.314089999999995059e-05
0.000000000000000000e+00
0.000000000000000000e+00
0.000000000000000000e+00
0.000000000000000000e+00
0.000000000000000000e+00
0.000000000000000000e+00
0.000000000000000000e+00
0.000000000000000000e+00
0.000000000000000000e+00
0.000000000000000000e+00
0.000000000000000000e+00
0.000000000000000000e+00
0.000000000000000000e+00
0.000000000000000000e+00
4.021128671521921327e-01
1.979381464954844405e-01
6.043312145020421355e-02
1.839781620993292399e-01
1.338228550435294033e-02
1.219355443772178298e-02
2.113308383044570720e-04
4.012000423401481460e-04
8.774208741734829077e-04
1.641690666640865243e-03
8.819204088641735149e-05
0.000000000000000000e+00
0.000000000000000000e+00
0.000000000000000000e+00
0.000000000000000000e+00
0.000000000000000000e+00
0.000000000000000000e+00
0.000000000000000000e+00
0.000000000000000000e+00
0.000000000000000000e+00
0.000000000000000000e+00
0.000000000000000000e+00
0.000000000000000000e+00
0.000000000000000000e+00
0.000000000000000000e+00
0.000000000000000000e+00
3.862189958974569515e-01
1.420146568862881431e-01
3.436453299176313037e-01
2.499606862352300729e-02
2.277568068425160283e-02
3.947330187433325459e-04
7.493785197711367013e-04
1.638891075302919675e-03
3.066432441451299139e-03
1.648162226409797919e-04
0.000000000000000000e+00
0.000000000000000000e+00
0.000000000000000000e+00
0.000000000000000000e+00
0.000000000000000000e+00
0.000000000000000000e+00
0.000000000000000000e+00
0.000000000000000000e+00
0.000000000000000000e+00
0.000000000000000000e+00
0.000000000000000000e+00
0.000000000000000000e+00
0.000000000000000000e+00
0.000000000000000000e+00
0.000000000000000000e+00
0.000000000000000000e+00
2.381280000000000618e-01
5.545303999999996458e-01
3.574720999999999455e-02
3.257190400000004732e-02
5.645150000000000255e-04
1.071698000000000268e-03
2.343805000000000888e-03
4.385362000000002022e-03
2.357626900000000993e-04
0.000000000000000000e+00
0.000000000000000000e+00
0.000000000000000000e+00
0.000000000000000000e+00
0.000000000000000000e+00
0.000000000000000000e+00
0.000000000000000000e+00
0.000000000000000000e+00
0.000000000000000000e+00
0.000000000000000000e+00
0.000000000000000000e+00
0.000000000000000000e+00
0.000000000000000000e+00
0.000000000000000000e+00
0.000000000000000000e+00
0.000000000000000000e+00
0.000000000000000000e+00
5.889206822713317635e-01
1.369316862008639613e-01
1.173321471904051616e-01
1.996375260829426519e-03
3.766008646074021048e-03
8.054916470348210539e-03
1.272102671090493201e-02
3.640147053126204977e-04
0.000000000000000000e+00
0.000000000000000000e+00
0.000000000000000000e+00
0.000000000000000000e+00
0.000000000000000000e+00
0.000000000000000000e+00
0.000000000000000000e+00
0.000000000000000000e+00
0.000000000000000000e+00
0.000000000000000000e+00
0.000000000000000000e+00
0.000000000000000000e+00
0.000000000000000000e+00
0.000000000000000000e+00
0.000000000000000000e+00
0.000000000000000000e+00
0.000000000000000000e+00
7.666263164525455526e-04
3.906599795886812054e-01
3.966772489512032651e-01
6.236421682458481892e-03
1.172764352414149697e-02
2.481999673528884759e-02
3.598404331421485580e-02
5.231945856799446928e-04
0.000000000000000000e+00
0.000000000000000000e+00
0.000000000000000000e+00
0.000000000000000000e+00
0.000000000000000000e+00
0.000000000000000000e+00
0.000000000000000000e+00
0.000000000000000000e+00
0.000000000000000000e+00
0.000000000000000000e+00
0.000000000000000000e+00
0.000000000000000000e+00
0.000000000000000000e+00
0.000000000000000000e+00
0.000000000000000000e+00
0.000000000000000000e+00
0.000000000000000000e+00
0.000000000000000000e+00
9.233618977672501194e-04
6.327900212672744606e-01
2.851316688621408427e-02
4.792491460499082034e-02
9.357301733068613958e-02
1.255220570959055815e-01
1.686602456888573352e-03
0.000000000000000000e+00
0.000000000000000000e+00
0.000000000000000000e+00
0.000000000000000000e+00
0.000000000000000000e+00
0.000000000000000000e+00
0.000000000000000000e+00
0.000000000000000000e+00
0.000000000000000000e+00
0.000000000000000000e+00
0.000000000000000000e+00
0.000000000000000000e+00
0.000000000000000000e+00
0.000000000000000000e+00
0.000000000000000000e+00
0.000000000000000000e+00
0.000000000000000000e+00
0.000000000000000000e+00
0.000000000000000000e+00
1.395973902732565441e-01
1.981160000000000421e-01
1.725207000000001101e-01
2.418745999999998841e-01
2.814359500000001013e-01
3.382911100000001066e-03
0.000000000000000000e+00
0.000000000000000000e+00
0.000000000000000000e+00
0.000000000000000000e+00
0.000000000000000000e+00
0.000000000000000000e+00
0.000000000000000000e+00
0.000000000000000000e+00
0.000000000000000000e+00
0.000000000000000000e+00
0.000000000000000000e+00
0.000000000000000000e+00
0.000000000000000000e+00
0.000000000000000000e+00
0.000000000000000000e+00
0.000000000000000000e+00
0.000000000000000000e+00
0.000000000000000000e+00
0.000000000000000000e+00
6.938738659036386425e-02
4.962471079399495555e-02
2.943725073222769884e-01
3.143815025302518218e-01
3.287070904914770053e-01
3.944310787979611599e-03
0.000000000000000000e+00
0.000000000000000000e+00
0.000000000000000000e+00
0.000000000000000000e+00
0.000000000000000000e+00
0.000000000000000000e+00
0.000000000000000000e+00
0.000000000000000000e+00
0.000000000000000000e+00
0.000000000000000000e+00
0.000000000000000000e+00
0.000000000000000000e+00
0.000000000000000000e+00
0.000000000000000000e+00
0.000000000000000000e+00
0.000000000000000000e+00
0.000000000000000000e+00
0.000000000000000000e+00
0.000000000000000000e+00
1.908180689179301420e-02
1.210926950112297014e-02
5.092662461060645795e-02
5.134512091635979880e-01
5.160869565504936363e-01
5.622509648692064835e-03
0.000000000000000000e+00
0.000000000000000000e+00
0.000000000000000000e+00
0.000000000000000000e+00
0.000000000000000000e+00
0.000000000000000000e+00
0.000000000000000000e+00
0.000000000000000000e+00
0.000000000000000000e+00
0.000000000000000000e+00
0.000000000000000000e+00
0.000000000000000000e+00
0.000000000000000000e+00
0.000000000000000000e+00
0.000000000000000000e+00
0.000000000000000000e+00
0.000000000000000000e+00
0.000000000000000000e+00
0.000000000000000000e+00
2.361652239619675773e-03
1.465869857518285616e-03
5.751292060345827156e-03
6.561227729371775508e-02
1.415603373309653801e+00
3.477978094546800569e-02
0.000000000000000000e+00
0.000000000000000000e+00
0.000000000000000000e+00
0.000000000000000000e+00
0.000000000000000000e+00
0.000000000000000000e+00
0.000000000000000000e+00
0.000000000000000000e+00
0.000000000000000000e+00
0.000000000000000000e+00
0.000000000000000000e+00
0.000000000000000000e+00
0.000000000000000000e+00
0.000000000000000000e+00
0.000000000000000000e+00
0.000000000000000000e+00
0.000000000000000000e+00
0.000000000000000000e+00
0.000000000000000000e+00
1.549695581907953269e-03
9.638260657034432126e-04
3.773693252268958600e-03
3.949912247661729187e-02
2.481142921134078083e+00
1.411966180336253984e+00
3.150020635573540922e-02
2.365482939492949410e-02
5.154322931158583643e-02
5.677834728426120296e-03
2.218470834988125247e-03
3.291166393443124209e-04
3.154561128574056954e-04
1.292297382518129995e-04
2.029436763938030600e-05
1.647179915138435177e-05
3.256706027240754753e-06
4.508745681751247636e-06
5.393292016919076848e-06
3.423684646555721622e-07
6.358423719707787229e-07
2.240193880776270958e-07
9.952091165940316161e-08
2.308333752413373654e-07
0.000000000000000000e+00
0.000000000000000000e+00
0.000000000000000000e+00
0.000000000000000000e+00
0.000000000000000000e+00
0.000000000000000000e+00
0.000000000000000000e+00
0.000000000000000000e+00
3.573630000000000556e-02
9.580397999999992753e-02
8.066820000000007526e-03
3.354067000000000506e-03
5.301750000000004593e-04
5.166683000000003943e-04
2.145581000000001981e-04
3.390049999999999162e-05
2.757245000000002770e-05
5.460400000000005352e-06
7.564220000000005142e-06
9.058220000000005576e-06
5.755460000000002490e-07
1.069221000000000016e-06
3.764730000000001180e-07
1.284090000000000218e-07
4.339770000000001015e-07
0.000000000000000000e+00
0.000000000000000000e+00
0.000000000000000000e+00
0.000000000000000000e+00
0.000000000000000000e+00
0.000000000000000000e+00
0.000000000000000000e+00
0.000000000000000000e+00
0.000000000000000000e+00
1.822865194702571467e-01
7.229242287421035196e-02
2.810045600320782919e-02
4.441526680051859771e-03
4.328284373417155655e-03
1.797393035706958651e-03
2.839913663940170536e-04
2.309844089828277437e-04
4.574209462297686331e-05
6.336806497203374179e-05
7.588593452396911034e-05
4.821191833563382809e-06
8.956530937271576996e-06
3.154791914080701861e-06
1.075789962501771248e-06
3.466268191620333980e-06
2.835333710871514294e-07
0.000000000000000000e+00
0.000000000000000000e+00
0.000000000000000000e+00
0.000000000000000000e+00
0.000000000000000000e+00
0.000000000000000000e+00
0.000000000000000000e+00
0.000000000000000000e+00
0.000000000000000000e+00
3.113742819500993075e-01
2.248226312605277888e-01
3.331804042311940772e-02
3.247048977784930401e-02
1.348447709384023759e-02
2.130603132513001884e-03
1.732932645272785037e-03
3.431748395404594140e-04
4.754093094305006872e-04
5.693240369849405678e-04
3.617009691727955483e-05
6.719435868591928473e-05
2.366898106733500738e-05
8.070566542652756029e-06
2.457030902828298457e-05
1.836747811438895025e-06
1.933244283463505949e-06
0.000000000000000000e+00
0.000000000000000000e+00
0.000000000000000000e+00
0.000000000000000000e+00
0.000000000000000000e+00
0.000000000000000000e+00
0.000000000000000000e+00
0.000000000000000000e+00
0.000000000000000000e+00
4.383201018467039467e-01
1.833156426675671968e-01
1.687087859162371417e-01
7.006465637573647265e-02
1.107064012150264787e-02
9.004359219388914995e-03
1.783151099131624531e-03
2.470244557511807899e-03
2.958228286702119323e-03
1.879424009647055001e-04
3.491429056188063312e-04
1.229865724340419855e-04
4.193610619366230924e-05
1.276668330763046030e-04
9.286567568589148089e-06
9.140244963271708592e-06
1.979328398111429449e-07
3.749941829595860776e-07
8.137323280062272761e-07
3.180627084285505693e-08
0.000000000000000000e+00
0.000000000000000000e+00
0.000000000000000000e+00
0.000000000000000000e+00
0.000000000000000000e+00
0.000000000000000000e+00
3.119935682918264508e-01
5.399243320159311521e-01
2.118276052111930374e-01
3.347024315394786509e-02
2.722320765459814579e-02
5.391060789695202929e-03
7.468390797830215186e-03
8.943726899224506421e-03
5.682132854579728274e-04
1.055571314888424520e-03
3.718356920738670121e-04
1.267856873250770345e-04
3.859752912062056236e-04
2.807560152927046705e-05
2.558997349328055349e-05
4.410032575079333133e-07
8.398237179281152249e-07
1.840654948416947796e-06
3.447397842729238854e-06
0.000000000000000000e+00
0.000000000000000000e+00
0.000000000000000000e+00
0.000000000000000000e+00
0.000000000000000000e+00
0.000000000000000000e+00
0.000000000000000000e+00
5.412632445276288617e-01
5.440201980769631129e-01
8.361720911119949196e-02
6.801060349741956668e-02
1.346828155557669958e-02
1.865794740656198658e-02
2.234376830361406094e-02
1.419547600601284154e-03
2.637098905298369735e-03
9.289322102899226713e-04
3.167444780426029952e-04
9.642786644444181592e-04
7.014061140224799203e-05
6.390971442584090210e-05
1.109565640053709739e-06
2.101870084779791290e-06
4.598911067544924821e-06
8.864812885659500982e-06
0.000000000000000000e+00
0.000000000000000000e+00
0.000000000000000000e+00
0.000000000000000000e+00
0.000000000000000000e+00
0.000000000000000000e+00
0.000000000000000000e+00
0.000000000000000000e+00
6.685180437868528669e-01
3.030104683498028861e-01
2.365314189393406819e-01
4.684080654955785628e-02
6.488986006170106846e-02
7.770855266785882398e-02
4.936992163328760529e-03
9.171465573455961709e-03
3.230707839787373952e-03
1.101592329326399463e-03
3.353607810408909453e-03
2.439364335542266895e-04
2.222685511041540317e-04
3.851966789578085845e-06
7.313868305968776236e-06
1.599411613224057638e-05
3.130896568420340483e-05
0.000000000000000000e+00
0.000000000000000000e+00
0.000000000000000000e+00
0.000000000000000000e+00
0.000000000000000000e+00
0.000000000000000000e+00
0.000000000000000000e+00
0.000000000000000000e+00
0.000000000000000000e+00
3.812650141997629971e-01
5.855117292884371993e-01
1.098220576352994526e-01
1.521391524244641857e-01
1.821935697214698835e-01
1.157516879211363536e-02
2.150321634783163016e-02
7.574621765155168523e-03
2.582768679781439949e-03
7.862801485573115562e-03
5.719248949126784888e-04
5.211289441332287798e-04
9.031752792265784893e-06
1.714648163082123204e-05
3.749860137475373196e-05
7.139224993970450927e-05
2.310974391458068582e-06
0.000000000000000000e+00
0.000000000000000000e+00
0.000000000000000000e+00
0.000000000000000000e+00
0.000000000000000000e+00
0.000000000000000000e+00
0.000000000000000000e+00
0.000000000000000000e+00
0.000000000000000000e+00
5.066882604882920749e-01
2.306607292701716994e-01
2.908970903367565364e-01
3.483601678237969734e-01
2.213210058073811562e-02
4.111484724625841941e-02
1.448296722900085064e-02
4.938338635854223023e-03
1.503392115226922197e-02
1.093542888349498211e-03
9.964173757871757752e-04
1.726895790276451598e-05
3.278428654131885356e-05
7.170149350882584283e-05
1.341529660329575792e-04
6.980248476941677633e-06
0.000000000000000000e+00
0.000000000000000000e+00
0.000000000000000000e+00
0.000000000000000000e+00
0.000000000000000000e+00
0.000000000000000000e+00
0.000000000000000000e+00
0.000000000000000000e+00
0.000000000000000000e+00
0.000000000000000000e+00
2.221620000000001094e-01
5.337509999999997534e-01
5.649318999999993762e-01
3.589129999999999404e-02
6.667540000000002354e-02
2.348679999999999171e-02
8.008469999999998437e-03
2.438033999999997953e-02
1.773384999999999935e-03
1.615848699999998745e-03
2.800490000000001032e-05
5.317049999999997484e-05
1.162716999999999391e-04
2.175544400000001505e-04
1.146725000000000274e-05
0.000000000000000000e+00
0.000000000000000000e+00
0.000000000000000000e+00
0.000000000000000000e+00
0.000000000000000000e+00
0.000000000000000000e+00
0.000000000000000000e+00
0.000000000000000000e+00
0.000000000000000000e+00
0.000000000000000000e+00
0.000000000000000000e+00
3.862834278269562938e-01
8.612572973258566522e-01
5.274688378747261625e-02
9.798802085888090596e-02
3.451683457290439377e-02
1.176943686036592551e-02
3.583002772782478695e-02
2.606208166937214101e-03
2.374712907060854555e-03
4.115825292596160908e-05
7.813596843078599952e-05
1.708766663621492520e-04
3.197227046952062540e-04
1.696196978035159622e-05
0.000000000000000000e+00
0.000000000000000000e+00
0.000000000000000000e+00
0.000000000000000000e+00
0.000000000000000000e+00
0.000000000000000000e+00
0.000000000000000000e+00
0.000000000000000000e+00
0.000000000000000000e+00
0.000000000000000000e+00
0.000000000000000000e+00
0.000000000000000000e+00
7.736183338077953220e-01
1.665340956944274531e-01
2.900801679645301778e-01
1.021820840497991018e-01
3.484161607350069745e-02
1.060694229466117439e-01
7.715315799062605513e-03
7.029973881405197217e-03
1.218390911656336734e-04
2.313037906052352820e-04
5.058647114069444962e-04
9.464908426646825249e-04
5.067252486210111325e-05
0.000000000000000000e+00
0.000000000000000000e+00
0.000000000000000000e+00
0.000000000000000000e+00
0.000000000000000000e+00
0.000000000000000000e+00
0.000000000000000000e+00
0.000000000000000000e+00
0.000000000000000000e+00
0.000000000000000000e+00
0.000000000000000000e+00
0.000000000000000000e+00
0.000000000000000000e+00
2.232119999999999105e-01
6.985129999999997175e-01
2.242068000000000116e-01
7.644929999999999781e-02
2.327374000000002885e-01
1.692896999999999458e-02
1.542519900000000575e-02
2.673409999999998786e-04
5.075249999999997732e-04
1.109964000000000393e-03
2.076795100000000671e-03
1.114719600000000304e-04
0.000000000000000000e+00
0.000000000000000000e+00
0.000000000000000000e+00
0.000000000000000000e+00
0.000000000000000000e+00
0.000000000000000000e+00
0.000000000000000000e+00
0.000000000000000000e+00
0.000000000000000000e+00
0.000000000000000000e+00
0.000000000000000000e+00
0.000000000000000000e+00
0.000000000000000000e+00
0.000000000000000000e+00
5.114969346627512570e-01
3.983493031303396714e-01
1.287576699910584765e-01
3.919804126184314730e-01
2.851206570909794666e-02
2.597934770267381135e-02
4.502570183903712797e-04
8.547884845523868102e-04
1.869417544217259752e-03
3.497755193436845496e-03
1.879008606446859843e-04
0.000000000000000000e+00
0.000000000000000000e+00
0.000000000000000000e+00
0.000000000000000000e+00
0.000000000000000000e+00
0.000000000000000000e+00
0.000000000000000000e+00
0.000000000000000000e+00
0.000000000000000000e+00
0.000000000000000000e+00
0.000000000000000000e+00
0.000000000000000000e+00
0.000000000000000000e+00
0.000000000000000000e+00
0.000000000000000000e+00
3.881494826280753041e-01
2.683248174349625592e-01
7.226696324814365635e-01
5.256563095895516041e-02
4.789633572745580908e-02
8.301081398161404105e-04
1.575913258526003956e-03
3.446522166534066525e-03
6.448582114945975059e-03
3.466033137450929094e-04
0.000000000000000000e+00
0.000000000000000000e+00
0.000000000000000000e+00
0.000000000000000000e+00
0.000000000000000000e+00
0.000000000000000000e+00
0.000000000000000000e+00
0.000000000000000000e+00
0.000000000000000000e+00
0.000000000000000000e+00
0.000000000000000000e+00
0.000000000000000000e+00
0.000000000000000000e+00
0.000000000000000000e+00
0.000000000000000000e+00
0.000000000000000000e+00
2.233519999999998562e-01
1.106049199999998622e+00
7.594069999999994436e-02
6.919508000000006154e-02
1.199249999999999145e-03
2.276699999999999991e-03
4.979132999999998435e-03
9.316178999999993882e-03
5.008500000000003834e-04
0.000000000000000000e+00
0.000000000000000000e+00
0.000000000000000000e+00
0.000000000000000000e+00
0.000000000000000000e+00
0.000000000000000000e+00
0.000000000000000000e+00
0.000000000000000000e+00
0.000000000000000000e+00
0.000000000000000000e+00
0.000000000000000000e+00
0.000000000000000000e+00
0.000000000000000000e+00
0.000000000000000000e+00
0.000000000000000000e+00
0.000000000000000000e+00
0.000000000000000000e+00
8.988642168218845541e-01
2.834551646255634716e-01
2.498258652694928805e-01
4.296653599353478410e-03
8.139377385246907015e-03
1.767419364970289342e-02
3.131098180863564617e-02
1.435567899703914675e-03
0.000000000000000000e+00
0.000000000000000000e+00
0.000000000000000000e+00
0.000000000000000000e+00
0.000000000000000000e+00
0.000000000000000000e+00
0.000000000000000000e+00
0.000000000000000000e+00
0.000000000000000000e+00
0.000000000000000000e+00
0.000000000000000000e+00
0.000000000000000000e+00
0.000000000000000000e+00
0.000000000000000000e+00
0.000000000000000000e+00
0.000000000000000000e+00
0.000000000000000000e+00
3.547490372689523705e-04
5.254764794558076657e-01
8.203144588824579087e-01
1.337510219494676168e-02
2.518600087530883588e-02
5.349571850528386796e-02
7.834870356511773604e-02
1.150632213467228226e-03
0.000000000000000000e+00
0.000000000000000000e+00
0.000000000000000000e+00
0.000000000000000000e+00
0.000000000000000000e+00
0.000000000000000000e+00
0.000000000000000000e+00
0.000000000000000000e+00
0.000000000000000000e+00
0.000000000000000000e+00
0.000000000000000000e+00
0.000000000000000000e+00
0.000000000000000000e+00
0.000000000000000000e+00
0.000000000000000000e+00
0.000000000000000000e+00
0.000000000000000000e+00
0.000000000000000000e+00
4.123413737739416900e-04
1.010386483870608254e+00
5.621245101693145285e-02
9.777443721597882387e-02
1.956999765176926642e-01
2.696181409594401446e-01
3.532979622489954875e-03
0.000000000000000000e+00
0.000000000000000000e+00
0.000000000000000000e+00
0.000000000000000000e+00
0.000000000000000000e+00
0.000000000000000000e+00
0.000000000000000000e+00
0.000000000000000000e+00
0.000000000000000000e+00
0.000000000000000000e+00
0.000000000000000000e+00
0.000000000000000000e+00
0.000000000000000000e+00
0.000000000000000000e+00
0.000000000000000000e+00
0.000000000000000000e+00
0.000000000000000000e+00
0.000000000000000000e+00
0.000000000000000000e+00
1.372473592853700186e-01
2.858919999999999240e-01
3.164809999999999013e-01
4.856713999999999198e-01
6.027026899999996523e-01
7.000958699999997904e-03
0.000000000000000000e+00
0.000000000000000000e+00
0.000000000000000000e+00
0.000000000000000000e+00
0.000000000000000000e+00
0.000000000000000000e+00
0.000000000000000000e+00
0.000000000000000000e+00
0.000000000000000000e+00
0.000000000000000000e+00
0.000000000000000000e+00
0.000000000000000000e+00
0.000000000000000000e+00
0.000000000000000000e+00
0.000000000000000000e+00
0.000000000000000000e+00
0.000000000000000000e+00
0.000000000000000000e+00
0.000000000000000000e+00
3.303697695185274508e-02
6.488075188610556432e-02
4.579891908642234055e-01
6.163035007840224067e-01
6.960486360537182504e-01
8.217314762970108835e-03
0.000000000000000000e+00
0.000000000000000000e+00
0.000000000000000000e+00
0.000000000000000000e+00
0.000000000000000000e+00
0.000000000000000000e+00
0.000000000000000000e+00
0.000000000000000000e+00
0.000000000000000000e+00
0.000000000000000000e+00
0.000000000000000000e+00
0.000000000000000000e+00
0.000000000000000000e+00
0.000000000000000000e+00
0.000000000000000000e+00
0.000000000000000000e+00
0.000000000000000000e+00
0.000000000000000000e+00
0.000000000000000000e+00
2.758709005204470349e-03
4.088475685314387105e-03
3.706585687706612231e-02
8.315364282965153064e-01
1.103357048308058141e+00
1.199913813230308809e-02
0.000000000000000000e+00
0.000000000000000000e+00
0.000000000000000000e+00
0.000000000000000000e+00
0.000000000000000000e+00
0.000000000000000000e+00
0.000000000000000000e+00
0.000000000000000000e+00
0.000000000000000000e+00
0.000000000000000000e+00
0.000000000000000000e+00
0.000000000000000000e+00
0.000000000000000000e+00
0.000000000000000000e+00
0.000000000000000000e+00
0.000000000000000000e+00
0.000000000000000000e+00
0.000000000000000000e+00
0.000000000000000000e+00
1.915329451220001207e-05
2.621410263003234130e-05
1.917590541526057986e-04
1.008525410332975804e-02
3.003282509504618503e+00
1.339226120271883314e-01
0.000000000000000000e+00
0.000000000000000000e+00
0.000000000000000000e+00
0.000000000000000000e+00
0.000000000000000000e+00
0.000000000000000000e+00
0.000000000000000000e+00
0.000000000000000000e+00
0.000000000000000000e+00
0.000000000000000000e+00
0.000000000000000000e+00
0.000000000000000000e+00
0.000000000000000000e+00
0.000000000000000000e+00
0.000000000000000000e+00
0.000000000000000000e+00
0.000000000000000000e+00
0.000000000000000000e+00
0.000000000000000000e+00
4.012924204573029085e-06
5.356296018692191540e-06
3.832116665651560180e-05
1.663129393396554651e-03
2.558891517607238431e+00
2.941638104790442299e+00
