1.413616236154562888e-01
2.392781529666842405e-02
1.036021028184866584e-02
4.510841682254790541e+00
4.203315271447503366e-03
2.531399999999999970e-02
1.630000000000000893e-01
1.381000000000000630e-02
6.038000000000000832e-03
3.994000000000000661e+00
1.043000000000000178e-05
4.078999999999999987e-02
2.615809662747770048e-01
7.125754256368183395e-03
3.334115982895456774e-03
2.311270909906601556e+00
0.000000000000000000e+00
7.637100000000001110e-01
4.656294634959011192e-01
9.542946089659928204e-04
1.343231068382955400e-03
1.249487537341942289e+00
0.000000000000000000e+00
1.280799999999999994e-01
5.881781134035104497e-01
1.132154140211051336e-03
1.823003610324369509e-03
9.861447446446489629e-01
0.000000000000000000e+00
3.543500000000000122e-02
7.321087811822295510e-01
1.365559891941841696e-03
3.079217352575122722e-03
8.227076052796985506e-01
0.000000000000000000e+00
3.506000000000000002e-03
8.083160136246712035e-01
1.616908366757827467e-03
4.369704669660327487e-03
7.627082310572705914e-01
0.000000000000000000e+00
2.453199999999999565e-03
8.715256734023898444e-01
2.411183399034540556e-03
6.636321965478276901e-03
7.182640427305205799e-01
0.000000000000000000e+00
5.983900000000000764e-04
9.226848905498188369e-01
3.605448702268473221e-03
9.220864819235357127e-03
6.648630091453371360e-01
0.000000000000000000e+00
5.734999999999999809e-05
9.025278973306368746e-01
4.639138211132859575e-03
1.053731829650770765e-02
6.971015040398793605e-01
0.000000000000000000e+00
3.463899999999999819e-05
9.085000000000001963e-01
5.971999999999999878e-03
1.401999999999999774e-02
6.942000000000003723e-01
0.000000000000000000e+00
5.200000000000000188e-06
9.038529267601206341e-01
7.510390662671064324e-03
1.696987919485100360e-02
5.256527341654106955e-01
0.000000000000000000e+00
6.049000000000000022e-06
9.154419287738151390e-01
1.277967583649581955e-02
2.167434302548224001e-02
4.759707301582935535e-01
0.000000000000000000e+00
4.842600000000000019e-06
1.000999999999999668e+00
1.487999999999999913e-02
4.664000000000002866e-02
2.316000000000000003e-01
0.000000000000000000e+00
1.777999999999999907e-07
9.060206564556840814e-01
2.451342280262387707e-02
3.277291979169719149e-02
5.109549412142792013e-01
0.000000000000000000e+00
2.649700000000000228e-07
9.873095405093631483e-01
3.087665589231040550e-02
6.148345989828934294e-02
3.660685020657275524e-01
0.000000000000000000e+00
6.719000000000000807e-08
8.949000000000004729e-01
3.212000000000001659e-02
2.535999999999999713e-02
7.172000000000001707e-01
0.000000000000000000e+00
1.879999999999999960e-08
9.309642384110585756e-01
2.651547105302278981e-02
6.079221580256368579e-02
5.984821171834064923e-01
0.000000000000000000e+00
3.923839999999999883e-08
8.798512895677738088e-01
1.092014762447339124e-02
1.246015975800138752e-02
6.975028279561601430e-01
0.000000000000000000e+00
1.251400000000000042e-09
9.647839427200988194e-01
5.308241914606242479e-02
3.386437563786506844e-02
5.745598193799115183e-01
0.000000000000000000e+00
7.280979999999998777e-10
1.108000000000000318e+00
1.207999999999999907e-01
7.143000000000002125e-02
4.541000000000002257e-01
0.000000000000000000e+00
7.446999999999999267e-12
1.140435582807583392e+00
1.345879345557345896e-01
8.011534423677098282e-02
4.355959100289097385e-01
0.000000000000000000e+00
1.342300000000000046e-11
1.196501329800510494e+00
1.292835544912966095e-01
7.917235687207177519e-02
4.045731702370014560e-01
0.000000000000000000e+00
2.575100000000000367e-11
1.655335177853093365e+00
2.176860340750565170e-01
1.296164887457667558e-01
2.786213172914591696e-01
0.000000000000000000e+00
2.987229999999999904e-11
4.340960861408223792e+00
6.460924186724784635e-01
4.016655612699235878e-01
8.511442169940798552e-02
0.000000000000000000e+00
2.491686000000000375e-13
1.189923659765760589e-01
0.000000000000000000e+00
3.552922861219349766e-03
6.311437706180011098e+00
0.000000000000000000e+00
1.869200000000000028e-02
1.460000000000000742e-01
0.000000000000000000e+00
1.658000000000001486e-03
5.415000000000000924e+00
0.000000000000000000e+00
9.346000000000000141e-03
2.941139538173986878e-01
0.000000000000000000e+00
1.448057013785850327e-04
2.746360969411770103e+00
0.000000000000000000e+00
7.476800000000000113e-02
6.208803219573477694e-01
0.000000000000000000e+00
8.535145617736746308e-06
1.214763659112459537e+00
0.000000000000000000e+00
3.738400000000000056e-02
8.884540191316476765e-01
0.000000000000000000e+00
7.304395212340269966e-06
8.885045454269860921e-01
0.000000000000000000e+00
4.673000000000000070e-02
1.148600646352787358e+00
0.000000000000000000e+00
1.251487879054573036e-05
7.195053870054938239e-01
0.000000000000000000e+00
1.869200000000000028e-02
1.297729368970560904e+00
0.000000000000000000e+00
2.041534527107833320e-05
6.507111524257369606e-01
0.000000000000000000e+00
3.738400000000000056e-02
1.419692114676767369e+00
0.000000000000000000e+00
3.822349857839026679e-05
6.030117301173036903e-01
0.000000000000000000e+00
4.673000000000000070e-02
1.463494331806983739e+00
0.000000000000000000e+00
5.985875689026293038e-05
5.876520243546491384e-01
0.000000000000000000e+00
1.869200000000000028e-02
1.477000493117594182e+00
0.000000000000000000e+00
8.284474337359809201e-05
5.830998592797915769e-01
0.000000000000000000e+00
2.803800000000000042e-02
1.482999999999999430e+00
0.000000000000000000e+00
1.063000000000000224e-04
5.808999999999997499e-01
0.000000000000000000e+00
9.346000000000000141e-03
1.486000263107672525e+00
0.000000000000000000e+00
1.287021311721455081e-04
5.798999210676981653e-01
0.000000000000000000e+00
1.869200000000000028e-02
1.490168472598775828e+00
0.000000000000000000e+00
2.173792040811903898e-04
5.785328315452673564e-01
0.000000000000000000e+00
5.607600000000000084e-02
1.491999999999999771e+00
0.000000000000000000e+00
3.293999999999999294e-04
5.778999999999999693e-01
0.000000000000000000e+00
9.346000000000000141e-03
1.492334277771564688e+00
0.000000000000000000e+00
4.252893330275384618e-04
5.776332278900014883e-01
0.000000000000000000e+00
2.803800000000000042e-02
1.492999999999999883e+00
0.000000000000000000e+00
5.794206641914329513e-04
5.773501095798458937e-01
0.000000000000000000e+00
1.869200000000000028e-02
1.493999999999999106e+00
0.000000000000000000e+00
6.975999999999999346e-04
5.770999999999998353e-01
0.000000000000000000e+00
9.346000000000000141e-03
1.496254287689245954e+00
0.000000000000000000e+00
1.278774363406332036e-03
5.756540800478936459e-01
0.000000000000000000e+00
7.476800000000000113e-02
1.520078862736305769e+00
0.000000000000000000e+00
2.370924233654142857e-03
5.725953535728545152e-01
0.000000000000000000e+00
2.803800000000000042e-02
1.637932726472221656e+00
0.000000000000000000e+00
4.239646965462380741e-03
5.647014985419460675e-01
0.000000000000000000e+00
1.308439999999999603e-01
1.840999999999999304e+00
0.000000000000000000e+00
6.134999999999997226e-03
5.544999999999999929e-01
0.000000000000000000e+00
9.346000000000000141e-03
1.883141400792373243e+00
0.000000000000000000e+00
6.471987540112520039e-03
5.522143666226461134e-01
0.000000000000000000e+00
1.869200000000000028e-02
1.998259381549042368e+00
0.000000000000000000e+00
7.555126720302630591e-03
5.445648466598458359e-01
0.000000000000000000e+00
4.673000000000000070e-02
3.165083991074925773e+00
0.000000000000000000e+00
1.752871169205978338e-02
4.525064185212747669e-01
0.000000000000000000e+00
1.588819999999999399e-01
5.551528109605605721e+00
0.000000000000000000e+00
4.935394380358762434e-02
2.449256599208411989e-01
0.000000000000000000e+00
4.673000000000000070e-02
