3.210012906271891286e-01
5.765340433176052194e-03
2.948342033176818994e-03
2.070567414258511096e+00
7.816267974435721138e-05
9.707640000000000713e-01
7.272333720418819869e-01
1.493420806834253349e-03
3.499855778765497034e-03
8.435336201063574624e-01
0.000000000000000000e+00
2.900120000000000475e-02
8.895485902175955806e-01
2.792102667693883988e-03
7.538660639750123516e-03
7.022586041145220115e-01
0.000000000000000000e+00
1.213900000000000016e-04
9.167168474876213891e-01
8.715454440266740682e-03
1.786806942766230866e-02
5.565841549938166377e-01
0.000000000000000000e+00
1.082583999999999934e-04
9.123612488062869952e-01
1.706208640205215260e-02
3.663688258005753234e-02
4.051461311993461156e-01
0.000000000000000000e+00
2.070200000000000101e-07
8.931999999999997719e-01
3.957999999999998325e-02
2.495999999999999608e-02
7.248999999999996557e-01
0.000000000000000000e+00
5.794999999999999944e-08
9.329198935327318587e-01
2.648079802072403344e-02
5.344841152862491590e-02
5.770454986991574442e-01
0.000000000000000000e+00
1.258719000000000116e-07
9.007022809220688320e-01
2.462871596145053271e-02
1.983422320946701817e-02
6.602140332696466718e-01
0.000000000000000000e+00
1.032149999999999998e-09
9.568382343949259905e-01
4.827954457729067422e-02
3.077062338150991783e-02
5.730086086705967752e-01
0.000000000000000000e+00
2.572000000000000010e-10
1.023000000000000353e+00
7.305000000000001770e-02
4.458999999999999075e-02
5.099000000000002419e-01
0.000000000000000000e+00
2.114000000000000080e-11
1.057264269031294113e+00
9.055783558976479575e-02
5.422485972227091694e-02
4.862723524845195544e-01
0.000000000000000000e+00
1.754100000000000048e-11
1.231435763285268381e+00
1.332697502866065087e-01
8.101118735338752597e-02
3.906567776231852362e-01
0.000000000000000000e+00
6.828400000000000429e-11
1.501166722058440151e+00
1.878665881803334992e-01
1.118471030395429139e-01
2.953293147773826677e-01
0.000000000000000000e+00
1.033100000000000031e-11
1.885120442780118921e+00
2.726634748225304494e-01
1.604093849214646983e-01
2.207237605892328480e-01
0.000000000000000000e+00
4.165500000000000376e-12
2.808823567463544446e+00
4.302420449911847355e-01
2.578590632365649893e-01
1.415602229302032333e-01
0.000000000000000000e+00
1.928968599999999605e-12
3.669987740623101291e-01
0.000000000000000000e+00
2.985398987072112524e-04
2.607304885214442702e+00
0.000000000000000000e+00
1.495359999999999467e-01
1.154575980372120059e+00
0.000000000000000000e+00
1.677233345417976997e-05
7.315425114534137574e-01
0.000000000000000000e+00
1.214979999999999671e-01
1.443984460610564291e+00
0.000000000000000000e+00
4.606210081036998740e-05
5.942054387863023868e-01
0.000000000000000000e+00
1.869200000000000028e-02
1.483082407262910962e+00
0.000000000000000000e+00
1.578658295610754119e-04
5.809546692098990217e-01
0.000000000000000000e+00
1.401899999999999535e-01
1.492000000000000881e+00
0.000000000000000000e+00
3.981188520058770767e-04
5.777001253440411377e-01
0.000000000000000000e+00
1.869200000000000028e-02
1.492999999999999883e+00
0.000000000000000000e+00
4.793999999999997807e-04
5.774999999999997913e-01
0.000000000000000000e+00
9.346000000000000141e-03
1.496725185939554725e+00
0.000000000000000000e+00
1.190721273288396958e-03
5.758409575167963146e-01
0.000000000000000000e+00
1.121519999999999739e-01
1.544015985579593631e+00
0.000000000000000000e+00
2.874457400787173815e-03
5.708335944361615510e-01
0.000000000000000000e+00
5.607600000000000084e-02
1.628107700592203999e+00
0.000000000000000000e+00
4.310631546792030588e-03
5.646441394887193876e-01
0.000000000000000000e+00
5.607600000000000084e-02
1.733000000000001428e+00
0.000000000000000000e+00
5.313999999999998412e-03
5.594000000000002304e-01
0.000000000000000000e+00
9.346000000000000141e-03
1.780760873145186496e+00
0.000000000000000000e+00
5.657507588986870548e-03
5.574375234582735761e-01
0.000000000000000000e+00
1.869200000000000028e-02
2.122600356500916163e+00
0.000000000000000000e+00
8.612732734126429465e-03
5.361444515216299278e-01
0.000000000000000000e+00
1.214979999999999671e-01
2.531946443758289700e+00
0.000000000000000000e+00
1.213776710452500393e-02
5.048661642070452205e-01
0.000000000000000000e+00
4.673000000000000070e-02
3.108782155778129219e+00
0.000000000000000000e+00
1.674035790285743550e-02
4.587328805507855378e-01
0.000000000000000000e+00
3.738400000000000056e-02
4.282031053742483273e+00
0.000000000000000000e+00
2.918144477378137314e-02
3.569617991819743485e-01
0.000000000000000000e+00
8.411399999999999433e-02
