2.638259997558868308e-01
5.239544042769988391e-02
7.587272850326743853e-04
1.139940583746593692e-03
1.078916644667243025e-05
3.678640754014220465e-06
1.237194531493996932e-05
4.051599898836903324e-07
1.514323021932380328e-07
1.048897875207273728e-15
9.894781457169449886e-16
1.237726648181518936e-15
0.000000000000000000e+00
0.000000000000000000e+00
0.000000000000000000e+00
0.000000000000000000e+00
5.813980725398947280e-01
5.836191885656809297e-02
8.199900368664612971e-02
7.770223245637174160e-04
2.649453365715008046e-04
8.863833129273958290e-04
2.708291728241740104e-05
1.023023231972533034e-05
1.116967974161574220e-06
9.864948219196719048e-07
4.888756908100373891e-06
1.177533436815494635e-06
6.559907334036801252e-07
2.212734057235776956e-07
0.000000000000000000e+00
0.000000000000000000e+00
3.684169215444140777e-01
5.022997848518951924e-01
4.458794843490624868e-03
1.520344293720332423e-03
5.086335742630996616e-03
1.554124123784632544e-04
5.861621884976199817e-05
6.167456627396480167e-06
5.448809079092068074e-06
2.710988535501054108e-05
6.592210808675812430e-06
3.737524341589157469e-06
3.315156685904877608e-06
0.000000000000000000e+00
0.000000000000000000e+00
0.000000000000000000e+00
7.361837241279831634e-01
6.659354767131218933e-02
2.124623426588498690e-02
7.107999918921839577e-02
2.171819456580939469e-03
8.191543246739922245e-04
8.618286720489304244e-05
7.614646669979115731e-05
3.788592946027421571e-04
9.209639836587877086e-05
5.223646025276770045e-05
4.772997386750258081e-05
0.000000000000000000e+00
0.000000000000000000e+00
0.000000000000000000e+00
0.000000000000000000e+00
3.414743965330753195e-01
1.415455619413392707e-01
3.731847796653273708e-01
1.140241116138480428e-02
4.300692057515416965e-03
4.524755757784258399e-04
3.997827995673413747e-04
1.989064109703648532e-03
4.835254004201804687e-04
2.742539416445708756e-04
2.510537328914804649e-04
0.000000000000000000e+00
0.000000000000000000e+00
0.000000000000000000e+00
0.000000000000000000e+00
0.000000000000000000e+00
2.385189999999999533e-01
6.014481299999995256e-01
1.646558000000001437e-02
6.210384999999999690e-03
6.533930000000001594e-04
5.773049999999997454e-04
2.872301999999995852e-03
6.982279999999996311e-04
3.960301999999999746e-04
3.625755999999994632e-04
0.000000000000000000e+00
0.000000000000000000e+00
0.000000000000000000e+00
0.000000000000000000e+00
0.000000000000000000e+00
0.000000000000000000e+00
6.791207298274881676e-01
1.215557839696816550e-01
4.366610004891496172e-02
4.555240607808878212e-03
4.006514780996080390e-03
1.914847077726926361e-02
4.046756284028053124e-03
1.964258334892738083e-03
1.326860466692924559e-03
0.000000000000000000e+00
0.000000000000000000e+00
0.000000000000000000e+00
0.000000000000000000e+00
0.000000000000000000e+00
0.000000000000000000e+00
8.717366078681028753e-04
4.659433460288929796e-01
2.416786513182158369e-01
2.333469088045342019e-02
2.051101064942787572e-02
9.655780411527670193e-02
1.906381791276421864e-02
8.460900686617594743e-03
4.452307897066506114e-03
0.000000000000000000e+00
0.000000000000000000e+00
0.000000000000000000e+00
0.000000000000000000e+00
0.000000000000000000e+00
0.000000000000000000e+00
0.000000000000000000e+00
4.824249492254005858e-03
4.982749347897414971e-01
7.067124129770976926e-02
5.448841332036185453e-02
2.264970115646264270e-01
4.280351826860334663e-02
1.876212690220251111e-02
9.726750558176552874e-03
0.000000000000000000e+00
0.000000000000000000e+00
0.000000000000000000e+00
0.000000000000000000e+00
0.000000000000000000e+00
0.000000000000000000e+00
0.000000000000000000e+00
6.914459143000001858e-07
7.690071819999999558e-02
2.580939999999998791e-01
1.322451000000000321e-01
4.035350000000000326e-01
6.593289999999998874e-02
2.792812999999998852e-02
1.420977250000000566e-02
0.000000000000000000e+00
0.000000000000000000e+00
0.000000000000000000e+00
0.000000000000000000e+00
0.000000000000000000e+00
0.000000000000000000e+00
0.000000000000000000e+00
1.312382983921492779e-07
2.647972082752715617e-02
6.371230350676206078e-02
2.635173824640303364e-01
5.215290341055722756e-01
7.866029907137626898e-02
3.275095629149845505e-02
1.638447140076010333e-02
0.000000000000000000e+00
0.000000000000000000e+00
0.000000000000000000e+00
0.000000000000000000e+00
0.000000000000000000e+00
0.000000000000000000e+00
0.000000000000000000e+00
6.998100657427375342e-10
1.855039465184935878e-03
4.238996418578841810e-03
1.178689349568733287e-02
7.739806808102859259e-01
2.319871224025734924e-01
8.599661399595356914e-02
4.055425346370596790e-02
0.000000000000000000e+00
0.000000000000000000e+00
0.000000000000000000e+00
0.000000000000000000e+00
0.000000000000000000e+00
0.000000000000000000e+00
0.000000000000000000e+00
0.000000000000000000e+00
1.218431296095343600e-04
2.797408402990688814e-04
7.479750828123146299e-04
2.357680598507960745e-01
7.873877523912397036e-01
2.648410782609567637e-01
1.000657158649252698e-01
0.000000000000000000e+00
0.000000000000000000e+00
0.000000000000000000e+00
0.000000000000000000e+00
0.000000000000000000e+00
0.000000000000000000e+00
0.000000000000000000e+00
0.000000000000000000e+00
6.940084717699747841e-05
1.624534342388679110e-04
4.324764677387230765e-04
1.214914849979421146e-01
3.863657530122754924e-01
9.216791785345604948e-01
2.942855637226768351e-01
0.000000000000000000e+00
0.000000000000000000e+00
0.000000000000000000e+00
0.000000000000000000e+00
0.000000000000000000e+00
0.000000000000000000e+00
0.000000000000000000e+00
0.000000000000000000e+00
6.555174603556017485e-05
1.584730887523580413e-04
4.209939502701097111e-04
1.126461860348676736e-01
2.906210083542413170e-01
5.926584288476260953e-01
1.554029264590799375e+00
2.734331123908591565e-01
8.974578304726334166e-02
1.386144834768451807e-03
2.086527853234808674e-03
1.977326212297268911e-05
6.741984118371437692e-06
2.269822295280901137e-05
7.261614935949771195e-07
2.666569357001979124e-07
0.000000000000000000e+00
0.000000000000000000e+00
0.000000000000000000e+00
0.000000000000000000e+00
0.000000000000000000e+00
0.000000000000000000e+00
0.000000000000000000e+00
8.421457583664884172e-01
1.253210089719600517e-01
1.828042344259830920e-01
1.732357926077617060e-03
5.906913114547720882e-04
1.976180045423803731e-03
6.038106038902690565e-05
2.280562370303340267e-05
2.483058642906487565e-06
2.193494187454146486e-06
1.088842414353284453e-05
2.632177113868588095e-06
1.476211932067629468e-06
5.039311041982569762e-07
0.000000000000000000e+00
0.000000000000000000e+00
3.769699664972078756e-01
1.042922657496030858e+00
9.590465271371735254e-03
3.270113966518200382e-03
1.094027189583759128e-02
3.342786234135325754e-04
1.260781938079456931e-04
1.326567075603107860e-05
1.171990070400160282e-05
5.831097218367785589e-05
1.417926501555112767e-05
8.039086436594424176e-06
7.130754221137382222e-06
0.000000000000000000e+00
0.000000000000000000e+00
0.000000000000000000e+00
1.123596040056250356e+00
1.438739323058760011e-01
4.764473855527791984e-02
1.593970070200801670e-01
4.870309226058545764e-03
1.836955326396768695e-03
1.932653366259047230e-04
1.707587395953110950e-04
8.495926991692297073e-04
2.065262464125455679e-04
1.171404013159303638e-04
1.070461213943977262e-04
0.000000000000000000e+00
0.000000000000000000e+00
0.000000000000000000e+00
0.000000000000000000e+00
3.879056113535464534e-01
2.683136185978985955e-01
7.940363479293794935e-01
2.426135586341018890e-02
9.150733245638071819e-03
9.627498378391979167e-04
8.506328264664809015e-04
4.232209396291227929e-03
1.028815027665127115e-03
5.835399826782600510e-04
5.341769298353529500e-04
0.000000000000000000e+00
0.000000000000000000e+00
0.000000000000000000e+00
0.000000000000000000e+00
0.000000000000000000e+00
2.232790000000000330e-01
1.208725499999999009e+00
3.503705000000000014e-02
1.321503999999999214e-02
1.390349999999999833e-03
1.228444000000000844e-03
6.111958999999999274e-03
1.485754999999998761e-03
8.427110000000001110e-04
7.715230700000002412e-04
0.000000000000000000e+00
0.000000000000000000e+00
0.000000000000000000e+00
0.000000000000000000e+00
0.000000000000000000e+00
0.000000000000000000e+00
1.060198809030188372e+00
2.595822012963604486e-01
9.527869504551378377e-02
9.972457835565360501e-03
8.789305535985721812e-03
4.282465498057192593e-02
9.686899789928697657e-03
5.080299441928632503e-03
4.053294966180043778e-03
0.000000000000000000e+00
0.000000000000000000e+00
0.000000000000000000e+00
0.000000000000000000e+00
0.000000000000000000e+00
0.000000000000000000e+00
3.917055530585601621e-04
6.699284519598868171e-01
4.983478226127946997e-01
5.003808726112104338e-02
4.403235833146842276e-02
2.085857422399193528e-01
4.159880179326089916e-02
1.852861801100009337e-02
9.777413545915568382e-03
0.000000000000000000e+00
0.000000000000000000e+00
0.000000000000000000e+00
0.000000000000000000e+00
0.000000000000000000e+00
0.000000000000000000e+00
0.000000000000000000e+00
2.365711191418964823e-03
7.398475830847086598e-01
1.383488899289373464e-01
1.107838644827020269e-01
4.793125569519832707e-01
9.209911743093265879e-02
4.028696181176161933e-02
2.078278715897958345e-02
0.000000000000000000e+00
0.000000000000000000e+00
0.000000000000000000e+00
0.000000000000000000e+00
0.000000000000000000e+00
0.000000000000000000e+00
0.000000000000000000e+00
1.069540000000000243e-10
5.763381735090009061e-02
3.611670000000000158e-01
2.432010000000001393e-01
8.354040000000001465e-01
1.424509999999999943e-01
5.849980000000003927e-02
2.891510980000000508e-02
0.000000000000000000e+00
0.000000000000000000e+00
0.000000000000000000e+00
0.000000000000000000e+00
0.000000000000000000e+00
0.000000000000000000e+00
0.000000000000000000e+00
1.937843338873291694e-11
6.478459799150327290e-03
6.432134222444590987e-02
3.814325427214043662e-01
1.046835796248242412e+00
1.717632553657965910e-01
7.005812060416236053e-02
3.382141830673175698e-02
0.000000000000000000e+00
0.000000000000000000e+00
0.000000000000000000e+00
0.000000000000000000e+00
0.000000000000000000e+00
0.000000000000000000e+00
0.000000000000000000e+00
0.000000000000000000e+00
5.730286129379894429e-05
4.732904446689572176e-04
3.806988435618842079e-03
1.193351211218571351e+00
6.030460314873665739e-01
2.160939540443455320e-01
9.729966412673092535e-02
0.000000000000000000e+00
0.000000000000000000e+00
0.000000000000000000e+00
0.000000000000000000e+00
0.000000000000000000e+00
0.000000000000000000e+00
0.000000000000000000e+00
0.000000000000000000e+00
1.949992985064295712e-07
1.276678519014226020e-06
7.905886263352494261e-06
1.474253515995136155e-01
1.547062439725045868e+00
6.251021339073226102e-01
2.002176730474209965e-01
0.000000000000000000e+00
0.000000000000000000e+00
0.000000000000000000e+00
0.000000000000000000e+00
0.000000000000000000e+00
0.000000000000000000e+00
0.000000000000000000e+00
0.000000000000000000e+00
6.292442902365753355e-08
3.734140203877803960e-07
2.215579680511011584e-06
3.273272673748297418e-02
4.125196267005464268e-01
2.013624847604043477e+00
6.330836642660564451e-01
0.000000000000000000e+00
0.000000000000000000e+00
0.000000000000000000e+00
0.000000000000000000e+00
0.000000000000000000e+00
0.000000000000000000e+00
0.000000000000000000e+00
0.000000000000000000e+00
3.985051380413942139e-08
2.232071157662445479e-07
1.280847910361474725e-06
1.673344627084611541e-02
1.485484835017227834e-01
7.290857912347082914e-01
3.358457665906215528e+00
