1.413616236154562888e-01
2.392781529666842405e-02
1.036021028184866584e-02
4.510841682254790541e+00
4.203315271447503366e-03
2.531399999999999970e-02
1.630000000000000893e-01
1.381000000000000630e-02
6.038000000000000832e-03
3.994000000000000661e+00
1.043000000000000178e-05
4.078999999999999987e-02
2.085315493026176636e-01
1.263125748938706376e-02
5.098381744086551842e-03
2.868108909641955417e+00
0.000000000000000000e+00
1.686099999999999821e-01
1.834000000000000075e-01
1.218999999999999077e-02
4.771000000000000067e-03
3.272999999999999687e+00
0.000000000000000000e+00
1.179000000000000048e-01
2.207000000000000628e-01
1.143000000000000786e-02
4.804000000000001845e-03
2.548000000000002707e+00
0.000000000000000000e+00
1.223000000000000059e-01
2.451000000000000123e-01
7.542000000000000960e-03
3.563000000000001496e-03
2.298999999999999932e+00
0.000000000000000000e+00
1.136000000000000065e-01
3.075000000000001621e-01
1.892999999999999934e-03
1.572000000000000697e-03
1.739000000000000323e+00
0.000000000000000000e+00
9.750000000000000333e-02
3.610999999999998100e-01
1.208999999999999788e-03
1.507999999999999358e-03
1.393999999999999684e+00
0.000000000000000000e+00
8.040999999999999537e-02
3.293999999999999706e-01
9.475999999999997229e-04
1.379999999999999500e-03
1.783999999999999364e+00
0.000000000000000000e+00
6.339000000000000190e-02
3.766000000000000458e-01
9.281999999999996850e-04
1.313000000000000148e-03
1.696000000000000618e+00
0.000000000000000000e+00
4.830999999999999878e-02
5.186915942343458541e-01
9.545905923744571649e-04
1.325585269683818247e-03
1.005679119652820308e+00
0.000000000000000000e+00
6.146999999999999686e-02
4.829000000000001069e-01
9.913999999999999202e-04
1.423999999999999702e-03
1.116000000000000103e+00
0.000000000000000000e+00
1.830000000000000029e-02
5.193000000000000949e-01
1.064000000000000492e-03
1.528000000000000929e-03
1.072000000000000508e+00
0.000000000000000000e+00
1.286999999999999950e-02
5.765809918175923698e-01
1.111653035161186019e-03
1.716137005196013282e-03
9.972424336578648019e-01
0.000000000000000000e+00
1.522100000000000015e-02
6.528568759097252983e-01
1.207148359504772858e-03
2.169697860335322460e-03
9.096144828608442312e-01
0.000000000000000000e+00
7.343999999999999834e-03
7.086999999999995525e-01
1.353999999999999518e-03
2.795999999999999441e-03
8.517999999999994465e-01
0.000000000000000000e+00
2.075000000000000022e-03
7.713884274193147927e-01
1.453958789409282720e-03
3.776749112318227453e-03
7.925455973620310068e-01
0.000000000000000000e+00
3.096000000000000228e-03
8.195000000000000062e-01
1.686000000000000866e-03
4.573000000000000675e-03
7.549000000000000155e-01
0.000000000000000000e+00
4.671000000000000239e-04
8.616999999999995774e-01
1.815999999999999906e-03
5.007000000000001033e-03
7.035999999999996701e-01
0.000000000000000000e+00
3.210999999999999987e-04
8.609999999999995435e-01
1.978000000000000591e-03
5.690999999999999011e-03
7.173999999999999266e-01
0.000000000000000000e+00
2.204999999999999929e-04
8.594658110171583543e-01
2.265507445126913131e-03
6.249349490338901823e-03
7.342663499787299708e-01
0.000000000000000000e+00
2.565000000000000006e-04
8.895485902175955806e-01
2.792102667693883988e-03
7.538660639750123516e-03
7.022586041145220115e-01
0.000000000000000000e+00
1.213900000000000016e-04
9.226848905498188369e-01
3.605448702268473221e-03
9.220864819235357127e-03
6.648630091453371360e-01
0.000000000000000000e+00
5.734999999999999809e-05
9.065240151353805009e-01
4.348146662368585977e-03
1.048683436851810015e-02
6.908090651101480573e-01
0.000000000000000000e+00
2.707000000000000001e-05
8.997914250888632282e-01
5.889000955121354540e-03
1.358930398929809012e-02
6.492246241073419410e-01
0.000000000000000000e+00
1.635399999999999961e-05
9.113000000000002210e-01
8.555999999999997635e-03
1.778000000000000760e-02
5.093999999999999639e-01
0.000000000000000000e+00
2.464000000000000041e-06
8.936504510798235490e-01
9.621606542776746721e-03
1.652796209084239284e-02
6.034201695102787699e-01
0.000000000000000000e+00
2.856999999999999920e-06
9.304000000000002268e-01
1.097000000000000232e-02
2.222999999999999976e-02
3.548000000000000598e-01
0.000000000000000000e+00
7.996000000000000396e-07
9.255323205431325029e-01
1.560284964083321312e-02
2.507586978282723769e-02
4.284819673638537441e-01
0.000000000000000000e+00
1.185999999999999953e-06
9.376288287568437241e-01
1.614844636548045179e-02
3.833883689042432569e-02
3.826371821477329016e-01
0.000000000000000000e+00
3.005000000000000240e-07
9.493000000000000327e-01
1.674999999999999406e-02
4.315999999999999698e-02
2.776000000000001244e-01
0.000000000000000000e+00
8.432000000000000330e-08
8.931999999999997719e-01
3.957999999999998325e-02
2.495999999999999608e-02
7.248999999999996557e-01
0.000000000000000000e+00
5.794999999999999944e-08
9.657999999999997698e-01
2.440000000000000502e-02
3.008999999999998481e-02
5.123999999999999666e-01
0.000000000000000000e+00
3.982000000000000187e-08
9.509292485299268849e-01
3.496248297882228323e-02
5.947944764053278432e-02
4.699667181577794617e-01
0.000000000000000000e+00
4.616999999999999587e-08
1.057000000000000828e+00
3.707000000000001266e-02
1.379000000000000503e-01
2.680000000000002380e-01
0.000000000000000000e+00
1.291999999999999922e-08
8.657000000000003581e-01
2.364000000000000476e-02
1.909000000000000280e-02
7.707999999999999297e-01
0.000000000000000000e+00
8.871999999999999969e-09
8.918000000000000371e-01
2.976000000000000867e-02
3.371999999999999997e-02
7.291999999999997373e-01
0.000000000000000000e+00
6.082000000000000297e-09
9.117000000000000659e-01
6.539999999999999980e-02
4.383999999999998315e-02
7.012999999999998124e-01
0.000000000000000000e+00
4.197000000000000293e-09
1.008320919100400337e+00
1.244306648442150727e-02
1.208006858280024493e-01
3.814964542132709413e-01
0.000000000000000000e+00
4.867999999999999320e-09
8.669000000000000039e-01
4.098999999999999345e-03
1.695000000000000326e-02
7.350999999999999757e-01
0.000000000000000000e+00
1.362999999999999946e-09
8.766999999999998128e-01
2.370999999999999497e-02
2.089999999999999497e-02
7.131999999999996120e-01
0.000000000000000000e+00
9.363999999999999924e-10
8.729000000000001203e-01
1.064999999999999801e-02
1.106000000000000039e-02
7.124999999999999112e-01
0.000000000000000000e+00
6.435000000000000009e-10
8.838999999999994639e-01
1.128000000000000010e-02
1.443999999999999277e-02
6.906000000000001027e-01
0.000000000000000000e+00
4.420000000000000246e-10
8.878581014640977154e-01
1.128186161302665788e-02
1.169134449829702972e-02
6.764319009844629305e-01
0.000000000000000000e+00
3.035999999999999649e-10
8.983999999999999764e-01
1.578999999999999501e-02
1.509999999999999711e-02
6.569000000000002615e-01
0.000000000000000000e+00
1.139000000000000022e-10
9.261000000000004784e-01
4.876000000000001861e-02
3.355999999999999955e-02
6.229000000000000092e-01
0.000000000000000000e+00
9.426000000000000589e-11
9.341055336030908984e-01
5.379283937839055701e-02
3.311124300418195193e-02
6.077092914859210104e-01
0.000000000000000000e+00
1.435100000000000038e-10
9.356999999999995321e-01
4.106999999999998152e-02
2.661999999999999089e-02
5.982999999999998320e-01
0.000000000000000000e+00
5.397999999999999738e-11
9.444000000000003503e-01
4.271000000000001184e-02
2.776000000000000342e-02
5.846000000000000085e-01
0.000000000000000000e+00
4.475000000000000056e-11
9.567999999999997618e-01
4.667999999999996458e-02
3.007999999999998522e-02
5.688999999999996282e-01
0.000000000000000000e+00
3.709999999999999984e-11
9.736000000000002430e-01
5.266000000000000542e-02
3.342999999999999444e-02
5.512000000000001343e-01
0.000000000000000000e+00
3.075999999999999899e-11
9.955000000000000515e-01
6.105000000000000010e-02
3.803999999999999049e-02
5.316999999999997284e-01
0.000000000000000000e+00
2.549000000000000064e-11
1.023000000000000353e+00
7.305000000000001770e-02
4.458999999999999075e-02
5.099000000000002419e-01
0.000000000000000000e+00
2.114000000000000080e-11
1.047999999999999821e+00
8.519999999999998408e-02
5.124999999999997613e-02
4.924999999999999378e-01
0.000000000000000000e+00
9.044000000000000641e-12
1.076839176927414155e+00
1.019534992589479910e-01
6.060176687322379324e-02
4.735868030741978707e-01
0.000000000000000000e+00
1.646399999999999932e-11
1.130557984485778489e+00
1.303890989733184902e-01
7.747039895657166497e-02
4.412309550080385501e-01
0.000000000000000000e+00
2.087000000000000134e-11
1.164000000000000368e+00
1.367000000000000159e-01
8.249000000000002164e-02
4.221000000000000862e-01
0.000000000000000000e+00
6.005000000000000363e-12
1.177000000000000046e+00
1.324999999999999789e-01
8.074999999999996070e-02
4.147999999999997245e-01
0.000000000000000000e+00
5.566000000000000315e-12
1.189999999999999947e+00
1.281999999999999806e-01
7.869999999999999218e-02
4.073999999999998733e-01
0.000000000000000000e+00
5.130000000000000153e-12
1.217099452812468785e+00
1.261114181488089125e-01
7.769685088928535155e-02
3.938559826681700682e-01
0.000000000000000000e+00
9.050000000000000414e-12
1.265682089479386319e+00
1.318742377266026167e-01
8.084247813778221159e-02
3.720125480051152400e-01
0.000000000000000000e+00
7.534999999999999700e-12
1.312000000000000721e+00
1.412999999999999534e-01
8.595999999999999475e-02
3.535000000000000364e-01
0.000000000000000000e+00
3.247000000000000200e-12
1.348999999999999533e+00
1.498999999999999222e-01
9.071999999999992570e-02
3.398999999999998689e-01
0.000000000000000000e+00
2.913999999999999902e-12
1.390999999999999792e+00
1.602000000000000368e-01
9.641000000000002346e-02
3.259000000000001895e-01
0.000000000000000000e+00
2.604999999999999906e-12
1.438000000000000167e+00
1.722000000000000197e-01
1.031000000000000527e-01
3.113000000000001877e-01
0.000000000000000000e+00
2.324000000000000195e-12
1.491999999999999993e+00
1.859000000000000652e-01
1.106999999999999929e-01
2.960999999999999743e-01
0.000000000000000000e+00
2.034000000000000017e-12
1.631329800389864859e+00
2.193739472688363557e-01
1.295717827596106764e-01
2.638257452757464261e-01
0.000000000000000000e+00
4.701000000000000265e-12
1.827999999999999403e+00
2.622999999999999221e-01
1.541999999999999760e-01
2.273999999999998245e-01
0.000000000000000000e+00
1.128000000000000040e-12
1.960999999999999410e+00
2.882999999999999452e-01
1.694999999999999563e-01
2.081999999999998852e-01
0.000000000000000000e+00
9.379000000000000728e-13
2.123000000000000664e+00
3.183000000000000829e-01
1.873000000000000220e-01
1.886000000000000176e-01
0.000000000000000000e+00
7.665999999999999849e-13
2.318999999999999062e+00
3.530000000000000360e-01
2.083000000000000684e-01
1.691000000000000281e-01
0.000000000000000000e+00
6.074000000000000170e-13
2.558000000000000718e+00
3.938999999999998614e-01
2.337000000000000466e-01
1.499000000000000887e-01
0.000000000000000000e+00
4.719000000000000390e-13
2.852000000000000313e+00
4.433999999999997943e-01
2.648999999999999133e-01
1.314999999999999780e-01
0.000000000000000000e+00
3.505000000000000211e-13
3.228000000000000647e+00
5.046000000000000485e-01
3.044000000000000594e-01
1.134999999999999898e-01
0.000000000000000000e+00
2.499999999999999950e-13
3.740000000000001545e+00
5.824000000000003618e-01
3.557000000000001827e-01
9.576000000000001178e-02
0.000000000000000000e+00
1.479000000000000059e-13
4.521000000000002572e+00
6.834000000000004515e-01
4.251000000000001999e-01
7.748000000000003495e-02
0.000000000000000000e+00
6.963999999999999407e-14
6.660831301018884432e+00
8.520996712130703976e-01
5.579692561439987264e-01
5.374162855290157831e-02
0.000000000000000000e+00
3.162860000000000596e-14
1.189923659765760589e-01
0.000000000000000000e+00
3.552922861219349766e-03
6.311437706180011098e+00
0.000000000000000000e+00
1.869200000000000028e-02
1.460000000000000742e-01
0.000000000000000000e+00
1.658000000000001486e-03
5.415000000000000924e+00
0.000000000000000000e+00
9.346000000000000141e-03
2.051097811724427733e-01
0.000000000000000000e+00
6.732232819383785968e-04
3.581626375448900834e+00
0.000000000000000000e+00
1.869200000000000028e-02
1.978000000000000314e-01
0.000000000000000000e+00
5.816000000000000728e-06
3.993999999999998884e+00
0.000000000000000000e+00
9.346000000000000141e-03
2.533000000000000251e-01
0.000000000000000000e+00
5.783999999999999171e-06
2.851999999999998092e+00
0.000000000000000000e+00
9.346000000000000141e-03
2.953000000000000624e-01
0.000000000000000000e+00
5.715000000000002881e-06
2.444000000000000394e+00
0.000000000000000000e+00
9.346000000000000141e-03
3.770000000000002238e-01
0.000000000000000000e+00
5.635000000000002800e-06
1.768000000000001792e+00
0.000000000000000000e+00
9.346000000000000141e-03
4.462000000000000965e-01
0.000000000000000000e+00
5.839000000000002032e-06
1.419999999999999263e+00
0.000000000000000000e+00
9.346000000000000141e-03
4.284000000000000030e-01
0.000000000000000000e+00
6.463000000000002326e-06
1.750999999999999890e+00
0.000000000000000000e+00
9.346000000000000141e-03
4.951000000000003731e-01
0.000000000000000000e+00
7.063000000000004205e-06
1.658000000000000584e+00
0.000000000000000000e+00
9.346000000000000141e-03
6.798424373400664411e-01
0.000000000000000000e+00
1.097229481025656584e-05
9.816321253629224364e-01
0.000000000000000000e+00
1.869200000000000028e-02
6.835999999999999854e-01
0.000000000000000000e+00
5.531000000000000915e-06
1.048000000000000265e+00
0.000000000000000000e+00
9.346000000000000141e-03
7.518999999999996797e-01
0.000000000000000000e+00
5.745000000000000052e-06
9.951999999999997515e-01
0.000000000000000000e+00
9.346000000000000141e-03
8.638861458689485184e-01
0.000000000000000000e+00
6.782237611662333394e-06
9.025736397858215021e-01
0.000000000000000000e+00
1.869200000000000028e-02
1.012744221050075666e+00
0.000000000000000000e+00
9.010667661729217736e-06
7.974799345273867468e-01
0.000000000000000000e+00
1.869200000000000028e-02
1.117999999999999661e+00
0.000000000000000000e+00
1.148999999999999672e-05
7.350000000000000977e-01
0.000000000000000000e+00
9.346000000000000141e-03
1.231919785980082560e+00
0.000000000000000000e+00
1.628540509611288136e-05
6.794152148111152201e-01
0.000000000000000000e+00
2.803800000000000042e-02
1.322999999999999288e+00
0.000000000000000000e+00
2.173999999999999514e-05
6.399999999999999023e-01
0.000000000000000000e+00
9.346000000000000141e-03
1.355000000000000204e+00
0.000000000000000000e+00
2.486000000000002626e-05
6.271000000000002128e-01
0.000000000000000000e+00
9.346000000000000141e-03
1.382999999999999785e+00
0.000000000000000000e+00
2.887000000000000311e-05
6.162999999999999590e-01
0.000000000000000000e+00
9.346000000000000141e-03
1.414456372139316409e+00
0.000000000000000000e+00
3.526809216037822125e-05
6.049164246063749584e-01
0.000000000000000000e+00
1.869200000000000028e-02
1.443984460610564291e+00
0.000000000000000000e+00
4.606210081036998740e-05
5.942054387863023868e-01
0.000000000000000000e+00
1.869200000000000028e-02
1.463494331806983739e+00
0.000000000000000000e+00
5.985875689026293038e-05
5.876520243546491384e-01
0.000000000000000000e+00
1.869200000000000028e-02
1.474999413580111218e+00
0.000000000000000000e+00
7.745854567867585896e-05
5.837502199074582343e-01
0.000000000000000000e+00
1.869200000000000028e-02
1.483000140834378255e+00
0.000000000000000000e+00
1.068374879352255427e-04
5.809665943066523175e-01
0.000000000000000000e+00
2.803800000000000042e-02
1.487000000000000988e+00
0.000000000000000000e+00
1.367999999999999913e-04
5.795999999999996710e-01
0.000000000000000000e+00
9.346000000000000141e-03
1.488500761307172571e+00
0.000000000000000000e+00
1.656158351891814917e-04
5.790497716078483181e-01
0.000000000000000000e+00
1.869200000000000028e-02
1.490000000000000213e+00
0.000000000000000000e+00
1.995000000000000787e-04
5.786000000000002252e-01
0.000000000000000000e+00
9.346000000000000141e-03
1.491334588055785781e+00
0.000000000000000000e+00
2.577810688379495591e-04
5.781663997486765627e-01
0.000000000000000000e+00
2.803800000000000042e-02
1.491999999999999993e+00
0.000000000000000000e+00
3.514107110198082143e-04
5.778498617061054166e-01
0.000000000000000000e+00
1.869200000000000028e-02
1.492000000000001325e+00
0.000000000000000000e+00
4.230000000000001988e-04
5.776000000000003354e-01
0.000000000000000000e+00
9.346000000000000141e-03
1.492999999999999883e+00
0.000000000000000000e+00
4.793999999999997807e-04
5.774999999999997913e-01
0.000000000000000000e+00
9.346000000000000141e-03
1.492999999999999883e+00
0.000000000000000000e+00
5.432999999999999245e-04
5.774000000000000243e-01
0.000000000000000000e+00
9.346000000000000141e-03
1.493501482287295845e+00
0.000000000000000000e+00
6.567713993295508758e-04
5.771997035425405764e-01
0.000000000000000000e+00
1.869200000000000028e-02
1.494000000000000217e+00
0.000000000000000000e+00
7.906000000000000267e-04
5.767000000000001014e-01
0.000000000000000000e+00
9.346000000000000141e-03
1.494999999999999440e+00
0.000000000000000000e+00
8.959999999999996613e-04
5.763999999999999124e-01
0.000000000000000000e+00
9.346000000000000141e-03
1.495999999999999774e+00
0.000000000000000000e+00
1.015000000000000277e-03
5.762000000000002675e-01
0.000000000000000000e+00
9.346000000000000141e-03
1.495999999999999774e+00
0.000000000000000000e+00
1.149999999999999981e-03
5.758999999999999675e-01
0.000000000000000000e+00
9.346000000000000141e-03
1.496999999999999442e+00
0.000000000000000000e+00
1.390582936181727859e-03
5.754999041200210552e-01
0.000000000000000000e+00
1.869200000000000028e-02
1.498000000000000442e+00
0.000000000000000000e+00
1.673999999999998623e-03
5.749999999999997335e-01
0.000000000000000000e+00
9.346000000000000141e-03
1.497000000000000552e+00
0.000000000000000000e+00
1.897000000000000899e-03
5.741000000000001657e-01
0.000000000000000000e+00
9.346000000000000141e-03
1.509999999999999787e+00
0.000000000000000000e+00
2.149999999999999568e-03
5.732000000000000428e-01
0.000000000000000000e+00
9.346000000000000141e-03
1.522999999999999687e+00
0.000000000000000000e+00
2.435999999999999364e-03
5.724000000000001309e-01
0.000000000000000000e+00
9.346000000000000141e-03
1.538017424430370816e+00
0.000000000000000000e+00
2.760374625252967791e-03
5.714484753623427782e-01
0.000000000000000000e+00
1.869200000000000028e-02
1.550999999999999934e+00
0.000000000000000000e+00
3.028999999999999141e-03
5.702000000000001512e-01
0.000000000000000000e+00
9.346000000000000141e-03
1.560999999999999943e+00
0.000000000000000000e+00
3.224999999999998701e-03
5.694000000000000172e-01
0.000000000000000000e+00
9.346000000000000141e-03
1.578042844524604638e+00
0.000000000000000000e+00
3.543289053328138160e-03
5.682971436983598190e-01
0.000000000000000000e+00
1.869200000000000028e-02
1.597000000000000419e+00
0.000000000000000000e+00
3.888999999999999662e-03
5.667000000000000925e-01
0.000000000000000000e+00
9.346000000000000141e-03
1.610000000000000098e+00
0.000000000000000000e+00
4.140999999999998848e-03
5.654999999999998916e-01
0.000000000000000000e+00
9.346000000000000141e-03
1.628999999999999115e+00
0.000000000000000000e+00
4.406999999999999459e-03
5.641999999999999238e-01
0.000000000000000000e+00
9.346000000000000141e-03
1.653999999999999027e+00
0.000000000000000000e+00
4.692999999999998388e-03
5.627999999999997449e-01
0.000000000000000000e+00
9.346000000000000141e-03
1.687999999999999945e+00
0.000000000000000000e+00
4.992999999999999175e-03
5.611999999999996991e-01
0.000000000000000000e+00
9.346000000000000141e-03
1.733000000000001428e+00
0.000000000000000000e+00
5.313999999999998412e-03
5.594000000000002304e-01
0.000000000000000000e+00
9.346000000000000141e-03
1.768999999999999684e+00
0.000000000000000000e+00
5.567000000000001635e-03
5.580000000000000515e-01
0.000000000000000000e+00
9.346000000000000141e-03
1.804816224547464376e+00
0.000000000000000000e+00
5.840890657578826084e-03
5.563360861199118101e-01
0.000000000000000000e+00
1.869200000000000028e-02
1.870210043659863208e+00
0.000000000000000000e+00
6.368580767948705916e-03
5.529157277763052658e-01
0.000000000000000000e+00
2.803800000000000042e-02
1.922999999999999821e+00
0.000000000000000000e+00
6.829999999999998399e-03
5.497999999999997334e-01
0.000000000000000000e+00
9.346000000000000141e-03
1.950999999999999401e+00
0.000000000000000000e+00
7.099000000000002010e-03
5.478999999999999426e-01
0.000000000000000000e+00
9.346000000000000141e-03
1.980000000000000204e+00
0.000000000000000000e+00
7.388999999999999735e-03
5.459000000000001629e-01
0.000000000000000000e+00
9.346000000000000141e-03
2.034432450888542743e+00
0.000000000000000000e+00
7.900603978186803225e-03
5.420140396997511489e-01
0.000000000000000000e+00
1.869200000000000028e-02
2.125519392543348207e+00
0.000000000000000000e+00
8.662377737151073440e-03
5.360793062164685985e-01
0.000000000000000000e+00
1.869200000000000028e-02
2.201000000000000512e+00
0.000000000000000000e+00
9.288999999999998647e-03
5.310000000000001386e-01
0.000000000000000000e+00
9.346000000000000141e-03
2.261000000000000121e+00
0.000000000000000000e+00
9.792999999999997887e-03
5.266999999999996129e-01
0.000000000000000000e+00
9.346000000000000141e-03
2.327000000000000846e+00
0.000000000000000000e+00
1.034999999999999809e-02
5.216999999999999416e-01
0.000000000000000000e+00
9.346000000000000141e-03
2.399000000000001354e+00
0.000000000000000000e+00
1.098000000000000365e-02
5.159999999999997922e-01
0.000000000000000000e+00
9.346000000000000141e-03
2.479999999999999982e+00
0.000000000000000000e+00
1.169000000000000074e-02
5.092999999999999750e-01
0.000000000000000000e+00
9.346000000000000141e-03
2.703776875519143363e+00
0.000000000000000000e+00
1.358847402229528337e-02
4.907205014407369226e-01
0.000000000000000000e+00
2.803800000000000042e-02
2.985000000000001208e+00
0.000000000000000000e+00
1.578000000000000236e-02
4.685000000000001386e-01
0.000000000000000000e+00
9.346000000000000141e-03
3.182999999999999829e+00
0.000000000000000000e+00
1.728999999999999981e-02
4.530999999999999472e-01
0.000000000000000000e+00
9.346000000000000141e-03
3.413999999999999257e+00
0.000000000000000000e+00
1.910999999999999505e-02
4.345999999999999308e-01
0.000000000000000000e+00
9.346000000000000141e-03
3.673999999999999488e+00
0.000000000000000000e+00
2.136000000000001092e-02
4.125000000000002554e-01
0.000000000000000000e+00
9.346000000000000141e-03
3.964999999999998082e+00
0.000000000000000000e+00
2.419999999999998888e-02
3.868000000000000882e-01
0.000000000000000000e+00
9.346000000000000141e-03
4.284000000000000696e+00
0.000000000000000000e+00
2.788000000000000200e-02
3.559999999999998166e-01
0.000000000000000000e+00
9.346000000000000141e-03
4.642000000000001236e+00
0.000000000000000000e+00
3.291000000000000869e-02
3.191999999999999837e-01
0.000000000000000000e+00
9.346000000000000141e-03
5.064000000000002721e+00
0.000000000000000000e+00
4.012999999999999901e-02
2.763999999999998680e-01
0.000000000000000000e+00
9.346000000000000141e-03
5.642000000000001236e+00
0.000000000000000000e+00
5.132000000000001838e-02
2.273000000000000853e-01
0.000000000000000000e+00
9.346000000000000141e-03
7.226519061050566961e+00
0.000000000000000000e+00
8.053414243892230429e-02
1.604355820213133055e-01
0.000000000000000000e+00
2.803800000000000042e-02
