1.756621297964076900e-01
1.546903192865713150e-02
6.839495150019557664e-03
3.678291991458228161e+00
8.344747478967536221e-04
1.361739999999999895e-01
2.157999999999999363e-01
1.231000000000000150e-02
4.541000000000002500e-03
2.686999999999998945e+00
0.000000000000000000e+00
9.854000000000000259e-02
2.865484138591355978e-01
5.290883009008807286e-03
2.741499965000678430e-03
2.127211856662376110e+00
0.000000000000000000e+00
6.434099999999999264e-01
5.186915942343458541e-01
9.545905923744571649e-04
1.325585269683818247e-03
1.005679119652820308e+00
0.000000000000000000e+00
6.146999999999999686e-02
4.997666392157214532e-01
1.025040604589598069e-03
1.472190397759203786e-03
1.095611754794182602e+00
0.000000000000000000e+00
3.116999999999999979e-02
5.601999999999999202e-01
1.090000000000000257e-03
1.645999999999999894e-03
1.014000000000000234e+00
0.000000000000000000e+00
8.987000000000000197e-03
6.135236934818202315e-01
1.160761749641507894e-03
1.905951685893678138e-03
9.559715690747109251e-01
0.000000000000000000e+00
1.057299999999999907e-02
6.734999999999999876e-01
1.227999999999999925e-03
2.323999999999999677e-03
8.860000000000001208e-01
0.000000000000000000e+00
3.004999999999999859e-03
7.661348215041197118e-01
1.473725571972797849e-03
3.702449056352382847e-03
7.989302342477243579e-01
0.000000000000000000e+00
5.638099999999999189e-03
8.616999999999995774e-01
1.815999999999999906e-03
5.007000000000001033e-03
7.035999999999996701e-01
0.000000000000000000e+00
3.210999999999999987e-04
8.543339717966202951e-01
2.076262193516481645e-03
5.849997117147275397e-03
7.330528217812686265e-01
0.000000000000000000e+00
3.723999999999999988e-04
9.009817862265827593e-01
3.391428687605794936e-03
8.681168678424219104e-03
6.910210837619015223e-01
0.000000000000000000e+00
3.104099999999999503e-04
9.143624163030862340e-01
1.111588473469966691e-02
2.176463023509454461e-02
5.102298027758130905e-01
0.000000000000000000e+00
2.396110000000000001e-05
9.493000000000000327e-01
1.674999999999999406e-02
4.315999999999999698e-02
2.776000000000001244e-01
0.000000000000000000e+00
8.432000000000000330e-08
9.394850617721294261e-01
3.348377720368900246e-02
4.285842366542819137e-02
5.481162321215072852e-01
0.000000000000000000e+00
1.439400000000000303e-07
9.327623044163227961e-01
2.982530720062360682e-02
6.019582867571064699e-02
6.038403498256498247e-01
0.000000000000000000e+00
2.787400000000000197e-08
9.179457619921972400e-01
2.687283909647693661e-02
3.757553424056109953e-02
6.249033152254411805e-01
0.000000000000000000e+00
1.324099999999999594e-08
9.736000000000002430e-01
5.266000000000000542e-02
3.342999999999999444e-02
5.512000000000001343e-01
0.000000000000000000e+00
3.075999999999999899e-11
9.955000000000000515e-01
6.105000000000000010e-02
3.803999999999999049e-02
5.316999999999997284e-01
0.000000000000000000e+00
2.549000000000000064e-11
1.023000000000000353e+00
7.305000000000001770e-02
4.458999999999999075e-02
5.099000000000002419e-01
0.000000000000000000e+00
2.114000000000000080e-11
1.057264269031294113e+00
9.055783558976479575e-02
5.422485972227091694e-02
4.862723524845195544e-01
0.000000000000000000e+00
1.754100000000000048e-11
1.120948188648157595e+00
1.254275367647595951e-01
7.448751820233802390e-02
4.469602655676725989e-01
0.000000000000000000e+00
2.883699999999999759e-11
1.186345007035022103e+00
1.302771041183404255e-01
7.962603357417183392e-02
4.097591715404795276e-01
0.000000000000000000e+00
2.142300000000000192e-11
1.561182014690545516e+00
1.993373647711880747e-01
1.187788853146810042e-01
2.933069598674800105e-01
0.000000000000000000e+00
3.312790000000000872e-11
2.679435480667515357e+00
4.143457697042248200e-01
2.465870306014509017e-01
1.422999563119650146e-01
0.000000000000000000e+00
8.224000000000000096e-13
3.580529484474623825e+00
5.555165139912396910e-01
3.383938537725084683e-01
1.026025353262797479e-01
0.000000000000000000e+00
4.675400000000000455e-13
6.660831301018884432e+00
8.520996712130703976e-01
5.579692561439987264e-01
5.374162855290157831e-02
0.000000000000000000e+00
3.162860000000000596e-14
1.571275705169050130e-01
0.000000000000000000e+00
2.048662910577374926e-03
5.027539529977176791e+00
0.000000000000000000e+00
3.738400000000000056e-02
2.187999999999999112e-01
0.000000000000000000e+00
2.977000000000000127e-05
3.258000000000000007e+00
0.000000000000000000e+00
9.346000000000000141e-03
3.374244599844656856e-01
0.000000000000000000e+00
6.000012811933869214e-06
2.429349195851432608e+00
0.000000000000000000e+00
6.542200000000000792e-02
6.798424373400664411e-01
0.000000000000000000e+00
1.097229481025656584e-05
9.816321253629224364e-01
0.000000000000000000e+00
1.869200000000000028e-02
7.156241403346413898e-01
0.000000000000000000e+00
5.631339180550711192e-06
1.023243417135153210e+00
0.000000000000000000e+00
1.869200000000000028e-02
8.261000000000000565e-01
0.000000000000000000e+00
6.327000000000000579e-06
9.321000000000001506e-01
0.000000000000000000e+00
9.346000000000000141e-03
9.404476246786651616e-01
0.000000000000000000e+00
7.784927962627456803e-06
8.459361209112656876e-01
0.000000000000000000e+00
1.869200000000000028e-02
1.050000000000000266e+00
0.000000000000000000e+00
9.748000000000002214e-06
7.733000000000005425e-01
0.000000000000000000e+00
9.346000000000000141e-03
1.223825200544975011e+00
0.000000000000000000e+00
1.624478682150603637e-05
6.842954633184471502e-01
0.000000000000000000e+00
4.673000000000000070e-02
1.355000000000000204e+00
0.000000000000000000e+00
2.486000000000002626e-05
6.271000000000002128e-01
0.000000000000000000e+00
9.346000000000000141e-03
1.394424792716446371e+00
0.000000000000000000e+00
3.090162618305511611e-05
6.122268130315275947e-01
0.000000000000000000e+00
1.869200000000000028e-02
1.455304181790709750e+00
0.000000000000000000e+00
5.767925103222840540e-05
5.904571166052503539e-01
0.000000000000000000e+00
6.542200000000000792e-02
1.488425286101944467e+00
0.000000000000000000e+00
2.055513361733355315e-04
5.791137354171252971e-01
0.000000000000000000e+00
1.121519999999999739e-01
1.492000000000001325e+00
0.000000000000000000e+00
4.230000000000001988e-04
5.776000000000003354e-01
0.000000000000000000e+00
9.346000000000000141e-03
1.493250498745228194e+00
0.000000000000000000e+00
5.839821076050616139e-04
5.773249857455330369e-01
0.000000000000000000e+00
3.738400000000000056e-02
1.495002433217687887e+00
0.000000000000000000e+00
9.008010760580696837e-04
5.764326863208241170e-01
0.000000000000000000e+00
2.803800000000000042e-02
1.533429555403099442e+00
0.000000000000000000e+00
2.467855273066344845e-03
5.719179587811386023e-01
0.000000000000000000e+00
1.495359999999999467e-01
1.653999999999999027e+00
0.000000000000000000e+00
4.692999999999998388e-03
5.627999999999997449e-01
0.000000000000000000e+00
9.346000000000000141e-03
1.687999999999999945e+00
0.000000000000000000e+00
4.992999999999999175e-03
5.611999999999996991e-01
0.000000000000000000e+00
9.346000000000000141e-03
1.733000000000001428e+00
0.000000000000000000e+00
5.313999999999998412e-03
5.594000000000002304e-01
0.000000000000000000e+00
9.346000000000000141e-03
1.780760873145186496e+00
0.000000000000000000e+00
5.657507588986870548e-03
5.574375234582735761e-01
0.000000000000000000e+00
1.869200000000000028e-02
1.858282514007874697e+00
0.000000000000000000e+00
6.270941259160571837e-03
5.535622644093601830e-01
0.000000000000000000e+00
3.738400000000000056e-02
1.973920490510176373e+00
0.000000000000000000e+00
7.331906567719716737e-03
5.462246396823162709e-01
0.000000000000000000e+00
3.738400000000000056e-02
2.909412736013390788e+00
0.000000000000000000e+00
1.514515225513489612e-02
4.745095857689430874e-01
0.000000000000000000e+00
1.401899999999999535e-01
4.106130424397811396e+00
0.000000000000000000e+00
2.582808765449513128e-02
3.731736141960732001e-01
0.000000000000000000e+00
1.869200000000000028e-02
4.946878960178310969e+00
0.000000000000000000e+00
3.834642290554562266e-02
2.898905859605780400e-01
0.000000000000000000e+00
2.803800000000000042e-02
7.226519061050566961e+00
0.000000000000000000e+00
8.053414243892230429e-02
1.604355820213133055e-01
0.000000000000000000e+00
2.803800000000000042e-02
