9.043628393193972603e-02
2.270935737058329268e-02
4.305746423163848979e-02
6.144523696668205588e-03
3.477277747658751288e-03
1.065953886648438823e-03
1.321510303606860054e-03
3.880375804822641292e-04
8.019636939359344775e-04
5.710498956499134477e-05
7.453849062647412344e-05
8.695145161065364649e-05
1.625703829327252803e-05
1.861206882653366534e-07
4.160323841002765440e-07
2.019761809098417896e-07
2.792137043743363970e-08
0.000000000000000000e+00
0.000000000000000000e+00
0.000000000000000000e+00
0.000000000000000000e+00
0.000000000000000000e+00
0.000000000000000000e+00
0.000000000000000000e+00
0.000000000000000000e+00
0.000000000000000000e+00
0.000000000000000000e+00
0.000000000000000000e+00
9.832660000000001399e-02
9.418776999999993460e-02
8.123479999999997161e-03
4.806159999999998558e-03
1.524749999999999413e-03
1.945007999999998505e-03
5.959269999999997850e-04
1.305858999999998191e-03
1.012489999999999788e-04
1.353201000000000599e-04
1.635528299999999856e-04
3.131681900000005087e-05
3.599419999999999815e-07
8.008779999999999535e-07
2.456795999999997801e-07
2.085620569359899915e-07
0.000000000000000000e+00
0.000000000000000000e+00
0.000000000000000000e+00
0.000000000000000000e+00
0.000000000000000000e+00
0.000000000000000000e+00
0.000000000000000000e+00
0.000000000000000000e+00
0.000000000000000000e+00
0.000000000000000000e+00
0.000000000000000000e+00
0.000000000000000000e+00
2.078585498278354704e-01
3.396346208372134912e-02
1.695761540735505127e-02
5.715928141768957145e-03
7.815555994029872375e-03
2.617237812388398428e-03
6.413969633706953499e-03
5.564438460397522516e-04
7.659362336316627830e-04
9.665963019468452530e-04
1.918898310818756465e-04
2.220963180949010471e-06
4.942532886676952729e-06
1.517576299944040225e-06
1.337991727863475653e-06
2.340088866858166926e-15
1.931366844616063213e-15
1.703479470892551070e-15
1.606977903156262771e-15
2.010149877877494553e-15
0.000000000000000000e+00
0.000000000000000000e+00
0.000000000000000000e+00
0.000000000000000000e+00
0.000000000000000000e+00
0.000000000000000000e+00
0.000000000000000000e+00
0.000000000000000000e+00
3.010033520613760172e-01
1.117390840796651796e-01
2.321236424953503422e-02
3.204392058183509751e-02
1.092584553558586212e-02
2.744456024073154213e-02
2.437588088654681334e-03
3.376842865468069731e-03
4.300526846140732828e-03
8.594183760309970612e-04
9.960472264445133542e-06
2.216766320508368495e-05
6.807059432579041701e-06
6.059283103222564642e-06
0.000000000000000000e+00
0.000000000000000000e+00
0.000000000000000000e+00
0.000000000000000000e+00
0.000000000000000000e+00
0.000000000000000000e+00
0.000000000000000000e+00
0.000000000000000000e+00
0.000000000000000000e+00
0.000000000000000000e+00
0.000000000000000000e+00
0.000000000000000000e+00
0.000000000000000000e+00
0.000000000000000000e+00
2.515159136770090953e-01
7.898684151865612013e-02
6.629130282954362463e-02
2.246075986285007292e-02
5.640146728576782287e-02
5.007899340852899409e-03
6.937386075844959900e-03
8.835170396264623374e-03
1.765690883824729863e-03
2.046491354367245780e-05
4.554297739824182830e-05
1.398527398959558798e-05
1.215975878175526911e-05
1.966353576259224458e-07
1.198671272570915011e-07
0.000000000000000000e+00
0.000000000000000000e+00
0.000000000000000000e+00
0.000000000000000000e+00
0.000000000000000000e+00
0.000000000000000000e+00
0.000000000000000000e+00
0.000000000000000000e+00
0.000000000000000000e+00
0.000000000000000000e+00
0.000000000000000000e+00
0.000000000000000000e+00
0.000000000000000000e+00
2.034689999999999832e-01
1.805877000000000454e-01
3.860350000000000587e-02
9.697290000000002852e-02
8.614820000000003933e-03
1.193332999999999720e-02
1.519727699999999342e-02
3.036971500000002627e-03
3.519889999999999938e-05
7.833520000000001530e-05
2.405521000000001731e-05
2.031924700000003263e-05
1.427750000000000063e-07
2.548890000000000002e-07
4.767169999999999667e-07
2.879003000000000597e-07
0.000000000000000000e+00
0.000000000000000000e+00
0.000000000000000000e+00
0.000000000000000000e+00
0.000000000000000000e+00
0.000000000000000000e+00
0.000000000000000000e+00
0.000000000000000000e+00
0.000000000000000000e+00
0.000000000000000000e+00
0.000000000000000000e+00
0.000000000000000000e+00
2.817975124792184149e-01
9.663341448921312915e-02
1.668753341760108311e-01
1.467122806581636942e-02
2.032525951390541999e-02
2.588628486596274147e-02
5.173293753721329089e-03
5.995917291662342954e-05
1.334414131642671611e-04
4.097627965706405556e-05
3.461520892719737401e-05
2.428080319760959855e-07
2.152800186177746311e-07
1.885862912601150455e-07
2.443933221594789532e-07
7.260364328987973897e-07
3.746243198263133029e-07
0.000000000000000000e+00
0.000000000000000000e+00
0.000000000000000000e+00
0.000000000000000000e+00
0.000000000000000000e+00
0.000000000000000000e+00
0.000000000000000000e+00
0.000000000000000000e+00
0.000000000000000000e+00
0.000000000000000000e+00
0.000000000000000000e+00
2.280129999999999935e-01
3.344688000000001771e-01
2.404539999999999803e-02
3.330730000000000496e-02
4.242376000000001174e-02
8.478705000000001310e-03
9.826840000000001615e-05
2.187000000000000847e-04
6.715629999999998584e-05
5.673176799999997660e-05
3.967870000000000179e-07
3.514330000000001532e-07
3.116670000000000604e-07
2.682300000000001195e-07
5.083159999999996662e-07
9.844470000000000801e-07
5.057539999999999904e-07
0.000000000000000000e+00
0.000000000000000000e+00
0.000000000000000000e+00
0.000000000000000000e+00
0.000000000000000000e+00
0.000000000000000000e+00
0.000000000000000000e+00
0.000000000000000000e+00
0.000000000000000000e+00
0.000000000000000000e+00
0.000000000000000000e+00
4.602855884408428855e-01
7.612223741818915923e-02
8.896052910172137784e-02
1.132504758334635375e-01
2.262477985656578469e-02
2.622013086286226506e-04
5.835456295734670193e-04
1.791902213409574411e-04
1.513695715191486777e-04
1.063671793033368162e-06
9.385462762740094815e-07
8.280355645216530729e-07
7.325192853913712006e-07
1.326995160321907225e-06
1.142279668241211050e-06
2.930916498402418251e-06
0.000000000000000000e+00
0.000000000000000000e+00
0.000000000000000000e+00
0.000000000000000000e+00
0.000000000000000000e+00
0.000000000000000000e+00
0.000000000000000000e+00
0.000000000000000000e+00
0.000000000000000000e+00
0.000000000000000000e+00
0.000000000000000000e+00
0.000000000000000000e+00
2.858439999999999315e-01
2.647846999999999285e-01
2.528883000000001213e-01
5.054158799999997065e-02
5.857800000000000463e-04
1.303692999999999432e-03
4.003259999999999479e-04
3.381781799999999992e-04
2.376409999999999241e-06
2.096569999999999986e-06
1.850829999999999481e-06
1.635139000000000465e-06
2.961776999999997630e-06
2.554691999999999646e-06
6.642362999999997207e-06
0.000000000000000000e+00
0.000000000000000000e+00
0.000000000000000000e+00
0.000000000000000000e+00
0.000000000000000000e+00
0.000000000000000000e+00
0.000000000000000000e+00
0.000000000000000000e+00
0.000000000000000000e+00
0.000000000000000000e+00
0.000000000000000000e+00
0.000000000000000000e+00
0.000000000000000000e+00
3.537278524919458267e-01
4.142059409814409232e-01
7.651063332847692078e-02
8.867635117260401706e-04
1.973545635811170366e-03
6.060180800778170417e-04
5.119337448731939473e-04
3.596485188965793161e-06
3.173774494634777946e-06
2.801516718440607972e-06
2.475216625992212374e-06
4.486647885399971832e-06
3.866471130860287579e-06
1.010645393348677311e-05
0.000000000000000000e+00
0.000000000000000000e+00
0.000000000000000000e+00
0.000000000000000000e+00
0.000000000000000000e+00
0.000000000000000000e+00
0.000000000000000000e+00
0.000000000000000000e+00
0.000000000000000000e+00
0.000000000000000000e+00
0.000000000000000000e+00
0.000000000000000000e+00
0.000000000000000000e+00
0.000000000000000000e+00
5.929080569980917925e-01
2.849261685649204234e-01
3.199859387424314628e-03
7.121492614931861607e-03
2.186809816119603383e-03
1.847290391548370462e-03
1.297863146046831934e-05
1.145252969004542125e-05
1.010861127809421856e-05
8.931524989456011060e-06
1.618895658373998246e-05
1.395207631054295028e-05
3.241604940950478349e-05
2.324939966391541716e-06
1.988156152706377675e-06
0.000000000000000000e+00
0.000000000000000000e+00
0.000000000000000000e+00
0.000000000000000000e+00
0.000000000000000000e+00
0.000000000000000000e+00
0.000000000000000000e+00
0.000000000000000000e+00
0.000000000000000000e+00
0.000000000000000000e+00
0.000000000000000000e+00
0.000000000000000000e+00
0.000000000000000000e+00
6.920025088994334883e-01
4.815627813241198096e-02
9.634789857871928209e-02
2.958559393464253034e-02
2.499216972790530705e-02
1.755842504628816678e-04
1.549450968373041002e-04
1.367609261551582195e-04
1.208344372365370312e-04
2.190214577216142620e-04
1.887565063965615584e-04
4.384538349922063980e-04
2.632310075423284639e-05
2.542296795771171357e-05
8.063279799681132693e-06
0.000000000000000000e+00
0.000000000000000000e+00
0.000000000000000000e+00
0.000000000000000000e+00
0.000000000000000000e+00
0.000000000000000000e+00
0.000000000000000000e+00
0.000000000000000000e+00
0.000000000000000000e+00
0.000000000000000000e+00
0.000000000000000000e+00
0.000000000000000000e+00
0.000000000000000000e+00
2.735690000000000621e-01
4.224784999999996460e-01
1.108692999999999762e-01
9.365581200000006046e-02
6.579859999999998358e-04
5.806400000000001057e-04
5.124990000000001359e-04
4.528160000000000366e-04
8.207590000000003320e-04
7.073450000000003910e-04
1.643070400000001168e-03
9.864090000000005367e-05
9.482859999999998177e-05
3.095834000000000080e-05
0.000000000000000000e+00
0.000000000000000000e+00
0.000000000000000000e+00
0.000000000000000000e+00
0.000000000000000000e+00
0.000000000000000000e+00
0.000000000000000000e+00
0.000000000000000000e+00
0.000000000000000000e+00
0.000000000000000000e+00
0.000000000000000000e+00
0.000000000000000000e+00
0.000000000000000000e+00
0.000000000000000000e+00
4.751339840187714936e-01
2.297621384215598472e-01
1.808395946870088866e-01
1.270502230569052525e-03
1.121154658027357287e-03
9.895820590059695165e-04
8.743443591975868113e-04
1.584803843168631999e-03
1.365812012276735720e-03
3.172588353974032434e-03
1.904677590743440621e-04
1.831001570005394191e-04
5.988139984137912049e-05
0.000000000000000000e+00
0.000000000000000000e+00
0.000000000000000000e+00
0.000000000000000000e+00
0.000000000000000000e+00
0.000000000000000000e+00
0.000000000000000000e+00
0.000000000000000000e+00
0.000000000000000000e+00
0.000000000000000000e+00
0.000000000000000000e+00
0.000000000000000000e+00
0.000000000000000000e+00
0.000000000000000000e+00
0.000000000000000000e+00
3.892613425068475186e-01
4.571482357908559502e-01
3.062163174007947932e-03
2.702217689878703456e-03
2.385092144483521182e-03
2.107349816907565145e-03
3.819696375280670717e-03
3.291883922072916940e-03
7.646581540084726458e-03
4.590633328718144823e-04
4.413144727901641118e-04
1.444856936434206929e-04
0.000000000000000000e+00
0.000000000000000000e+00
0.000000000000000000e+00
0.000000000000000000e+00
0.000000000000000000e+00
0.000000000000000000e+00
0.000000000000000000e+00
0.000000000000000000e+00
0.000000000000000000e+00
0.000000000000000000e+00
0.000000000000000000e+00
0.000000000000000000e+00
0.000000000000000000e+00
0.000000000000000000e+00
0.000000000000000000e+00
0.000000000000000000e+00
6.789646616424999115e-01
3.004475630317976834e-02
2.427416573706631456e-02
2.048576702373815922e-02
1.757190476522551420e-02
3.096513908954041591e-02
2.584097841259407405e-02
4.943925961097812155e-02
1.561706568977864768e-03
1.031821434028818785e-03
1.575918057274657881e-04
0.000000000000000000e+00
0.000000000000000000e+00
0.000000000000000000e+00
0.000000000000000000e+00
0.000000000000000000e+00
0.000000000000000000e+00
0.000000000000000000e+00
0.000000000000000000e+00
0.000000000000000000e+00
0.000000000000000000e+00
0.000000000000000000e+00
0.000000000000000000e+00
0.000000000000000000e+00
0.000000000000000000e+00
0.000000000000000000e+00
0.000000000000000000e+00
5.491610312684006706e-02
2.475459999999999605e-01
1.308530000000000248e-01
8.822150000000000825e-02
6.862370000000000969e-02
1.091087000000000584e-01
8.213949999999996254e-02
1.508145099999997352e-01
4.563880000000001928e-03
2.932856999999999652e-03
4.127934000000000312e-04
0.000000000000000000e+00
0.000000000000000000e+00
0.000000000000000000e+00
0.000000000000000000e+00
0.000000000000000000e+00
0.000000000000000000e+00
0.000000000000000000e+00
0.000000000000000000e+00
0.000000000000000000e+00
0.000000000000000000e+00
0.000000000000000000e+00
0.000000000000000000e+00
0.000000000000000000e+00
0.000000000000000000e+00
0.000000000000000000e+00
0.000000000000000000e+00
1.422980141035499850e-02
5.090410000000000074e-02
2.527589999999999559e-01
1.314480000000000925e-01
8.928389999999998550e-02
1.362256999999999219e-01
1.003739000000000159e-01
1.733767099999998784e-01
5.097169999999999826e-03
3.269874000000000305e-03
4.594228000000001306e-04
0.000000000000000000e+00
0.000000000000000000e+00
0.000000000000000000e+00
0.000000000000000000e+00
0.000000000000000000e+00
0.000000000000000000e+00
0.000000000000000000e+00
0.000000000000000000e+00
0.000000000000000000e+00
0.000000000000000000e+00
0.000000000000000000e+00
0.000000000000000000e+00
0.000000000000000000e+00
0.000000000000000000e+00
0.000000000000000000e+00
0.000000000000000000e+00
4.429409645914296478e-03
1.520309999999999544e-02
5.726889999999997677e-02
2.580939999999998791e-01
1.322451000000000321e-01
1.731787000000000187e-01
1.229260999999999271e-01
2.055056299999995784e-01
5.781499999999998446e-03
3.695900999999996231e-03
5.179714999999998366e-04
0.000000000000000000e+00
0.000000000000000000e+00
0.000000000000000000e+00
0.000000000000000000e+00
0.000000000000000000e+00
0.000000000000000000e+00
0.000000000000000000e+00
0.000000000000000000e+00
0.000000000000000000e+00
0.000000000000000000e+00
0.000000000000000000e+00
0.000000000000000000e+00
0.000000000000000000e+00
0.000000000000000000e+00
0.000000000000000000e+00
0.000000000000000000e+00
1.557768710407651282e-03
5.429598798955016618e-03
1.949248455646286279e-02
6.371230350676206078e-02
2.635173824640303364e-01
2.411569799935990299e-01
1.501543744930965985e-01
2.465136193429157685e-01
6.669080935338984190e-03
4.238833965966985230e-03
5.918721382895261122e-04
0.000000000000000000e+00
0.000000000000000000e+00
0.000000000000000000e+00
0.000000000000000000e+00
0.000000000000000000e+00
0.000000000000000000e+00
0.000000000000000000e+00
0.000000000000000000e+00
0.000000000000000000e+00
0.000000000000000000e+00
0.000000000000000000e+00
0.000000000000000000e+00
0.000000000000000000e+00
0.000000000000000000e+00
0.000000000000000000e+00
0.000000000000000000e+00
4.047820043206023762e-04
1.483791617126514533e-03
5.302022697750419060e-03
1.637758495969192721e-02
4.635770975599424332e-02
3.964345226678675504e-01
2.324854015253329520e-01
3.325927820555636960e-01
8.782178447857516557e-03
5.540937271763903167e-03
7.690100881157991468e-04
0.000000000000000000e+00
0.000000000000000000e+00
0.000000000000000000e+00
0.000000000000000000e+00
0.000000000000000000e+00
0.000000000000000000e+00
0.000000000000000000e+00
0.000000000000000000e+00
0.000000000000000000e+00
0.000000000000000000e+00
0.000000000000000000e+00
0.000000000000000000e+00
0.000000000000000000e+00
0.000000000000000000e+00
0.000000000000000000e+00
0.000000000000000000e+00
7.786177990502321793e-05
2.873342691858383710e-04
1.063801196620905607e-03
3.283208886363461060e-03
8.739947341864085298e-03
8.312243714857960042e-02
4.538453627919147859e-01
5.341960444679779707e-01
1.286325233317488388e-02
8.097193695216178821e-03
1.119805314214471909e-03
0.000000000000000000e+00
0.000000000000000000e+00
0.000000000000000000e+00
0.000000000000000000e+00
0.000000000000000000e+00
0.000000000000000000e+00
0.000000000000000000e+00
0.000000000000000000e+00
0.000000000000000000e+00
0.000000000000000000e+00
0.000000000000000000e+00
0.000000000000000000e+00
0.000000000000000000e+00
0.000000000000000000e+00
0.000000000000000000e+00
0.000000000000000000e+00
9.053854356538717889e-06
3.642831371857579336e-05
1.333802225642594216e-04
4.131254201092079189e-04
1.108953157152317830e-03
9.717198595556206589e-03
5.031703590135004622e-02
1.276807795587910466e+00
6.767820126446175144e-02
3.232609046550431048e-02
3.731136213741867869e-03
0.000000000000000000e+00
0.000000000000000000e+00
0.000000000000000000e+00
0.000000000000000000e+00
0.000000000000000000e+00
0.000000000000000000e+00
0.000000000000000000e+00
0.000000000000000000e+00
0.000000000000000000e+00
0.000000000000000000e+00
0.000000000000000000e+00
0.000000000000000000e+00
0.000000000000000000e+00
0.000000000000000000e+00
0.000000000000000000e+00
0.000000000000000000e+00
1.838704753261734508e-06
1.198000313908621877e-05
4.774246378507085187e-05
1.486337344510072389e-04
3.947806757302524177e-04
3.450344756890519598e-03
1.657191777543202960e-02
1.207845868046577786e+00
8.134699707784061040e-01
3.617190393252966985e-01
2.873465753949429671e-02
0.000000000000000000e+00
0.000000000000000000e+00
0.000000000000000000e+00
0.000000000000000000e+00
0.000000000000000000e+00
0.000000000000000000e+00
0.000000000000000000e+00
0.000000000000000000e+00
0.000000000000000000e+00
0.000000000000000000e+00
0.000000000000000000e+00
0.000000000000000000e+00
0.000000000000000000e+00
0.000000000000000000e+00
0.000000000000000000e+00
0.000000000000000000e+00
2.051625255167703843e-06
1.458674807078540169e-05
5.941450613177647467e-05
1.863031952700376561e-04
4.949589323040533891e-04
4.315803827989572738e-03
2.075191076778145488e-02
1.131361008876040408e+00
7.160456686559939499e-01
1.217820863320378866e+00
1.506341636782825566e-01
0.000000000000000000e+00
0.000000000000000000e+00
0.000000000000000000e+00
0.000000000000000000e+00
0.000000000000000000e+00
0.000000000000000000e+00
0.000000000000000000e+00
0.000000000000000000e+00
0.000000000000000000e+00
0.000000000000000000e+00
0.000000000000000000e+00
0.000000000000000000e+00
0.000000000000000000e+00
0.000000000000000000e+00
0.000000000000000000e+00
0.000000000000000000e+00
3.807056945361562718e-06
2.919785591017191545e-05
1.209846105965260645e-04
3.814767017988675052e-04
1.013952866313708959e-03
8.823025662794158064e-03
4.239462230299679418e-02
1.895052605547129065e+00
8.436566830739772316e-01
2.222773348077771605e+00
1.088674286552750559e+00
6.114262888696340298e-02
2.891935242817088303e-02
5.365782751279708079e-02
4.490728082629586587e-03
2.718871658904635589e-03
9.232837042813836492e-04
1.272699366215736304e-03
4.326248996133487640e-04
1.084171632991335222e-03
9.609240163843362609e-05
1.330574753144671035e-04
1.693329231524256075e-04
3.381468103300043889e-05
3.918259118191458422e-07
8.773999805353288348e-07
4.293196242146281381e-07
5.370839445895786087e-08
0.000000000000000000e+00
0.000000000000000000e+00
0.000000000000000000e+00
0.000000000000000000e+00
0.000000000000000000e+00
0.000000000000000000e+00
0.000000000000000000e+00
0.000000000000000000e+00
0.000000000000000000e+00
0.000000000000000000e+00
0.000000000000000000e+00
6.096619999999996348e-02
1.351765999999999524e-01
8.883999999999999536e-03
5.391420000000000934e-03
1.838840000000000006e-03
2.547799999999999371e-03
8.688590000000003628e-04
2.182880999999998930e-03
1.939039999999999785e-04
2.686289999999999381e-04
3.421392000000001072e-04
6.837866000000007488e-05
7.925579999999996249e-07
1.764065000000001126e-06
5.413490000000003035e-07
4.596460000000000119e-07
0.000000000000000000e+00
0.000000000000000000e+00
0.000000000000000000e+00
0.000000000000000000e+00
0.000000000000000000e+00
0.000000000000000000e+00
0.000000000000000000e+00
0.000000000000000000e+00
0.000000000000000000e+00
0.000000000000000000e+00
0.000000000000000000e+00
0.000000000000000000e+00
2.058860896426096820e-01
5.441493752155789759e-02
3.033299305372601229e-02
1.034643672956708609e-02
1.433613784575107214e-02
4.889113796410477983e-03
1.228363998538515960e-02
1.091170930443415704e-03
1.511684635495541291e-03
1.925369998990556419e-03
3.847947028546896400e-04
4.459769543237134716e-06
9.925479881724138056e-06
3.047787431237185850e-06
2.684773980435267107e-06
0.000000000000000000e+00
0.000000000000000000e+00
0.000000000000000000e+00
0.000000000000000000e+00
0.000000000000000000e+00
0.000000000000000000e+00
0.000000000000000000e+00
0.000000000000000000e+00
0.000000000000000000e+00
0.000000000000000000e+00
0.000000000000000000e+00
0.000000000000000000e+00
0.000000000000000000e+00
2.628553765552109622e-01
1.884929371293962153e-01
5.051685263367576562e-02
7.000273392545278139e-02
2.387498448966837022e-02
5.998800383910039141e-02
5.329069715149579826e-03
7.382840223220961569e-03
9.403329620188359203e-03
1.879314524288740662e-03
2.178131734353496490e-05
4.847552289174812196e-05
1.488546452966113336e-05
1.325000564349413575e-05
0.000000000000000000e+00
0.000000000000000000e+00
0.000000000000000000e+00
0.000000000000000000e+00
0.000000000000000000e+00
0.000000000000000000e+00
0.000000000000000000e+00
0.000000000000000000e+00
0.000000000000000000e+00
0.000000000000000000e+00
0.000000000000000000e+00
0.000000000000000000e+00
0.000000000000000000e+00
0.000000000000000000e+00
2.149559590868887204e-01
1.334014795159044198e-01
1.444780921676100949e-01
4.927616147846170663e-02
1.238150604341748534e-01
1.099946083664278713e-02
1.523859512329655240e-02
1.940917618950774304e-02
3.879054554885884472e-03
4.496000002570002638e-05
1.000546227036267687e-04
3.072466901931371591e-05
2.670855514356467196e-05
4.355264330524217184e-07
2.654932518650907544e-07
0.000000000000000000e+00
0.000000000000000000e+00
0.000000000000000000e+00
0.000000000000000000e+00
0.000000000000000000e+00
0.000000000000000000e+00
0.000000000000000000e+00
0.000000000000000000e+00
0.000000000000000000e+00
0.000000000000000000e+00
0.000000000000000000e+00
0.000000000000000000e+00
0.000000000000000000e+00
1.375680000000000791e-01
3.081569999999999587e-01
8.412640000000001783e-02
2.113876999999999839e-01
1.877949999999999411e-02
2.601719999999998686e-02
3.313781999999992900e-02
6.622850700000000243e-03
7.676129999999998621e-05
1.708324000000001840e-04
5.245940000000000124e-05
4.431206000000002311e-05
3.113630000000001392e-07
5.558579999999999472e-07
1.039620000000000517e-06
6.278489999999998141e-07
0.000000000000000000e+00
0.000000000000000000e+00
0.000000000000000000e+00
0.000000000000000000e+00
0.000000000000000000e+00
0.000000000000000000e+00
0.000000000000000000e+00
0.000000000000000000e+00
0.000000000000000000e+00
0.000000000000000000e+00
0.000000000000000000e+00
0.000000000000000000e+00
2.652147449704757576e-01
1.721320491892593396e-01
3.589422786595765635e-01
3.188837193103476186e-02
4.417838547293363033e-02
5.626956143397193050e-02
1.124592813637345819e-02
1.303424122630984219e-04
2.900821240109589371e-04
8.907648980891846695e-05
7.524837275265603429e-05
5.278463512773031848e-07
4.679912853097464490e-07
4.099495296051805565e-07
5.302928798285204404e-07
1.575488046463980336e-06
8.180918448259303994e-07
0.000000000000000000e+00
0.000000000000000000e+00
0.000000000000000000e+00
0.000000000000000000e+00
0.000000000000000000e+00
0.000000000000000000e+00
0.000000000000000000e+00
0.000000000000000000e+00
0.000000000000000000e+00
0.000000000000000000e+00
0.000000000000000000e+00
1.676220000000001042e-01
6.473555999999998090e-01
5.207380000000002424e-02
7.214360000000004380e-02
9.188886999999999750e-02
1.836471800000001597e-02
2.128500000000000238e-04
4.737052000000001144e-04
1.454608000000001710e-04
1.228813110000000360e-04
8.594420000000003977e-07
7.612050000000001514e-07
6.750720000000000776e-07
5.809890000000002535e-07
1.101012000000000462e-06
2.132315999999999915e-06
1.095467000000000289e-06
0.000000000000000000e+00
0.000000000000000000e+00
0.000000000000000000e+00
0.000000000000000000e+00
0.000000000000000000e+00
0.000000000000000000e+00
0.000000000000000000e+00
0.000000000000000000e+00
0.000000000000000000e+00
0.000000000000000000e+00
0.000000000000000000e+00
5.837575082394323989e-01
1.505045251330812683e-01
1.926669582715023477e-01
2.453983392973995425e-01
4.904503153457440839e-02
5.684332986259849670e-04
1.265089137347623132e-03
3.884737204655147949e-04
3.281604030237833211e-04
2.305976799454112827e-06
2.034706959658229429e-06
1.795145626405516487e-06
1.588049658286494084e-06
2.876836017828124447e-06
2.476454474289884480e-06
6.354694795512504251e-06
0.000000000000000000e+00
0.000000000000000000e+00
0.000000000000000000e+00
0.000000000000000000e+00
0.000000000000000000e+00
0.000000000000000000e+00
0.000000000000000000e+00
0.000000000000000000e+00
0.000000000000000000e+00
0.000000000000000000e+00
0.000000000000000000e+00
0.000000000000000000e+00
2.062180000000000124e-01
4.895400000000003637e-01
5.447937000000002694e-01
1.088817199999999596e-01
1.261949999999999964e-03
2.808551000000000710e-03
8.624239999999995477e-04
7.285396200000001776e-04
5.119510000000001404e-06
4.516650000000001047e-06
3.987260000000001361e-06
3.522590000000002216e-06
6.380570000000009283e-06
5.503589999999998581e-06
1.430967700000000675e-05
0.000000000000000000e+00
0.000000000000000000e+00
0.000000000000000000e+00
0.000000000000000000e+00
0.000000000000000000e+00
0.000000000000000000e+00
0.000000000000000000e+00
0.000000000000000000e+00
0.000000000000000000e+00
0.000000000000000000e+00
0.000000000000000000e+00
0.000000000000000000e+00
0.000000000000000000e+00
3.660137518497962317e-01
8.550120519243310513e-01
1.647367250413315221e-01
1.909309750167336762e-03
4.249288595587970806e-03
1.304831409840790648e-03
1.102257004998155035e-03
7.743685936911354816e-06
6.833535354717403884e-06
6.032016479873737538e-06
5.329465397279974156e-06
9.660314316647590057e-06
8.324982514652915665e-06
2.176062214093967879e-05
0.000000000000000000e+00
0.000000000000000000e+00
0.000000000000000000e+00
0.000000000000000000e+00
0.000000000000000000e+00
0.000000000000000000e+00
0.000000000000000000e+00
0.000000000000000000e+00
0.000000000000000000e+00
0.000000000000000000e+00
0.000000000000000000e+00
0.000000000000000000e+00
0.000000000000000000e+00
0.000000000000000000e+00
8.176758465465314707e-01
6.062937295803001447e-01
6.924931817606852502e-03
1.541188141909689661e-02
4.732556435148288672e-03
3.997786240372290349e-03
2.808755225880025180e-05
2.478481663010125753e-05
2.187639283452772645e-05
1.932903424484180597e-05
3.503509834554230059e-05
3.019420533779294469e-05
7.015225825448069585e-05
5.011158899531698321e-06
4.325202689920693915e-06
0.000000000000000000e+00
0.000000000000000000e+00
0.000000000000000000e+00
0.000000000000000000e+00
0.000000000000000000e+00
0.000000000000000000e+00
0.000000000000000000e+00
0.000000000000000000e+00
0.000000000000000000e+00
0.000000000000000000e+00
0.000000000000000000e+00
0.000000000000000000e+00
0.000000000000000000e+00
1.050664231903651880e+00
1.008343233495678504e-01
2.128412661997044764e-01
6.535741749260150224e-02
5.521014333339685498e-02
3.878824968570965736e-04
3.422884535161752973e-04
3.021182046434064787e-04
2.669351418040363322e-04
4.838392783223247821e-04
4.169816300620834233e-04
9.685871092600037424e-04
5.815027125384093282e-05
5.613752473777729272e-05
1.784516461143633833e-05
0.000000000000000000e+00
0.000000000000000000e+00
0.000000000000000000e+00
0.000000000000000000e+00
0.000000000000000000e+00
0.000000000000000000e+00
0.000000000000000000e+00
0.000000000000000000e+00
0.000000000000000000e+00
0.000000000000000000e+00
0.000000000000000000e+00
0.000000000000000000e+00
0.000000000000000000e+00
2.232630000000002113e-01
8.247790000000010391e-01
2.342209000000001207e-01
1.978562700000001950e-01
1.390050000000000964e-03
1.226650000000001003e-03
1.082700000000000676e-03
9.566130000000005800e-04
1.733924999999999226e-03
1.494328000000001364e-03
3.471129999999998921e-03
2.083877000000002207e-04
2.003335000000001920e-04
6.540219000000003526e-05
0.000000000000000000e+00
0.000000000000000000e+00
0.000000000000000000e+00
0.000000000000000000e+00
0.000000000000000000e+00
0.000000000000000000e+00
0.000000000000000000e+00
0.000000000000000000e+00
0.000000000000000000e+00
0.000000000000000000e+00
0.000000000000000000e+00
0.000000000000000000e+00
0.000000000000000000e+00
0.000000000000000000e+00
6.144683125071277452e-01
4.705417075602274513e-01
3.843605454297559509e-01
2.700349406333691846e-03
2.382929478608941751e-03
2.103278337095198635e-03
1.858348599001205742e-03
3.368380244027531934e-03
2.902928237149673095e-03
6.743091056158296431e-03
4.048239235388148235e-04
3.891658093224354222e-04
1.272747836419657185e-04
0.000000000000000000e+00
0.000000000000000000e+00
0.000000000000000000e+00
0.000000000000000000e+00
0.000000000000000000e+00
0.000000000000000000e+00
0.000000000000000000e+00
0.000000000000000000e+00
0.000000000000000000e+00
0.000000000000000000e+00
0.000000000000000000e+00
0.000000000000000000e+00
0.000000000000000000e+00
0.000000000000000000e+00
0.000000000000000000e+00
5.118240315336137769e-01
9.280723921168574364e-01
6.374612924495811489e-03
5.625299227314998693e-03
4.965133801044241402e-03
4.386935794426441090e-03
7.951595665292380752e-03
6.852833052471257388e-03
1.591815863939750539e-02
9.556484570988300550e-04
9.187013882421044388e-04
3.007796327015087399e-04
0.000000000000000000e+00
0.000000000000000000e+00
0.000000000000000000e+00
0.000000000000000000e+00
0.000000000000000000e+00
0.000000000000000000e+00
0.000000000000000000e+00
0.000000000000000000e+00
0.000000000000000000e+00
0.000000000000000000e+00
0.000000000000000000e+00
0.000000000000000000e+00
0.000000000000000000e+00
0.000000000000000000e+00
0.000000000000000000e+00
0.000000000000000000e+00
1.100634749543912605e+00
6.086482450723140064e-02
5.049534137789588040e-02
4.306162038186792801e-02
3.728250370102112465e-02
6.621753176110141415e-02
5.575373066337528660e-02
1.097115169450255806e-01
3.772939767954664597e-03
2.681895701515930094e-03
5.160248129890268121e-04
0.000000000000000000e+00
0.000000000000000000e+00
0.000000000000000000e+00
0.000000000000000000e+00
0.000000000000000000e+00
0.000000000000000000e+00
0.000000000000000000e+00
0.000000000000000000e+00
0.000000000000000000e+00
0.000000000000000000e+00
0.000000000000000000e+00
0.000000000000000000e+00
0.000000000000000000e+00
0.000000000000000000e+00
0.000000000000000000e+00
0.000000000000000000e+00
3.725523403949558554e-02
3.236660000000001203e-01
2.379839999999999733e-01
1.740759999999999530e-01
1.363735999999999560e-01
2.275673999999998920e-01
1.751723999999998671e-01
3.201749099999998127e-01
9.666629999999997239e-03
6.183659999999997076e-03
8.673114999999994700e-04
0.000000000000000000e+00
0.000000000000000000e+00
0.000000000000000000e+00
0.000000000000000000e+00
0.000000000000000000e+00
0.000000000000000000e+00
0.000000000000000000e+00
0.000000000000000000e+00
0.000000000000000000e+00
0.000000000000000000e+00
0.000000000000000000e+00
0.000000000000000000e+00
0.000000000000000000e+00
0.000000000000000000e+00
0.000000000000000000e+00
0.000000000000000000e+00
2.304297903399999195e-03
4.417580000000000118e-02
3.419050000000001255e-01
2.404479999999999396e-01
1.774177999999999866e-01
2.748411999999998967e-01
2.143425000000001857e-01
3.695298899999994169e-01
1.056923999999999537e-02
6.744519999999999509e-03
9.429672000000004608e-04
0.000000000000000000e+00
0.000000000000000000e+00
0.000000000000000000e+00
0.000000000000000000e+00
0.000000000000000000e+00
0.000000000000000000e+00
0.000000000000000000e+00
0.000000000000000000e+00
0.000000000000000000e+00
0.000000000000000000e+00
0.000000000000000000e+00
0.000000000000000000e+00
0.000000000000000000e+00
0.000000000000000000e+00
0.000000000000000000e+00
0.000000000000000000e+00
2.280974578539999610e-04
3.731920000000000116e-03
5.367380000000004231e-02
3.611670000000000158e-01
2.432010000000001393e-01
3.449672000000002514e-01
2.571243000000000278e-01
4.429197199999993506e-01
1.177532000000000925e-02
7.447790000000003609e-03
1.035579799999999636e-03
0.000000000000000000e+00
0.000000000000000000e+00
0.000000000000000000e+00
0.000000000000000000e+00
0.000000000000000000e+00
0.000000000000000000e+00
0.000000000000000000e+00
0.000000000000000000e+00
0.000000000000000000e+00
0.000000000000000000e+00
0.000000000000000000e+00
0.000000000000000000e+00
0.000000000000000000e+00
0.000000000000000000e+00
0.000000000000000000e+00
0.000000000000000000e+00
3.290225512303127331e-05
4.789622207980856385e-04
5.966595342607647866e-03
6.432134222444590987e-02
3.814325427214043662e-01
4.619639408078648479e-01
3.025216711240792944e-01
5.343954490500113508e-01
1.379170855074934171e-02
8.617717185366838631e-03
1.188103806863103707e-03
0.000000000000000000e+00
0.000000000000000000e+00
0.000000000000000000e+00
0.000000000000000000e+00
0.000000000000000000e+00
0.000000000000000000e+00
0.000000000000000000e+00
0.000000000000000000e+00
0.000000000000000000e+00
0.000000000000000000e+00
0.000000000000000000e+00
0.000000000000000000e+00
0.000000000000000000e+00
0.000000000000000000e+00
0.000000000000000000e+00
0.000000000000000000e+00
3.292723609067443545e-06
4.791363979593604537e-05
5.327141656983546639e-04
4.879126448221719412e-03
3.988062834115117805e-02
6.132616545357786331e-01
4.575669143614103374e-01
7.040081097677044486e-01
1.853279776047537381e-02
1.154131964105987833e-02
1.584471127173040384e-03
0.000000000000000000e+00
0.000000000000000000e+00
0.000000000000000000e+00
0.000000000000000000e+00
0.000000000000000000e+00
0.000000000000000000e+00
0.000000000000000000e+00
0.000000000000000000e+00
0.000000000000000000e+00
0.000000000000000000e+00
0.000000000000000000e+00
0.000000000000000000e+00
0.000000000000000000e+00
0.000000000000000000e+00
0.000000000000000000e+00
0.000000000000000000e+00
1.675565153684497868e-07
2.139767788636768319e-06
2.333678000468462942e-05
1.874598614990335781e-04
1.235860893087767885e-03
5.846586660947929864e-02
7.389136103560128843e-01
1.120204862352307096e+00
2.778214043488197102e-02
1.744682167556305466e-02
2.400203127253716737e-03
0.000000000000000000e+00
0.000000000000000000e+00
0.000000000000000000e+00
0.000000000000000000e+00
0.000000000000000000e+00
0.000000000000000000e+00
0.000000000000000000e+00
0.000000000000000000e+00
0.000000000000000000e+00
0.000000000000000000e+00
0.000000000000000000e+00
0.000000000000000000e+00
0.000000000000000000e+00
0.000000000000000000e+00
0.000000000000000000e+00
0.000000000000000000e+00
1.996579670535657891e-09
2.173131973385930381e-08
1.987742711214401004e-07
1.517144703772549428e-06
9.493514113544720626e-06
3.335131736056176914e-04
7.340684748227441041e-03
2.538657683384641039e+00
2.568415782096362676e-01
8.359654304172629835e-02
7.511554321052960406e-03
0.000000000000000000e+00
0.000000000000000000e+00
0.000000000000000000e+00
0.000000000000000000e+00
0.000000000000000000e+00
0.000000000000000000e+00
0.000000000000000000e+00
0.000000000000000000e+00
0.000000000000000000e+00
0.000000000000000000e+00
0.000000000000000000e+00
0.000000000000000000e+00
0.000000000000000000e+00
0.000000000000000000e+00
0.000000000000000000e+00
0.000000000000000000e+00
3.116252726925555188e-10
4.152826846136012141e-09
3.336673861644717920e-08
2.105686631168305988e-07
1.212342094556864488e-06
4.050839303799648938e-05
7.523595442294779686e-04
1.429666229007735101e+00
1.833073945937153004e+00
7.811162456620747152e-01
3.547123239740315737e-02
0.000000000000000000e+00
0.000000000000000000e+00
0.000000000000000000e+00
0.000000000000000000e+00
0.000000000000000000e+00
0.000000000000000000e+00
0.000000000000000000e+00
0.000000000000000000e+00
0.000000000000000000e+00
0.000000000000000000e+00
0.000000000000000000e+00
0.000000000000000000e+00
0.000000000000000000e+00
0.000000000000000000e+00
0.000000000000000000e+00
0.000000000000000000e+00
3.312402909471909590e-10
4.543030180334328776e-09
3.445179267896521540e-08
2.178067095213540624e-07
1.227209143723417068e-06
4.057804956205007839e-05
7.613254210033678889e-04
7.316600369916845814e-01
1.245308848724323569e+00
2.630868554609078647e+00
2.997157157042991682e-01
0.000000000000000000e+00
0.000000000000000000e+00
0.000000000000000000e+00
0.000000000000000000e+00
0.000000000000000000e+00
0.000000000000000000e+00
0.000000000000000000e+00
0.000000000000000000e+00
0.000000000000000000e+00
0.000000000000000000e+00
0.000000000000000000e+00
0.000000000000000000e+00
0.000000000000000000e+00
0.000000000000000000e+00
0.000000000000000000e+00
0.000000000000000000e+00
5.524797328051428297e-10
7.258727391562410972e-09
5.620276695365027003e-08
3.585579819674147893e-07
2.007909949924417307e-06
6.587097189549450825e-05
1.239545507166018700e-03
7.617778453061042621e-01
6.659091598697116643e-01
3.539957548041235746e+00
2.176714498913722373e+00
