1.083158462984429304e-01
7.473686686153936665e-02
4.108592061167128540e-04
1.321324563304124506e-04
4.268519532703298706e-04
4.641114912871242112e-07
1.621996836046336993e-06
0.000000000000000000e+00
0.000000000000000000e+00
0.000000000000000000e+00
0.000000000000000000e+00
0.000000000000000000e+00
3.660100933069487805e-01
2.400314527078616783e-02
7.516850722110311050e-03
2.627634259964780478e-02
3.060306606769704031e-05
1.074566898029882578e-04
1.069286398724815938e-07
1.454972110668661244e-07
0.000000000000000000e+00
0.000000000000000000e+00
0.000000000000000000e+00
0.000000000000000000e+00
3.311832247041039956e-01
1.218795602795517685e-01
3.201360190478771406e-01
3.735772477344974580e-04
1.310338618042727107e-03
1.318008753893800823e-06
3.556537079775046682e-06
0.000000000000000000e+00
0.000000000000000000e+00
0.000000000000000000e+00
0.000000000000000000e+00
0.000000000000000000e+00
2.576360000000000872e-01
5.547523139999991360e-01
5.707660000000002202e-04
2.001972703000002695e-03
2.017859000000000970e-06
5.164686999999993366e-06
3.144710000000001694e-07
0.000000000000000000e+00
0.000000000000000000e+00
0.000000000000000000e+00
0.000000000000000000e+00
0.000000000000000000e+00
7.737498899002067665e-01
2.750982218568889109e-02
8.617021830851748221e-02
8.676720020611945544e-05
1.800904160109829510e-04
1.839973942028611973e-05
4.126705174112997229e-05
0.000000000000000000e+00
0.000000000000000000e+00
0.000000000000000000e+00
0.000000000000000000e+00
0.000000000000000000e+00
2.192439999999999667e-01
6.253456289999999029e-01
5.672849999999998380e-04
1.177427000000000638e-03
1.197577000000000071e-04
2.709404399999999812e-04
0.000000000000000000e+00
0.000000000000000000e+00
0.000000000000000000e+00
0.000000000000000000e+00
0.000000000000000000e+00
0.000000000000000000e+00
7.917049909683954168e-01
3.764509671904992666e-02
6.043911717746310031e-02
4.199007545939647049e-03
6.084988959818348440e-03
0.000000000000000000e+00
0.000000000000000000e+00
0.000000000000000000e+00
0.000000000000000000e+00
0.000000000000000000e+00
0.000000000000000000e+00
8.850615968198280448e-02
4.376129503194873260e-01
4.963921929686084256e-01
2.914463845168249051e-02
3.971547672366243509e-02
0.000000000000000000e+00
0.000000000000000000e+00
0.000000000000000000e+00
0.000000000000000000e+00
0.000000000000000000e+00
0.000000000000000000e+00
9.879848112182022454e-03
4.721659084630717984e-02
1.035584311115355316e+00
1.111555590749782607e-01
1.183298910465424847e-01
0.000000000000000000e+00
0.000000000000000000e+00
0.000000000000000000e+00
0.000000000000000000e+00
0.000000000000000000e+00
0.000000000000000000e+00
2.772579198960387070e-03
1.232166088041453805e-02
6.439759440608767704e-01
6.227845875451597513e-01
4.465916420446682245e-01
0.000000000000000000e+00
0.000000000000000000e+00
0.000000000000000000e+00
0.000000000000000000e+00
0.000000000000000000e+00
0.000000000000000000e+00
2.694577964947703422e-03
1.204078070939935789e-02
4.868476508268664293e-01
3.205314888828604825e-01
1.545697422401727250e+00
8.363440638313431041e-02
9.941710892005120592e-02
7.004662572138913110e-04
2.388038964923357133e-04
8.361692227268274291e-04
9.754622469753737605e-07
3.410186753874474372e-06
0.000000000000000000e+00
0.000000000000000000e+00
0.000000000000000000e+00
0.000000000000000000e+00
0.000000000000000000e+00
4.516964099382062003e-01
4.820913800432222868e-02
1.583312930486303546e-02
5.545811144315621055e-02
6.471775761567850969e-05
2.272395080914961876e-04
2.278018332561913555e-07
3.130985097292819299e-07
0.000000000000000000e+00
0.000000000000000000e+00
0.000000000000000000e+00
0.000000000000000000e+00
3.363382608955692854e-01
2.276999894657877055e-01
6.916096792157414574e-01
8.070841223721563666e-04
2.830886914030217305e-03
2.847447479135022568e-06
7.683708683145499998e-06
0.000000000000000000e+00
0.000000000000000000e+00
0.000000000000000000e+00
0.000000000000000000e+00
0.000000000000000000e+00
2.021799999999999431e-01
1.114846879999999540e+00
1.228929999999999172e-03
4.310491589999997271e-03
4.344689999999995158e-06
1.112019299999999648e-05
6.770939999999997763e-07
0.000000000000000000e+00
0.000000000000000000e+00
0.000000000000000000e+00
0.000000000000000000e+00
0.000000000000000000e+00
1.202004875350231927e+00
5.963834570548971065e-02
1.988807137883310816e-01
2.002587668040953239e-04
4.156487936396600826e-04
4.243848583139698600e-05
9.529029051617692871e-05
0.000000000000000000e+00
0.000000000000000000e+00
0.000000000000000000e+00
0.000000000000000000e+00
0.000000000000000000e+00
2.232400000000001050e-01
1.263975280000000145e+00
1.210285000000000397e-03
2.512007999999998301e-03
2.554990000000000147e-04
5.780431699999998441e-04
0.000000000000000000e+00
0.000000000000000000e+00
0.000000000000000000e+00
0.000000000000000000e+00
0.000000000000000000e+00
0.000000000000000000e+00
1.312259191236584854e+00
8.023937158671524961e-02
1.351290207983333047e-01
9.554713222605815126e-03
1.410200466252633546e-02
0.000000000000000000e+00
0.000000000000000000e+00
0.000000000000000000e+00
0.000000000000000000e+00
0.000000000000000000e+00
0.000000000000000000e+00
5.604929676690389301e-02
7.033334798717540970e-01
1.027496079056840372e+00
6.326551070399717702e-02
8.625701582491429598e-02
0.000000000000000000e+00
0.000000000000000000e+00
0.000000000000000000e+00
0.000000000000000000e+00
0.000000000000000000e+00
0.000000000000000000e+00
3.364868047092285500e-04
8.269281615199122401e-03
1.860023024854732032e+00
3.619551277310597004e-01
2.910540169965039059e-01
0.000000000000000000e+00
0.000000000000000000e+00
0.000000000000000000e+00
0.000000000000000000e+00
0.000000000000000000e+00
0.000000000000000000e+00
3.371324281263228561e-05
6.809637284980364505e-04
7.418206321687518257e-01
1.379028270400802336e+00
9.477693343296295092e-01
0.000000000000000000e+00
0.000000000000000000e+00
0.000000000000000000e+00
0.000000000000000000e+00
0.000000000000000000e+00
0.000000000000000000e+00
2.101266840565166994e-05
4.326957458385772355e-04
2.645790912485648794e-01
4.310402983545595923e-01
3.358054401374249487e+00
