1.891889098103363975e-01
1.342068438279984087e-02
5.466036486801179733e-03
3.265304414410733269e+00
3.050719222037037216e-04
3.526139999999999830e-01
4.260405408494868928e-01
2.717917652511296547e-03
2.115749436076110220e-03
1.500675406868371420e+00
0.000000000000000000e+00
6.442210000000000436e-01
7.788917829249634162e-01
1.494413680771765124e-03
3.985923360553457473e-03
7.931557310567163288e-01
0.000000000000000000e+00
1.664999999999999813e-03
8.195000000000000062e-01
1.686000000000000866e-03
4.573000000000000675e-03
7.549000000000000155e-01
0.000000000000000000e+00
4.671000000000000239e-04
9.020344272268997488e-01
6.709785343524642988e-03
1.426352667412119322e-02
6.063792162842105427e-01
0.000000000000000000e+00
1.027748399999999906e-03
8.771000000000001018e-01
1.736000000000000737e-02
3.041000000000000300e-02
5.269000000000000350e-01
0.000000000000000000e+00
1.227000000000000068e-07
9.439682830613025377e-01
3.667863227886802163e-02
4.385955573461723656e-02
5.719480995757307840e-01
0.000000000000000000e+00
2.694922970000000868e-07
1.171976192004777095e+00
1.332068635708945070e-01
8.080701376530266544e-02
4.176075118604267722e-01
0.000000000000000000e+00
2.317200000000000022e-11
1.424244371785234886e+00
1.699397721897986657e-01
1.019626082174117099e-01
3.222524483314891941e-01
0.000000000000000000e+00
3.441000000000000060e-11
1.890003078898840005e+00
2.744209026418786834e-01
1.613326850161823089e-01
2.184491795875356801e-01
0.000000000000000000e+00
2.065899999999999911e-12
2.605029647753730693e+00
3.969782301977411998e-01
2.368922887624626827e-01
1.555381919095780441e-01
0.000000000000000000e+00
2.695568599999999590e-12
1.856959682028254122e-01
0.000000000000000000e+00
8.652131652769974764e-04
4.254408323326168251e+00
0.000000000000000000e+00
5.607600000000000084e-02
5.714642686880823108e-01
0.000000000000000000e+00
7.215217606391062925e-06
1.562666946438120874e+00
0.000000000000000000e+00
1.495359999999999467e-01
1.259027465705035542e+00
0.000000000000000000e+00
1.771500853760531405e-05
6.668063721206577421e-01
0.000000000000000000e+00
1.869200000000000028e-02
1.322999999999999288e+00
0.000000000000000000e+00
2.173999999999999514e-05
6.399999999999999023e-01
0.000000000000000000e+00
9.346000000000000141e-03
1.461395611006400141e+00
0.000000000000000000e+00
1.223798515296520360e-04
5.885797678086462925e-01
0.000000000000000000e+00
1.962659999999999128e-01
1.492000000000000659e+00
0.000000000000000000e+00
3.733000000000000207e-04
5.777999999999999803e-01
0.000000000000000000e+00
9.346000000000000141e-03
1.553654057876428407e+00
0.000000000000000000e+00
2.324906335993816384e-03
5.715776746228820038e-01
0.000000000000000000e+00
2.990720000000000045e-01
1.943326072993403875e+00
0.000000000000000000e+00
7.031166064845903972e-03
5.483845187656652964e-01
0.000000000000000000e+00
3.738400000000000056e-02
2.533740080609086398e+00
0.000000000000000000e+00
1.213616330371759290e-02
5.044856504640116146e-01
0.000000000000000000e+00
1.121519999999999739e-01
3.085882396281106388e+00
0.000000000000000000e+00
1.654935564840642054e-02
4.606535914003582755e-01
0.000000000000000000e+00
1.869200000000000028e-02
4.081066972212739508e+00
0.000000000000000000e+00
2.684973251543056050e-02
3.749363746902422134e-01
0.000000000000000000e+00
9.345999999999998753e-02
