4.262139664933364269e-01
9.896805356459181888e-04
6.690469794936870773e-04
2.316836476573195913e+00
6.067981779817891247e-07
9.935000000000000497e-01
1.133558463372816627e+00
8.061034621108607162e-04
3.560743683692918905e-04
7.147331163349316396e-01
0.000000000000000000e+00
3.414000000000000368e-03
1.261550941181485808e+00
8.366372249490968858e-04
4.141846696110354606e-04
6.545087721196504171e-01
0.000000000000000000e+00
2.079000000000000119e-03
1.401642701431336180e+00
1.196252423004071086e-03
7.356075701965558711e-04
5.990616405908518738e-01
0.000000000000000000e+00
9.537800000000001008e-04
1.451999999999999291e+00
1.570999999999999697e-03
1.191999999999999700e-03
5.805999999999998940e-01
0.000000000000000000e+00
1.567999999999999895e-05
1.474301424608551292e+00
9.343680250409037297e-03
6.450045315873381875e-03
5.693605905594076866e-01
0.000000000000000000e+00
3.437993999999999528e-05
1.492777850884907442e+00
3.230390086907566211e-02
1.967832785264414519e-02
5.564930224130043568e-01
0.000000000000000000e+00
5.442499999999999269e-08
1.505187393382106054e+00
7.489500011819069658e-03
8.417639502495790835e-03
5.635419963203285310e-01
0.000000000000000000e+00
3.805250000000000275e-09
2.023000000000000131e+00
1.739000000000000615e-02
4.423000000000001930e-01
3.295000000000001261e-01
0.000000000000000000e+00
7.656000000000000497e-11
1.637031272260218273e+00
4.901420007160182252e-02
3.808949613018239311e-02
5.314059100991727069e-01
0.000000000000000000e+00
2.511599999999999888e-10
2.347991953138868215e+00
4.039815328974621922e-01
2.370606555270402260e-01
4.020060985666532027e-01
0.000000000000000000e+00
1.092829999999999963e-10
2.556999999999999051e+00
2.420999999999998986e-01
1.380999999999999728e-01
4.261999999999999678e-01
0.000000000000000000e+00
1.985999999999999817e-12
3.255243113368011532e+00
3.076681898138574067e-01
1.692495230172723353e-01
3.769070917232102413e-01
0.000000000000000000e+00
8.426700000000000030e-12
4.715171254498960351e+00
5.391467195483757857e-01
2.886793420584875536e-01
2.638808939433406331e-01
0.000000000000000000e+00
7.415999999999999904e-13
6.504326530405450058e+00
1.025719292076647360e+00
5.445216470922037422e-01
1.616238505112333468e-01
0.000000000000000000e+00
1.006985000000000076e-13
4.256162415197289883e-01
0.000000000000000000e+00
2.462704418576417689e-04
2.383401023224511306e+00
0.000000000000000000e+00
1.869199999999999195e-01
1.147514502251125279e+00
0.000000000000000000e+00
1.249683721860930346e-05
7.204490060030014353e-01
0.000000000000000000e+00
1.869200000000000028e-02
1.278177029931885311e+00
0.000000000000000000e+00
1.898292295835677751e-05
6.590295877235068378e-01
0.000000000000000000e+00
2.803800000000000042e-02
1.420051024048754718e+00
0.000000000000000000e+00
4.157501533180335302e-05
6.032499315372303883e-01
0.000000000000000000e+00
7.476800000000000113e-02
1.471000000000000751e+00
0.000000000000000000e+00
7.242000000000002830e-05
5.852000000000001645e-01
0.000000000000000000e+00
9.346000000000000141e-03
1.486806588931770534e+00
0.000000000000000000e+00
2.679038039040473342e-04
5.796798477607217892e-01
0.000000000000000000e+00
1.588819999999999399e-01
1.493703067084585445e+00
0.000000000000000000e+00
1.043514702863031825e-03
5.768631787870494021e-01
0.000000000000000000e+00
6.542200000000000792e-02
1.518703838338864465e+00
0.000000000000000000e+00
2.347299986264580161e-03
5.733257285691962801e-01
0.000000000000000000e+00
7.476800000000000113e-02
1.571000000000000396e+00
0.000000000000000000e+00
3.428000000000000925e-03
5.694000000000002393e-01
0.000000000000000000e+00
9.346000000000000141e-03
1.625939782930571953e+00
0.000000000000000000e+00
4.301833263150267768e-03
5.653305264635423155e-01
0.000000000000000000e+00
5.607600000000000084e-02
2.146775530272987176e+00
0.000000000000000000e+00
8.827887884374236577e-03
5.343713470380804242e-01
0.000000000000000000e+00
1.682279999999999331e-01
2.476999999999998980e+00
0.000000000000000000e+00
1.168000000000000115e-02
5.098999999999999089e-01
0.000000000000000000e+00
9.346000000000000141e-03
3.164131425206933024e+00
0.000000000000000000e+00
1.728847872049054865e-02
4.539735550105049033e-01
0.000000000000000000e+00
7.476800000000000113e-02
4.557492007481045881e+00
0.000000000000000000e+00
3.202933319039454052e-02
3.278629412159792533e-01
0.000000000000000000e+00
2.803800000000000042e-02
6.158310397284191495e+00
0.000000000000000000e+00
6.089803647776575318e-02
2.054480271901875932e-01
0.000000000000000000e+00
3.738400000000000056e-02
