3.439674969463323295e-01
3.299847380176435668e-02
2.562928001322500871e-02
1.984157454831504686e-02
6.869918873757904386e-04
2.384246817662114253e-03
2.858674634709316084e-05
4.736055123160591739e-06
1.578630245502855651e-07
6.309450744062071369e-07
3.350742285391417448e-07
0.000000000000000000e+00
0.000000000000000000e+00
0.000000000000000000e+00
0.000000000000000000e+00
0.000000000000000000e+00
3.162939341450465291e-01
4.464174252415561983e-01
3.203610475256084000e-01
1.109241793913020788e-02
3.849705116496628804e-02
4.602732913974640766e-04
7.520555336017111653e-05
2.538583558385043814e-06
1.005926910386332459e-05
8.830478048169717852e-06
0.000000000000000000e+00
0.000000000000000000e+00
0.000000000000000000e+00
0.000000000000000000e+00
0.000000000000000000e+00
0.000000000000000000e+00
4.502297959680511275e-01
7.042683989695696090e-01
2.362865087449057128e-02
8.200504835961221206e-02
9.804668445968218841e-04
1.602020025137860495e-04
5.408938062812099830e-06
2.142525984695841938e-05
1.562288430791143698e-05
8.833327370557625462e-07
2.483257641936397447e-06
0.000000000000000000e+00
0.000000000000000000e+00
0.000000000000000000e+00
0.000000000000000000e+00
0.000000000000000000e+00
8.491302576764582222e-01
1.284785408625346570e-01
4.171558987561865273e-01
4.987449789538831585e-03
8.149068033930523952e-04
2.751203741256910953e-05
1.089863578733388087e-04
7.738025066050471671e-05
2.429609796106316568e-06
1.488879412114343214e-05
2.652215901271759267e-06
0.000000000000000000e+00
0.000000000000000000e+00
0.000000000000000000e+00
0.000000000000000000e+00
0.000000000000000000e+00
2.254074999999999551e-01
1.209064046999999587e+00
1.363256829999999996e-02
2.227446049999999914e-03
7.520004999999996113e-05
2.978954699999998633e-04
2.115074999999998380e-04
6.642004000000000214e-06
3.805273499999998457e-05
8.970500999999994228e-06
1.297337000000000230e-06
0.000000000000000000e+00
0.000000000000000000e+00
0.000000000000000000e+00
0.000000000000000000e+00
0.000000000000000000e+00
1.159845317674867315e+00
2.551095820695717387e-01
4.102316750526169981e-02
1.385000282343114763e-03
5.486394865567674299e-03
3.895339516831866633e-03
1.223235876568302082e-04
7.007718102366494641e-04
1.307394527861153468e-04
6.238517476728292757e-05
0.000000000000000000e+00
0.000000000000000000e+00
0.000000000000000000e+00
0.000000000000000000e+00
0.000000000000000000e+00
0.000000000000000000e+00
8.376832475464957017e-01
4.959097514189607092e-01
1.640770099110866811e-02
6.499566244234381007e-02
4.614693728443367005e-02
1.449129234558951861e-03
8.301836829332697940e-03
1.548808083705883847e-03
7.415612875242413513e-04
0.000000000000000000e+00
0.000000000000000000e+00
0.000000000000000000e+00
0.000000000000000000e+00
0.000000000000000000e+00
0.000000000000000000e+00
0.000000000000000000e+00
8.331550295790579597e-01
9.061329578303328747e-02
3.222808310603282878e-01
2.148421419307138813e-01
5.616246130529845698e-03
2.642250463965015866e-02
2.930056637130406920e-03
8.236160813791771566e-04
0.000000000000000000e+00
0.000000000000000000e+00
0.000000000000000000e+00
0.000000000000000000e+00
0.000000000000000000e+00
0.000000000000000000e+00
0.000000000000000000e+00
1.155720525785776734e-02
2.845883000000000718e-01
7.702530200000002880e-01
4.451931300000006031e-01
1.134198000000001018e-02
5.178243700000000060e-02
5.156443000000001872e-03
1.187544170000000201e-03
0.000000000000000000e+00
0.000000000000000000e+00
0.000000000000000000e+00
0.000000000000000000e+00
0.000000000000000000e+00
0.000000000000000000e+00
0.000000000000000000e+00
1.109503199028942848e-05
2.353214469950987587e-03
7.381337366314572046e-01
7.514775096512150698e-01
1.770012430717902291e-02
7.991686269851594471e-02
7.773408024160084404e-03
1.773182309026551627e-03
0.000000000000000000e+00
0.000000000000000000e+00
0.000000000000000000e+00
0.000000000000000000e+00
0.000000000000000000e+00
0.000000000000000000e+00
0.000000000000000000e+00
0.000000000000000000e+00
5.185738314226971678e-12
2.749086010096716409e-03
1.387827808967300403e+00
1.668921056797121882e-01
5.047848474548213282e-01
4.025579826275066386e-02
8.555319764535194299e-03
0.000000000000000000e+00
0.000000000000000000e+00
0.000000000000000000e+00
0.000000000000000000e+00
0.000000000000000000e+00
0.000000000000000000e+00
0.000000000000000000e+00
0.000000000000000000e+00
0.000000000000000000e+00
1.909777991000001440e-07
5.452143154859993013e-01
5.982809999999997297e-01
1.188256420000000091e+00
7.216927999999997456e-02
1.529323049999998900e-02
0.000000000000000000e+00
0.000000000000000000e+00
0.000000000000000000e+00
0.000000000000000000e+00
0.000000000000000000e+00
0.000000000000000000e+00
0.000000000000000000e+00
0.000000000000000000e+00
0.000000000000000000e+00
6.892663461424052806e-08
1.090090027021335950e-01
8.625563901115618215e-02
2.578783403624088866e+00
2.849515819449154330e-01
2.696901919501821371e-02
9.999999999999996447e+00
0.000000000000000000e+00
0.000000000000000000e+00
0.000000000000000000e+00
0.000000000000000000e+00
0.000000000000000000e+00
0.000000000000000000e+00
0.000000000000000000e+00
0.000000000000000000e+00
3.653012527767381172e-08
4.142500919439646989e-02
2.486886569667719205e-02
1.475713125140452497e+00
2.474259641392877462e+00
4.102871819556662691e-01
9.999999999999994671e+00
0.000000000000000000e+00
0.000000000000000000e+00
0.000000000000000000e+00
0.000000000000000000e+00
0.000000000000000000e+00
0.000000000000000000e+00
0.000000000000000000e+00
0.000000000000000000e+00
5.014914978642327222e-08
5.247443617979084818e-02
3.171754487551045609e-02
8.228413330918203927e-01
2.489731702341838382e+00
2.563371568924739829e+00
3.424357290758697769e-01
3.344793216642990424e-02
2.610802820474852903e-02
2.021278685634270850e-02
6.998533385309240601e-04
2.428887230245205947e-03
2.912291000068979583e-05
4.825039466900154811e-06
1.607596760997242933e-07
6.422388376813438023e-07
3.404501856562355373e-07
0.000000000000000000e+00
0.000000000000000000e+00
0.000000000000000000e+00
0.000000000000000000e+00
0.000000000000000000e+00
3.119556172006004435e-01
4.547972010793396858e-01
3.290805432366683547e-01
1.139435050132066134e-02
3.954496423639370511e-02
4.728025753276139773e-04
7.725275554845921738e-05
2.607687159039518895e-06
1.033309813678338543e-05
9.070852308899051835e-06
0.000000000000000000e+00
0.000000000000000000e+00
0.000000000000000000e+00
0.000000000000000000e+00
0.000000000000000000e+00
0.000000000000000000e+00
4.475818133233346874e-01
7.207105139742576716e-01
2.426937056017922784e-02
8.422870923659947495e-02
1.007053356243194390e-03
1.645460741355793280e-04
5.555607823102293535e-06
2.200623079740160554e-05
1.604697597221916758e-05
9.077305070626867136e-07
2.549662681230674137e-06
0.000000000000000000e+00
0.000000000000000000e+00
0.000000000000000000e+00
0.000000000000000000e+00
0.000000000000000000e+00
8.549249148093163164e-01
1.307515886351160450e-01
4.280062848468210168e-01
5.117303249874004430e-03
8.361238277452431476e-04
2.822834328875217956e-05
1.118239415381541810e-04
7.939493150911210661e-05
2.492866518184418319e-06
1.527907630069702338e-05
2.718365937760591634e-06
0.000000000000000000e+00
0.000000000000000000e+00
0.000000000000000000e+00
0.000000000000000000e+00
0.000000000000000000e+00
2.205853999999999870e-01
1.233267103999999392e+00
1.400486830000001112e-02
2.288276490000001624e-03
7.725373000000003800e-05
3.060308800000000030e-04
2.172836890000005264e-04
6.823394000000002555e-06
3.909194000000000031e-05
9.215482000000000887e-06
1.332767000000001177e-06
0.000000000000000000e+00
0.000000000000000000e+00
0.000000000000000000e+00
0.000000000000000000e+00
0.000000000000000000e+00
1.172748251855967538e+00
2.599361141710453960e-01
4.189035670372461689e-02
1.414277918928888520e-03
5.602372227199306672e-03
3.977683394098975762e-03
1.249094050968438255e-04
7.155854985495925871e-04
1.335031793807959827e-04
6.370252206819694910e-05
0.000000000000000000e+00
0.000000000000000000e+00
0.000000000000000000e+00
0.000000000000000000e+00
0.000000000000000000e+00
0.000000000000000000e+00
8.420326881659123686e-01
5.074267385110726725e-01
1.683434900203414214e-02
6.668574279540555316e-02
4.734689319221493942e-02
1.486810499237223478e-03
8.517709060064142940e-03
1.589081522588505456e-03
7.608437606883056191e-04
0.000000000000000000e+00
0.000000000000000000e+00
0.000000000000000000e+00
0.000000000000000000e+00
0.000000000000000000e+00
0.000000000000000000e+00
0.000000000000000000e+00
8.373103938243096067e-01
9.183936999969209702e-02
3.301529705153142258e-01
2.204697433352270086e-01
5.763816411730992781e-03
2.711943108009062797e-02
3.008421842100241807e-03
8.461616800648726934e-04
0.000000000000000000e+00
0.000000000000000000e+00
0.000000000000000000e+00
0.000000000000000000e+00
0.000000000000000000e+00
0.000000000000000000e+00
0.000000000000000000e+00
1.153516359262145297e-02
2.486730000000000607e-01
7.781816000000008060e-01
4.573514499999994376e-01
1.165174000000000418e-02
5.319665300000002428e-02
5.297269000000004620e-03
1.219976840000000767e-03
0.000000000000000000e+00
0.000000000000000000e+00
0.000000000000000000e+00
0.000000000000000000e+00
0.000000000000000000e+00
0.000000000000000000e+00
0.000000000000000000e+00
1.102689603929521212e-05
2.347980884785523872e-03
7.409500979602752224e-01
7.681881403610535397e-01
1.817624280514915092e-02
8.206847547333712134e-02
7.982923906724436261e-03
1.821001356244750973e-03
0.000000000000000000e+00
0.000000000000000000e+00
0.000000000000000000e+00
0.000000000000000000e+00
0.000000000000000000e+00
0.000000000000000000e+00
0.000000000000000000e+00
0.000000000000000000e+00
6.173119158154792954e-12
3.196764899566152413e-03
1.414945247280936291e+00
1.651874858229549770e-01
5.054094019327282084e-01
4.052215767830731619e-02
8.619151328680019208e-03
0.000000000000000000e+00
0.000000000000000000e+00
0.000000000000000000e+00
0.000000000000000000e+00
0.000000000000000000e+00
0.000000000000000000e+00
0.000000000000000000e+00
0.000000000000000000e+00
0.000000000000000000e+00
1.961931264699999170e-07
5.547651603359999850e-01
6.087350999999999734e-01
1.211576340000001917e+00
7.412955999999998324e-02
1.571075599999999933e-02
0.000000000000000000e+00
0.000000000000000000e+00
0.000000000000000000e+00
0.000000000000000000e+00
0.000000000000000000e+00
0.000000000000000000e+00
0.000000000000000000e+00
0.000000000000000000e+00
0.000000000000000000e+00
7.102859614353393884e-08
1.119105867707575752e-01
8.848297969276092134e-02
2.629055200062976549e+00
2.896990930112244289e-01
2.754308287016027715e-02
1.000000000000000533e+01
0.000000000000000000e+00
0.000000000000000000e+00
0.000000000000000000e+00
0.000000000000000000e+00
0.000000000000000000e+00
0.000000000000000000e+00
0.000000000000000000e+00
0.000000000000000000e+00
3.752700667624151624e-08
4.255515768808898480e-02
2.554413955142183570e-02
1.509076279817340938e+00
2.528940209036402376e+00
4.193571438905931426e-01
1.000000000000000888e+01
0.000000000000000000e+00
0.000000000000000000e+00
0.000000000000000000e+00
0.000000000000000000e+00
0.000000000000000000e+00
0.000000000000000000e+00
0.000000000000000000e+00
0.000000000000000000e+00
5.151579471600027562e-08
5.390435159835213486e-02
3.258155718121988342e-02
8.425967220792967005e-01
2.546457512456559158e+00
2.621596383492445614e+00
