15
5
1.000000e+07
6.737950e+04
4.086770e+04
1.930450e+04
2.612590e+03
2.034680e+03
2.902320e+01
5.043480e+00
1.125400e+00
9.931200e-01
4.691200e-01
9.708000e-02
8.539700e-02
1.846700e-02
5.980400e-03
1.000000e-05
9.851530e-04
8.061435e-04
8.365562e-04
1.195243e-03
1.571010e-03
9.288653e-03
3.221782e-02
7.476346e-03
1.739148e-02
4.889583e-02
4.286484e-01
2.421456e-01
3.055144e-01
5.380596e-01
1.022729e+00
6.447688e-04
3.560751e-04
4.141232e-04
7.348851e-04
1.191640e-03
6.408988e-03
1.963410e-02
8.382626e-03
4.422908e-01
3.802126e-02
2.518150e-01
1.380998e-01
1.681862e-01
2.881389e-01
5.429851e-01
9.935026e-01
3.414532e-03
2.078998e-03
9.536861e-04
1.567908e-05
3.437758e-05
5.442717e-08
3.804987e-09
7.655633e-11
2.511655e-10
1.092884e-10
1.986375e-12
8.426290e-12
7.416364e-13
1.006958e-13
5.342784e-07
0.000000e+00
0.000000e+00
0.000000e+00
0.000000e+00
0.000000e+00
0.000000e+00
0.000000e+00
0.000000e+00
0.000000e+00
0.000000e+00
0.000000e+00
0.000000e+00
0.000000e+00
0.000000e+00
4.314597e-01
1.133548e+00
1.261684e+00
1.401408e+00
1.452163e+00
1.474129e+00
1.492815e+00
1.504979e+00
2.023351e+00
1.637028e+00
2.326128e+00
2.557314e+00
3.235921e+00
4.710691e+00
6.494038e+00
4.288639e-01
1.134708e+00
1.262486e+00
1.401685e+00
1.452240e+00
1.473896e+00
1.491632e+00
1.504983e+00
2.023351e+00
1.637028e+00
2.326128e+00
2.557314e+00
3.235921e+00
4.710691e+00
6.494038e+00
2.270199e+00
7.147254e-01
6.545369e-01
5.991184e-01
5.806026e-01
5.694095e-01
5.565308e-01
5.635956e-01
3.295211e-01
5.314623e-01
3.979827e-01
4.262398e-01
3.783280e-01
2.642316e-01
1.619061e-01
0.000000e+00
0.000000e+00
0.000000e+00
0.000000e+00
0.000000e+00
0.000000e+00
0.000000e+00
0.000000e+00
0.000000e+00
0.000000e+00
0.000000e+00
0.000000e+00
0.000000e+00
0.000000e+00
0.000000e+00
0.000000e+00
0.000000e+00
0.000000e+00
0.000000e+00
0.000000e+00
0.000000e+00
0.000000e+00
0.000000e+00
0.000000e+00
0.000000e+00
0.000000e+00
0.000000e+00
0.000000e+00
0.000000e+00
0.000000e+00
0
10
3.481337e-01
3.343974e-02
2.598038e-02
2.011340e-02
6.964039e-04
2.416912e-03
2.897499e-05
4.805928e-06
1.603019e-07
6.394072e-07
3.381187e-07
1
10
3.164028e-01
4.463319e-01
3.203176e-01
1.109092e-02
3.849184e-02
4.602109e-04
7.519536e-05
2.538240e-06
1.005791e-05
8.829273e-06
2
12
4.504739e-01
7.040104e-01
2.362103e-02
8.197862e-02
9.801508e-04
1.601504e-04
5.407195e-06
2.141835e-05
1.561867e-05
8.838441e-07
2.480792e-06
3
13
8.501491e-01
1.281889e-01
4.163109e-01
4.977348e-03
8.132563e-04
2.745631e-05
1.087656e-04
7.722353e-05
2.424687e-06
1.486284e-05
2.642211e-06
4
14
2.254075e-01
1.209064e+00
1.363257e-02
2.227446e-03
7.520005e-05
2.978955e-04
2.115075e-04
6.642004e-06
3.805274e-05
8.970501e-06
1.297337e-06
5
14
1.162639e+00
2.527579e-01
4.064782e-02
1.372328e-03
5.436196e-03
3.859698e-03
1.212044e-04
6.943600e-04
1.295432e-04
6.181228e-05
6
14
8.389045e-01
4.949516e-01
1.637630e-02
6.487127e-02
4.605862e-02
1.446356e-03
8.285949e-03
1.545844e-03
7.401416e-04
7
14
8.343059e-01
9.038236e-02
3.216942e-01
2.144716e-01
5.607269e-03
2.638440e-02
2.927512e-03
8.237061e-04
7
14
1.155721e-02
2.845883e-01
7.702530e-01
4.451931e-01
1.134198e-02
5.178244e-02
5.156443e-03
1.187544e-03
7
14
1.107917e-05
2.349802e-03
7.389482e-01
7.505970e-01
1.768913e-02
7.987018e-02
7.769217e-03
1.772267e-03
8
14
7.646514e-12
4.048990e-03
1.411939e+00
1.490771e-01
4.640379e-01
3.726391e-02
7.946462e-03
9
14
1.909778e-07
5.452143e-01
5.982810e-01
1.188256e+00
7.216928e-02
1.529323e-02
9
14
7.026919e-08
1.118706e-01
8.954451e-02
2.565687e+00
2.741809e-01
2.645111e-02
9
14
3.651823e-08
4.142930e-02
2.486918e-02
1.480767e+00
2.469173e+00
4.063129e-01
9
14
5.004136e-08
5.236384e-02
3.165140e-02
8.222959e-01
2.490290e+00
2.554451e+00
0
10
5.731634e-01
5.660345e-02
3.513555e-02
1.613239e-02
2.706032e-04
6.300771e-04
5.319562e-06
1.819065e-06
9.129664e-08
4.317005e-07
3.556887e-07
1
10
6.305247e-01
9.170172e-01
4.335459e-01
7.154002e-03
1.598552e-02
5.884212e-05
1.464588e-05
7.251008e-07
3.593200e-06
7.564554e-06
2
12
9.305946e-01
1.260382e+00
2.105992e-02
4.665354e-02
1.256126e-04
2.501307e-05
1.173845e-06
5.571705e-06
6.931983e-06
8.476978e-07
2.668717e-06
3
13
1.747364e+00
2.407847e-01
5.458083e-01
9.834810e-04
1.061755e-04
3.709587e-06
1.605555e-05
1.607920e-05
7.683130e-07
7.564362e-06
2.567129e-06
4
14
5.146338e-01
2.115658e+00
3.657896e-03
3.212839e-04
9.227634e-06
3.709379e-05
3.244233e-05
1.502548e-06
1.134143e-05
6.327744e-06
1.545443e-06
5
14
2.262876e+00
3.724837e-01
2.652050e-02
5.445745e-04
1.808085e-03
8.471050e-04
1.855942e-05
9.738133e-05
2.002282e-05
1.918470e-05
6
14
1.751070e+00
8.267008e-01
1.688057e-02
5.535782e-02
2.434019e-02
4.549208e-04
2.002326e-03
2.261326e-04
1.119108e-04
7
14
1.723249e+00
1.615836e-01
4.851975e-01
1.446011e-01
8.270456e-04
1.788599e-03
4.385606e-05
2.962684e-05
7
14
2.722959e-02
6.170278e-01
1.354242e+00
3.923834e-01
1.677709e-03
2.048288e-03
-1.865338e-04
-3.016700e-05
7
14
1.805700e-05
5.404847e-03
1.503817e+00
7.983599e-01
1.729093e-03
-1.043535e-03
-5.436432e-04
-7.708016e-05
8
14
1.069824e-11
7.878337e-03
2.077203e+00
1.218500e-01
2.588867e-02
-8.201030e-03
-1.227718e-03
9
14
-7.706988e-09
5.327990e-01
1.065582e+00
5.765257e-01
-1.395154e-02
-2.352434e-03
9
14
-1.129960e-08
1.151859e-02
4.874766e-02
1.958313e+00
-4.388635e-02
-1.550311e-02
9
14
-5.870933e-09
-9.310909e-03
-4.861376e-03
-2.009380e-01
1.613803e+00
-2.953002e-02
9
14
-4.579782e-09
-8.498457e-03
-4.860986e-03
-5.068549e-01
-1.565142e-01
1.470666e+00
0
10
5.164819e-01
1.790883e-02
-2.064314e-02
-3.770827e-02
-1.645157e-03
-5.884534e-03
-7.134970e-05
-1.114004e-05
-3.421598e-07
-1.270599e-06
-5.181792e-07
1
10
8.429361e-01
8.013842e-01
-2.812826e-01
-2.385821e-02
-9.012804e-02
-1.144257e-03
-1.855400e-04
-6.179472e-06
-2.410879e-05
-1.691832e-05
2
12
1.197758e+00
4.340453e-01
-4.321575e-02
-1.802492e-01
-2.436904e-03
-3.970242e-04
-1.329886e-05
-5.231660e-05
-3.613661e-05
-1.414442e-06
-3.343272e-06
3
13
1.778979e+00
1.530198e-01
-3.401714e-01
-1.227167e-02
-2.021538e-03
-6.822255e-05
-2.698741e-04
-1.899521e-04
-5.838823e-06
-3.275297e-05
-4.103777e-06
4
14
6.742611e-01
1.004785e+00
-3.323261e-02
-5.529679e-03
-1.870701e-04
-7.408991e-04
-5.245846e-04
-1.633482e-05
-9.229082e-05
-1.780835e-05
-1.500014e-06
5
14
1.840668e+00
-6.953696e-02
-8.505514e-02
-3.232955e-03
-1.303830e-02
-9.480327e-03
-3.005963e-04
-1.724238e-03
-3.209014e-04
-1.459991e-04
6
14
1.853295e+00
9.114660e-02
-2.574705e-02
-1.205103e-01
-1.035125e-01
-3.491843e-03
-2.028612e-02
-3.836565e-03
-1.832163e-03
7
14
1.742425e+00
7.888156e-02
-1.258009e-01
-4.351359e-01
-1.385221e-02
-6.558431e-02
-7.300671e-03
-2.053915e-03
7
14
3.313172e-02
8.001039e-01
7.696390e-01
-7.631658e-01
-2.807190e-02
-1.291844e-01
-1.288543e-02
-2.968182e-03
7
14
1.758879e-05
6.391378e-03
1.420845e+00
-8.412599e-01
-4.376757e-02
-1.987538e-01
-1.937768e-02
-4.426824e-03
8
14
-6.586104e-12
6.328752e-03
-9.616034e-02
-2.277176e-01
-1.106799e+00
-9.160945e-02
-1.969555e-02
9
14
-4.769434e-07
-6.981890e-01
2.211648e-01
-2.126032e+00
-1.779682e-01
-3.791356e-02
9
14
-1.739283e-07
-2.621240e-01
-1.545950e-01
-3.886815e+00
-5.938957e-01
-5.552788e-02
9
14
-9.045817e-08
-1.017864e-01
-6.130559e-02
-3.203286e+00
-4.711020e+00
-9.190737e-01
9
14
-1.247168e-07
-1.296969e-01
-7.847384e-02
-1.702122e+00
-5.634516e+00
-5.244635e+00
0
10
1.694907e-01
-3.847619e-02
-6.687350e-02
-4.629732e-02
-9.134589e-04
-2.164084e-03
-1.823932e-05
-5.732956e-06
-2.684447e-07
-1.213641e-06
-8.571154e-07
1
10
9.234580e-01
6.160064e-02
-9.076378e-01
-2.307423e-02
-5.363016e-02
-2.053044e-04
-5.075456e-05
-2.522504e-06
-1.201247e-05
-1.735860e-05
2
12
1.168448e+00
-9.548955e-01
-6.246518e-02
-1.501736e-01
-4.383061e-04
-8.715631e-05
-4.070514e-06
-1.921970e-05
-2.193539e-05
-2.024060e-06
-6.156408e-06
3
13
1.040756e+00
-5.996137e-02
-9.767182e-01
-3.412640e-03
-3.704220e-04
-1.294048e-05
-5.597058e-05
-5.608101e-05
-2.689237e-06
-2.305286e-05
-6.201753e-06
4
14
8.261021e-01
-8.119723e-01
-1.261301e-02
-1.119972e-03
-3.219680e-05
-1.294291e-04
-1.127194e-04
-4.993467e-06
-3.791178e-05
-1.839674e-05
-3.300451e-06
5
14
5.705499e-01
-4.768473e-01
-8.221082e-02
-1.834670e-03
-6.159700e-03
-2.930993e-03
-6.466313e-05
-3.395234e-04
-6.955349e-05
-6.085354e-05
6
14
1.185425e+00
-8.872516e-01
-4.582083e-02
-1.630389e-01
-7.963002e-02
-1.559579e-03
-6.917517e-03
-7.881448e-04
-3.868586e-04
7
14
9.445951e-01
-9.952474e-02
-8.298034e-01
-4.317548e-01
-2.852442e-03
-6.169763e-03
-1.511706e-04
-1.029099e-04
7
14
3.138720e-02
8.272314e-01
-6.677303e-01
-1.053229e+00
-5.819240e-03
-7.135587e-03
6.526943e-04
1.055684e-04
7
14
6.401937e-06
5.664831e-03
5.722523e-01
-1.626203e+00
-5.969537e-03
3.638520e-03
1.898236e-03
2.695504e-04
8
14
-2.368748e-11
2.054820e-04
-2.335831e+00
-2.952321e-01
-1.178483e-01
2.839525e-02
4.273275e-03
9
14
2.694847e-08
-1.220829e+00
-1.258091e+00
-1.334186e+00
4.804255e-02
8.186982e-03
9
14
3.927897e-08
-4.824005e-02
-1.121269e-01
-4.447190e+00
1.320437e-01
4.627528e-02
9
14
2.043049e-08
3.221075e-02
1.672847e-02
6.022685e-01
-4.559755e+00
9.346146e-02
9
14
1.599637e-08
2.957371e-02
1.691722e-02
1.506122e+00
4.957384e-01
-4.376298e+00
0
10
-5.010772e-02
-5.254078e-02
-3.960623e-02
1.983419e-02
1.930932e-03
7.458515e-03
9.321194e-05
1.298640e-05
3.316579e-07
1.027938e-06
1.057501e-07
1
10
8.347329e-01
-7.968603e-01
-5.398233e-01
2.098880e-02
1.033423e-01
1.524954e-03
2.428618e-04
7.795034e-06
2.931336e-05
1.316449e-05
2
12
8.671192e-01
-1.483379e+00
1.623920e-02
1.725995e-01
3.247663e-03
5.255913e-04
1.727211e-05
6.682924e-05
4.068226e-05
3.516869e-07
-3.275313e-07
3
13
1.555571e-01
-1.956345e-01
-4.549625e-01
1.603114e-02
2.692623e-03
9.076544e-05
3.579626e-04
2.468179e-04
7.206402e-06
3.410032e-05
9.864028e-07
4
14
8.954576e-01
-1.441437e+00
4.223221e-02
7.342852e-03
2.495863e-04
9.881343e-04
6.950342e-04
2.122267e-05
1.158151e-04
1.372405e-05
-8.878944e-07
5
14
-2.781207e-01
-3.269136e-01
6.965588e-02
3.767062e-03
1.591442e-02
1.227325e-02
3.982410e-04
2.291155e-03
4.240297e-04
1.765328e-04
6
14
2.871348e-01
-9.857599e-01
-1.594392e-03
5.415340e-02
1.058065e-01
4.331716e-03
2.605516e-02
5.091443e-03
2.418285e-03
7
14
-1.421263e-01
-2.211220e-01
-7.425665e-01
3.262472e-01
1.818996e-02
8.737601e-02
9.799235e-03
2.756114e-03
7
14
1.977583e-02
6.510515e-01
-1.818695e+00
2.273314e-01
3.701620e-02
1.735492e-01
1.737753e-02
4.004895e-03
7
14
-1.517165e-05
2.839847e-03
-5.796032e-01
-3.387959e-01
5.767533e-02
2.654410e-01
2.601757e-02
5.964129e-03
8
14
-1.595565e-11
-7.594407e-03
-2.189697e+00
6.983464e-02
1.415783e+00
1.189076e-01
2.605585e-02
9
14
6.423075e-07
-1.276015e-01
-1.992811e+00
1.487772e+00
2.334392e-01
5.019266e-02
9
14
2.293504e-07
3.285386e-01
9.532764e-02
8.321482e-01
6.031054e-01
4.958541e-02
9
14
1.194966e-07
1.319649e-01
8.036834e-02
3.244821e+00
3.221533e+00
1.044086e+00
9
14
1.671526e-07
1.713023e-01
1.039137e-01
1.452534e+00
6.404325e+00
4.600995e+00
0
10
-6.708448e-02
-2.581040e-02
2.706078e-02
6.239590e-02
1.679518e-03
4.108433e-03
3.478278e-05
9.827453e-06
4.216303e-07
1.755383e-06
9.745400e-07
1
10
6.159834e-01
-1.228192e+00
4.761231e-01
3.884630e-02
9.748876e-02
4.010406e-04
9.834054e-05
4.840591e-06
2.260503e-05
2.295153e-05
2
12
4.331544e-01
-7.744835e-01
8.826544e-02
2.524752e-01
8.561997e-04
1.696329e-04
7.926895e-06
3.693112e-05
4.103852e-05
2.403557e-06
6.231740e-06
3
13
-3.045528e-01
-1.658474e-01
4.629157e-01
6.599828e-03
7.234265e-04
2.523597e-05
1.090841e-04
1.078360e-04
5.015749e-06
3.747304e-05
6.975556e-06
4
14
8.725032e-01
-8.994662e-01
2.411379e-02
2.184202e-03
6.292866e-05
2.529186e-04
2.193630e-04
9.660939e-06
7.289384e-05
2.630828e-05
2.727466e-06
5
14
-2.591424e-01
1.088001e-01
1.287266e-01
3.361012e-03
1.151960e-02
5.638946e-03
1.259605e-04
6.621526e-04
1.348709e-04
1.046671e-04
6
14
-2.727608e-01
-1.656841e-01
5.312021e-02
2.286438e-01
1.381086e-01
2.950237e-03
1.327209e-02
1.536547e-03
7.442088e-04
7
14
-8.264678e-01
-1.836450e-01
1.011713e-01
6.305984e-01
5.457230e-03
1.180537e-02
2.887301e-04
1.994468e-04
7
14
2.651845e-03
3.400392e-01
-1.733141e+00
1.220603e+00
1.124605e-02
1.389771e-02
-1.281516e-03
-2.073135e-04
7
14
-3.408998e-05
-9.001607e-04
-1.277779e+00
1.024008e+00
1.143919e-02
-7.101506e-03
-3.712941e-03
-5.286801e-04
8
14
1.314838e-11
-1.176594e-02
-4.520706e-01
2.856960e-01
2.012457e-01
-5.483189e-02
-8.312568e-03
9
14
-5.286147e-08
1.011700e+00
-1.104721e+00
9.579151e-01
-9.324347e-02
-1.593748e-02
9
14
-7.620887e-08
8.282578e-02
8.169460e-02
3.488329e+00
-2.362807e-01
-7.241010e-02
9
14
-3.971749e-08
-6.219206e-02
-3.246027e-02
-1.095549e+00
6.274742e+00
-1.795588e-01
9
14
-3.130555e-08
-5.750715e-02
-3.294064e-02
-2.336589e+00
-9.677019e-01
6.795638e+00
0