15
5
1.000000e+07
6.737950e+04
4.086770e+04
1.930450e+04
2.612590e+03
2.034680e+03
2.902320e+01
5.043480e+00
1.125400e+00
9.931200e-01
4.691200e-01
9.708000e-02
8.539700e-02
1.846700e-02
5.980400e-03
1.000000e-05
0.000000e+00
0.000000e+00
0.000000e+00
0.000000e+00
0.000000e+00
0.000000e+00
0.000000e+00
0.000000e+00
0.000000e+00
0.000000e+00
0.000000e+00
0.000000e+00
0.000000e+00
0.000000e+00
0.000000e+00
3.208330e-04
1.249986e-05
1.899319e-05
4.170680e-05
7.241572e-05
2.718243e-04
1.046440e-03
2.352316e-03
3.428021e-03
4.305286e-03
9.401248e-03
1.167763e-02
1.740934e-02
3.206318e-02
6.095855e-02
1.869159e-01
1.869159e-02
2.803738e-02
7.476635e-02
9.345794e-03
1.588785e-01
6.542056e-02
7.476635e-02
9.345794e-03
5.607476e-02
1.682243e-01
9.345794e-03
7.476635e-02
2.803738e-02
3.738318e-02
0.000000e+00
0.000000e+00
0.000000e+00
0.000000e+00
0.000000e+00
0.000000e+00
0.000000e+00
0.000000e+00
0.000000e+00
0.000000e+00
0.000000e+00
0.000000e+00
0.000000e+00
0.000000e+00
0.000000e+00
4.083113e-01
1.147443e+00
1.278174e+00
1.420297e+00
1.470875e+00
1.486975e+00
1.493739e+00
1.519081e+00
1.570535e+00
1.626163e+00
2.213374e+00
2.476595e+00
3.178900e+00
4.559500e+00
6.161089e+00
4.061404e-01
1.148653e+00
1.279011e+00
1.420585e+00
1.470957e+00
1.486993e+00
1.493750e+00
1.519084e+00
1.570535e+00
1.626163e+00
2.213374e+00
2.476595e+00
3.178900e+00
4.559500e+00
6.161089e+00
2.548029e+00
7.204038e-01
6.589768e-01
6.031236e-01
5.851773e-01
5.796469e-01
5.768706e-01
5.732964e-01
5.693694e-01
5.653295e-01
5.298890e-01
5.099431e-01
4.527660e-01
3.276542e-01
2.052963e-01
0.000000e+00
0.000000e+00
0.000000e+00
0.000000e+00
0.000000e+00
0.000000e+00
0.000000e+00
0.000000e+00
0.000000e+00
0.000000e+00
0.000000e+00
0.000000e+00
0.000000e+00
0.000000e+00
0.000000e+00
0.000000e+00
0.000000e+00
0.000000e+00
0.000000e+00
0.000000e+00
0.000000e+00
0.000000e+00
0.000000e+00
0.000000e+00
0.000000e+00
0.000000e+00
0.000000e+00
0.000000e+00
0.000000e+00
0.000000e+00
0
10
3.288523e-01
3.193496e-02
2.490440e-02
1.928091e-02
6.675871e-04
2.316904e-03
2.779106e-05
4.586599e-06
1.525946e-07
6.133918e-07
3.294132e-07
1
10
3.116155e-01
4.550616e-01
3.292200e-01
1.139918e-02
3.956172e-02
4.730030e-04
7.728551e-05
2.608791e-06
1.033747e-05
9.074724e-06
2
12
4.468509e-01
7.214831e-01
2.429258e-02
8.430927e-02
1.008017e-03
1.647035e-04
5.560920e-06
2.202728e-05
1.605982e-05
9.061650e-07
2.557190e-06
3
13
8.518772e-01
1.316043e-01
4.305442e-01
5.147647e-03
8.410817e-04
2.839573e-05
1.124870e-04
7.986570e-05
2.507652e-06
1.535701e-05
2.748435e-06
4
14
2.205854e-01
1.233267e+00
1.400487e-02
2.288276e-03
7.725373e-05
3.060309e-04
2.172837e-04
6.823394e-06
3.909194e-05
9.215482e-06
1.332767e-06
5
14
1.164994e+00
2.664459e-01
4.293208e-02
1.449448e-03
5.741691e-03
4.076599e-03
1.280156e-04
7.333805e-04
1.368231e-04
6.529251e-05
6
14
8.387484e-01
5.100051e-01
1.691873e-02
6.702000e-02
4.758421e-02
1.494263e-03
8.560403e-03
1.597047e-03
7.646586e-04
7
14
8.343441e-01
9.240831e-02
3.316707e-01
2.214390e-01
5.787227e-03
2.721833e-02
3.014797e-03
8.457502e-04
7
14
1.153516e-02
2.486730e-01
7.781816e-01
4.573515e-01
1.165174e-02
5.319665e-02
5.297269e-03
1.219977e-03
7
14
1.103890e-05
2.350631e-03
7.390732e-01
7.702216e-01
1.820297e-02
8.218244e-02
7.993174e-03
1.823245e-03
8
14
2.506540e-12
1.301511e-03
1.370386e+00
1.975934e-01
5.790260e-01
4.594491e-02
9.720518e-03
9
14
1.961931e-07
5.547652e-01
6.087351e-01
1.211576e+00
7.412956e-02
1.571076e-02
9
14
6.990487e-08
1.095258e-01
8.571185e-02
2.640199e+00
2.981112e-01
2.794295e-02
9
14
3.753278e-08
4.255296e-02
2.554395e-02
1.506595e+00
2.531451e+00
4.212945e-01
9
14
5.155164e-08
5.394107e-02
3.260351e-02
8.427596e-01
2.546190e+00
2.624637e+00
0
10
5.555190e-01
5.471387e-02
3.388954e-02
1.555968e-02
2.609495e-04
6.073285e-04
5.118931e-06
1.713198e-06
8.544839e-08
4.103306e-07
3.464962e-07
1
10
6.415580e-01
9.460517e-01
4.456835e-01
7.354266e-03
1.643290e-02
6.047563e-05
1.505050e-05
7.453811e-07
3.691925e-06
7.773330e-06
2
12
9.497577e-01
1.299111e+00
2.166852e-02
4.800136e-02
1.291925e-04
2.571690e-05
1.206732e-06
5.728020e-06
7.119489e-06
8.679156e-07
2.750367e-06
3
13
1.785273e+00
2.505374e-01
5.659240e-01
1.019004e-03
1.098221e-04
3.831824e-06
1.657766e-05
1.659277e-05
7.926079e-07
7.783867e-06
2.668793e-06
4
14
5.184735e-01
2.181324e+00
3.757792e-03
3.300581e-04
9.479637e-06
3.810680e-05
3.332831e-05
1.543582e-06
1.165116e-05
6.500551e-06
1.587649e-06
5
14
2.307616e+00
3.964155e-01
2.818480e-02
5.785615e-04
1.920467e-03
8.986885e-04
1.963720e-05
1.027788e-04
2.100805e-05
2.007984e-05
6
14
1.787931e+00
8.569660e-01
1.747314e-02
5.730065e-02
2.519335e-02
4.708103e-04
2.071940e-03
2.338088e-04
1.155022e-04
7
14
1.759679e+00
1.679471e-01
5.027822e-01
1.495401e-01
8.509990e-04
1.827573e-03
4.285190e-05
2.975654e-05
7
14
2.756058e-02
6.243731e-01
1.398447e+00
4.031003e-01
1.723531e-03
2.104237e-03
-1.916278e-04
-3.099084e-05
7
14
1.882005e-05
5.489701e-03
1.536011e+00
8.263892e-01
1.758468e-03
-1.157990e-03
-5.637992e-04
-7.984157e-05
8
14
3.502495e-12
2.570286e-03
2.047766e+00
1.828961e-01
4.497386e-02
-1.017644e-02
-1.547418e-03
9
14
-7.916376e-09
5.471157e-01
1.090642e+00
5.939804e-01
-1.431143e-02
-2.416394e-03
9
14
-1.142529e-08
1.016623e-02
4.363725e-02
2.005572e+00
-4.311673e-02
-1.691844e-02
9
14
-6.021541e-09
-9.558294e-03
-4.986892e-03
-2.103276e-01
1.654072e+00
-2.785164e-02
9
14
-4.702003e-09
-8.727906e-03
-4.992604e-03
-5.172634e-01
-1.657967e-01
1.508559e+00
0
10
4.940597e-01
1.825451e-02
-1.930165e-02
-3.601057e-02
-1.576074e-03
-5.639467e-03
-6.839449e-05
-1.065514e-05
-3.277784e-07
-1.224435e-06
-5.051829e-07
1
10
8.645570e-01
8.246758e-01
-2.888952e-01
-2.451986e-02
-9.263092e-02
-1.176063e-03
-1.906981e-04
-6.351275e-06
-2.477941e-05
-1.739011e-05
2
12
1.228133e+00
4.485788e-01
-4.442984e-02
-1.853513e-01
-2.506184e-03
-4.083137e-04
-1.367715e-05
-5.380500e-05
-3.716295e-05
-1.452078e-06
-3.446788e-06
3
13
1.823945e+00
1.604912e-01
-3.485735e-01
-1.269092e-02
-2.090702e-03
-7.055789e-05
-2.791153e-04
-1.964682e-04
-6.039971e-06
-3.388316e-05
-4.271533e-06
4
14
6.915616e-01
1.033263e+00
-3.414018e-02
-5.680691e-03
-1.921789e-04
-7.611330e-04
-5.389108e-04
-1.678092e-05
-9.481123e-05
-1.829468e-05
-1.540979e-06
5
14
1.890305e+00
-6.765462e-02
-8.966507e-02
-3.412671e-03
-1.376565e-02
-1.001168e-02
-3.174801e-04
-1.821161e-03
-3.389886e-04
-1.543969e-04
6
14
1.900137e+00
9.873041e-02
-2.654833e-02
-1.243610e-01
-1.069025e-01
-3.607112e-03
-2.095679e-02
-3.963598e-03
-1.892911e-03
7
14
1.785461e+00
8.324351e-02
-1.271618e-01
-4.489135e-01
-1.429810e-02
-6.766248e-02
-7.518605e-03
-2.108951e-03
7
14
3.393628e-02
8.183031e-01
7.951877e-01
-7.840092e-01
-2.883857e-02
-1.327126e-01
-1.323734e-02
-3.049245e-03
7
14
1.839970e-05
6.566987e-03
1.457484e+00
-8.623868e-01
-4.504095e-02
-2.045006e-01
-1.993558e-02
-4.554106e-03
8
14
-2.168690e-12
2.059679e-03
-1.526601e-01
-2.739177e-01
-1.375490e+00
-1.129374e-01
-2.408168e-02
9
14
-4.899702e-07
-7.161188e-01
2.245449e-01
-2.181959e+00
-1.828425e-01
-3.894921e-02
9
14
-1.729791e-07
-2.586418e-01
-1.524766e-01
-4.068249e+00
-6.478582e-01
-5.827831e-02
9
14
-9.297474e-08
-1.045545e-01
-6.298429e-02
-3.272845e+00
-4.859983e+00
-9.571157e-01
9
14
-1.284831e-07
-1.336102e-01
-8.083904e-02
-1.750827e+00
-5.784123e+00
-5.418956e+00
0
10
1.611933e-01
-3.568118e-02
-6.401527e-02
-4.456583e-02
-8.805881e-04
-2.085605e-03
-1.750522e-05
-5.413974e-06
-2.532071e-07
-1.159190e-06
-8.349627e-07
1
10
9.477690e-01
6.464397e-02
-9.328128e-01
-2.371941e-02
-5.513020e-02
-2.110041e-04
-5.215729e-05
-2.592458e-06
-1.234467e-05
-1.783698e-05
2
12
1.199097e+00
-9.793872e-01
-6.426056e-02
-1.545007e-01
-4.507972e-04
-8.960889e-05
-4.184620e-06
-1.975835e-05
-2.255799e-05
-2.074269e-06
-6.346023e-06
3
13
1.072728e+00
-5.925607e-02
-1.009248e+00
-3.535806e-03
-3.831434e-04
-1.336703e-05
-5.779104e-05
-5.786250e-05
-2.773692e-06
-2.375135e-05
-6.449292e-06
4
14
8.488925e-01
-8.343759e-01
-1.295747e-02
-1.150558e-03
-3.307609e-05
-1.329638e-04
-1.157977e-04
-5.129836e-06
-3.894714e-05
-1.889915e-05
-3.390585e-06
5
14
6.015775e-01
-5.020730e-01
-8.730870e-02
-1.948753e-03
-6.541551e-03
-3.109265e-03
-6.841711e-05
-3.583449e-04
-7.299014e-05
-6.380822e-05
6
14
1.222108e+00
-9.135944e-01
-4.739808e-02
-1.686885e-01
-8.240810e-02
-1.613977e-03
-7.157811e-03
-8.148936e-04
-3.993028e-04
7
14
9.704520e-01
-1.007861e-01
-8.550177e-01
-4.462205e-01
-2.935432e-03
-6.304801e-03
-1.476265e-04
-1.033537e-04
7
14
3.225068e-02
8.477348e-01
-6.854547e-01
-1.081992e+00
-5.978164e-03
-7.330454e-03
6.705204e-04
1.084516e-04
7
14
6.542602e-06
5.835414e-03
5.876820e-01
-1.673071e+00
-6.070770e-03
4.036644e-03
1.968570e-03
2.792053e-04
8
14
-7.764572e-12
3.290647e-05
-2.529222e+00
-4.283035e-01
-1.888151e-01
3.523481e-02
5.384979e-03
9
14
2.768541e-08
-1.253473e+00
-1.294952e+00
-1.369604e+00
4.935770e-02
8.410647e-03
9
14
3.971061e-08
-4.187330e-02
-1.000906e-01
-4.602726e+00
1.311122e-01
5.061700e-02
9
14
2.095505e-08
3.307940e-02
1.718984e-02
6.393564e-01
-4.692545e+00
8.914002e-02
9
14
1.642339e-08
3.037377e-02
1.737833e-02
1.545483e+00
5.301429e-01
-4.509185e+00
0
10
-4.816568e-02
-5.044033e-02
-3.893108e-02
1.854026e-02
1.846686e-03
7.142976e-03
8.928691e-05
1.247247e-05
3.218300e-07
1.001982e-06
1.047201e-07
1
10
8.570976e-01
-8.176121e-01
-5.552028e-01
2.156614e-02
1.062050e-01
1.567344e-03
2.496158e-04
8.011997e-06
3.013003e-05
1.353418e-05
2
12
8.910225e-01
-1.524235e+00
1.664899e-02
1.774179e-01
3.339986e-03
5.405430e-04
1.776395e-05
6.873394e-05
4.184992e-05
3.652578e-07
-3.356061e-07
3
13
1.679374e-01
-2.011324e-01
-4.756537e-01
1.657686e-02
2.784738e-03
9.387597e-05
3.702436e-04
2.553370e-04
7.458426e-06
3.536289e-05
1.033421e-06
4
14
9.197113e-01
-1.480600e+00
4.338556e-02
7.543383e-03
2.564024e-04
1.015120e-03
7.140153e-04
2.180226e-05
1.189780e-04
1.409885e-05
-9.121424e-07
5
14
-2.707349e-01
-3.531874e-01
7.290071e-02
3.970263e-03
1.678537e-02
1.295674e-02
4.205821e-04
2.420030e-03
4.480951e-04
1.870721e-04
6
14
3.043484e-01
-1.022333e+00
-1.822287e-03
5.542509e-02
1.091501e-01
4.473477e-03
2.691259e-02
5.259885e-03
2.498627e-03
7
14
-1.393557e-01
-2.273356e-01
-7.700734e-01
3.356472e-01
1.877952e-02
9.016090e-02
1.009258e-02
2.830181e-03
7
14
2.046642e-02
6.694894e-01
-1.866696e+00
2.335394e-01
3.802713e-02
1.782889e-01
1.785212e-02
4.114272e-03
7
14
-1.568329e-05
2.956584e-03
-5.878082e-01
-3.534666e-01
5.935951e-02
2.730929e-01
2.676446e-02
6.135446e-03
8
14
-5.206769e-12
-2.501243e-03
-2.474105e+00
6.510949e-03
1.746596e+00
1.465507e-01
3.182402e-02
9
14
6.598488e-07
-1.293444e-01
-2.047742e+00
1.530839e+00
2.398146e-01
5.156344e-02
9
14
2.279493e-07
3.261485e-01
1.029227e-01
9.540874e-01
6.575312e-01
5.050010e-02
9
14
1.228319e-07
1.355530e-01
8.256113e-02
3.317656e+00
3.334683e+00
1.089379e+00
9
14
1.722075e-07
1.764905e-01
1.070548e-01
1.497545e+00
6.580813e+00
4.761907e+00
0
10
-6.153515e-02
-2.658730e-02
2.463137e-02
5.979206e-02
1.618099e-03
3.958232e-03
3.328779e-05
9.313985e-06
4.013382e-07
1.686142e-06
9.501856e-07
1
10
6.330176e-01
-1.261679e+00
4.887902e-01
3.992998e-02
1.002125e-01
4.121744e-04
1.010593e-04
4.974678e-06
2.322874e-05
2.358598e-05
2
12
4.467092e-01
-7.977890e-01
9.077095e-02
2.597127e-01
8.805994e-04
1.744074e-04
8.149249e-06
3.796630e-05
4.219575e-05
2.467618e-06
6.425671e-06
3
13
-3.061938e-01
-1.734104e-01
4.718533e-01
6.837686e-03
7.482700e-04
2.606878e-05
1.126355e-04
1.112830e-04
5.175528e-06
3.867698e-05
7.258986e-06
4
14
8.964529e-01
-9.241514e-01
2.477233e-02
2.243851e-03
6.464722e-05
2.598257e-04
2.253537e-04
9.924775e-06
7.488454e-05
2.702676e-05
2.801952e-06
5
14
-2.649401e-01
1.055015e-01
1.365044e-01
3.568542e-03
1.223020e-02
5.981190e-03
1.332693e-04
6.988815e-04
1.415801e-04
1.100078e-04
6
14
-2.728700e-01
-1.803983e-01
5.484627e-02
2.363268e-01
1.428821e-01
3.052880e-03
1.373240e-02
1.588679e-03
7.682336e-04
7
14
-8.436796e-01
-1.913775e-01
9.669959e-02
6.509243e-01
5.617325e-03
1.206591e-02
2.816669e-04
2.002841e-04
7
14
2.841204e-03
3.500768e-01
-1.782810e+00
1.253939e+00
1.155319e-02
1.427727e-02
-1.316514e-03
-2.129753e-04
7
14
-3.522178e-05
-9.088019e-04
-1.310284e+00
1.045138e+00
1.163269e-02
-7.874439e-03
-3.850333e-03
-5.476072e-04
8
14
4.338166e-12
-3.839151e-03
-5.436693e-01
3.778226e-01
3.226600e-01
-6.804326e-02
-1.047127e-02
9
14
-5.430483e-08
1.038893e+00
-1.137292e+00
9.831050e-01
-9.579031e-02
-1.637276e-02
9
14
-7.702747e-08
7.150794e-02
7.143108e-02
3.697808e+00
-2.363345e-01
-7.878602e-02
9
14
-4.073882e-08
-6.386819e-02
-3.335336e-02
-1.156652e+00
6.458845e+00
-1.727164e-01
9
14
-3.214170e-08
-5.906484e-02
-3.383919e-02
-2.398878e+00
-1.027628e+00
6.998213e+00
0