1.890946397456427508e-01
1.159134736127402339e-03
1.425289738037759969e-03
4.066966579098504120e+00
2.096217190230167899e-06
3.719409999999999661e-01
2.534000000000000141e-01
1.142999999999999702e-03
4.465999999999998508e-04
2.786000000000000032e+00
0.000000000000000000e+00
1.202000000000000013e-01
5.784120825336052096e-01
8.869550110196956078e-04
3.490288941228107634e-04
1.414212781916206030e+00
0.000000000000000000e+00
5.033790000000001319e-01
1.165000000000000480e+00
7.943000000000000624e-04
3.586000000000000971e-04
6.986000000000001098e-01
0.000000000000000000e+00
1.394000000000000057e-03
1.295249222535324707e+00
8.668282613984222649e-04
4.492321566282161320e-04
6.407309392421998151e-01
0.000000000000000000e+00
2.607700000000000122e-03
1.402189411486120640e+00
1.087788995611860005e-03
6.634359405640198777e-04
5.986864367271725884e-01
0.000000000000000000e+00
3.207600000000000121e-04
1.429999999999999716e+00
1.229999999999999757e-03
8.135999999999996100e-04
5.885999999999999011e-01
0.000000000000000000e+00
4.830000000000000173e-05
1.445641458712567218e+00
1.624474196794088287e-03
1.101452598754195690e-03
5.828757901487747750e-01
0.000000000000000000e+00
7.169999999999999453e-05
1.466341838555997645e+00
3.810765619881335744e-03
2.550831670630613040e-03
5.746040082618526501e-01
0.000000000000000000e+00
3.272389999999999343e-05
1.475999999999999535e+00
7.887000000000001648e-03
5.913000000000001588e-03
5.687999999999997502e-01
0.000000000000000000e+00
5.364999999999999667e-07
1.482962570360409238e+00
1.855019256522512719e-02
1.130160108220654332e-02
5.632317330690430612e-01
0.000000000000000000e+00
1.053929999999999962e-06
1.486999999999999211e+00
8.026999999999999413e-03
1.420000000000000082e-02
5.602000000000000313e-01
0.000000000000000000e+00
3.888999999999999950e-08
1.475994686156803182e+00
5.430384652121605753e-03
4.480603680395604978e-03
5.704046053307700870e-01
0.000000000000000000e+00
4.508000000000000397e-08
1.491999999999999327e+00
2.783999999999998975e-02
1.942999999999999589e-02
5.564999999999998836e-01
0.000000000000000000e+00
1.261000000000000009e-08
1.506000000000000227e+00
5.436000000000005411e-02
3.287999999999999950e-02
5.447000000000000730e-01
0.000000000000000000e+00
8.664000000000000687e-09
1.488484857648790793e+00
2.122059744682043211e-02
1.287284977389171678e-02
5.619437919419095762e-01
0.000000000000000000e+00
1.766479999999999550e-08
1.508685993652971957e+00
7.843909589938326959e-03
6.282387761308078598e-03
5.653968374022410037e-01
0.000000000000000000e+00
5.937000000000000281e-10
1.545346574805871231e+00
1.225847746107821407e-02
1.886253091085048073e-02
5.514290214060234563e-01
0.000000000000000000e+00
3.377499999999999969e-10
1.728494642143143745e+00
2.156117912834868214e-02
1.594381183526590862e-01
4.720401823270695685e-01
0.000000000000000000e+00
1.928599999999999937e-10
1.729275250375424733e+00
1.307935600992367609e-01
7.852945039807955607e-02
5.021779534435066861e-01
0.000000000000000000e+00
1.726319999999999938e-10
2.351418030377468327e+00
5.915131771361152868e-01
3.493289735014259989e-01
3.643362506911915766e-01
0.000000000000000000e+00
6.385100000000000005e-11
2.427612191896876492e+00
2.467555381362976086e-01
1.426933414887131546e-01
4.306512921922137083e-01
0.000000000000000000e+00
7.659999999999999268e-12
2.556999999999999051e+00
2.420999999999998986e-01
1.380999999999999728e-01
4.261999999999999678e-01
0.000000000000000000e+00
1.985999999999999817e-12
2.778079804661045316e+00
2.566003360261392974e-01
1.439361225005788836e-01
4.115241245727842556e-01
0.000000000000000000e+00
4.591999999999999820e-12
3.769243293901614500e+00
3.791743690469858707e-01
2.057222307394991345e-01
3.380581990485236887e-01
0.000000000000000000e+00
4.576300000000000200e-12
5.914999999999999147e+00
8.598999999999997756e-01
4.571999999999998843e-01
1.795999999999999819e-01
0.000000000000000000e+00
6.916999999999999708e-14
7.695010712536727304e+00
1.360743082762003731e+00
7.209476156953980031e-01
1.253045678256613782e-01
0.000000000000000000e+00
3.152849999999999788e-14
1.874742281221499496e-01
0.000000000000000000e+00
8.295477490263812072e-04
4.193486054352445258e+00
0.000000000000000000e+00
5.607600000000000084e-02
2.530000000000000582e-01
0.000000000000000000e+00
5.777000000000000762e-06
2.856000000000000760e+00
0.000000000000000000e+00
9.346000000000000141e-03
5.794588836626776152e-01
0.000000000000000000e+00
7.144943143251648717e-06
1.444825675098603490e+00
0.000000000000000000e+00
1.308439999999999603e-01
1.180000000000000160e+00
0.000000000000000000e+00
1.358999999999999525e-05
7.039999999999995151e-01
0.000000000000000000e+00
9.346000000000000141e-03
1.312346686991347822e+00
0.000000000000000000e+00
2.196440909186552133e-05
6.450938408736502927e-01
0.000000000000000000e+00
4.673000000000000070e-02
1.420508018572933295e+00
0.000000000000000000e+00
3.776848075456828416e-05
6.027901395540097296e-01
0.000000000000000000e+00
2.803800000000000042e-02
1.449000000000000288e+00
0.000000000000000000e+00
4.907000000000000283e-05
5.927999999999997716e-01
0.000000000000000000e+00
9.346000000000000141e-03
1.464637143456469337e+00
0.000000000000000000e+00
6.396275701706233957e-05
5.873100128982732260e-01
0.000000000000000000e+00
2.803800000000000042e-02
1.483090989783006242e+00
0.000000000000000000e+00
1.333487153131283757e-04
5.809867848662835232e-01
0.000000000000000000e+00
7.476800000000000113e-02
1.489000000000000545e+00
0.000000000000000000e+00
2.259000000000000157e-04
5.789999999999999591e-01
0.000000000000000000e+00
9.346000000000000141e-03
1.490161015729850158e+00
0.000000000000000000e+00
3.575645145540617877e-04
5.785354267155065067e-01
0.000000000000000000e+00
5.607600000000000084e-02
1.490999999999999215e+00
0.000000000000000000e+00
5.427000000000000183e-04
5.780999999999997252e-01
0.000000000000000000e+00
9.346000000000000141e-03
1.491498697982050592e+00
0.000000000000000000e+00
6.557433647300194880e-04
5.779002604035897717e-01
0.000000000000000000e+00
1.869200000000000028e-02
1.493000000000000327e+00
0.000000000000000000e+00
7.897000000000002759e-04
5.774000000000001354e-01
0.000000000000000000e+00
9.346000000000000141e-03
1.493000000000000327e+00
0.000000000000000000e+00
8.949000000000001225e-04
5.771000000000001684e-01
0.000000000000000000e+00
9.346000000000000141e-03
1.496775343390466029e+00
0.000000000000000000e+00
1.528153880018782648e-03
5.757117169942647106e-01
0.000000000000000000e+00
6.542200000000000792e-02
1.524684025499202455e+00
0.000000000000000000e+00
2.512708915346395684e-03
5.728990531545889997e-01
0.000000000000000000e+00
1.869200000000000028e-02
1.549323166041057798e+00
0.000000000000000000e+00
3.029470531535289127e-03
5.709341016729224672e-01
0.000000000000000000e+00
2.803800000000000042e-02
1.583468697443450202e+00
0.000000000000000000e+00
3.669452366972844604e-03
5.683667578890803096e-01
0.000000000000000000e+00
2.803800000000000042e-02
1.679233091109826548e+00
0.000000000000000000e+00
4.851773768370381407e-03
5.624959440382258924e-01
0.000000000000000000e+00
6.542200000000000792e-02
2.041511308253524337e+00
0.000000000000000000e+00
7.924674600375077385e-03
5.421085877469904446e-01
0.000000000000000000e+00
1.121519999999999739e-01
2.337472025372024476e+00
0.000000000000000000e+00
1.046036465117945909e-02
5.212291079475714906e-01
0.000000000000000000e+00
2.803800000000000042e-02
2.476999999999998980e+00
0.000000000000000000e+00
1.168000000000000115e-02
5.098999999999999089e-01
0.000000000000000000e+00
9.346000000000000141e-03
2.699071591902523437e+00
0.000000000000000000e+00
1.355742641514587170e-02
4.914592271336465368e-01
0.000000000000000000e+00
2.803800000000000042e-02
3.659444894432105411e+00
0.000000000000000000e+00
2.203856410776060260e-02
4.110418932133115266e-01
0.000000000000000000e+00
7.476800000000000113e-02
5.635000000000000675e+00
0.000000000000000000e+00
5.124999999999998307e-02
2.276000000000000245e-01
0.000000000000000000e+00
9.346000000000000141e-03
7.215892559984523835e+00
0.000000000000000000e+00
8.039619920665636021e-02
1.606800817530959213e-01
0.000000000000000000e+00
2.803800000000000042e-02
