8.846425212568069518e-02
2.509563390690114359e-02
7.188301960601274632e-02
4.938813581887019485e-04
1.239644797843006104e-03
2.624442312402106513e-04
5.196168570228125737e-05
9.652143578568353293e-05
7.470660648562493106e-05
2.586346425437799431e-06
7.073923709502581571e-06
4.494427971639600763e-07
6.248583514822424842e-07
2.202327497327994372e-07
1.849850967629384468e-07
5.286642387304763348e-07
0.000000000000000000e+00
0.000000000000000000e+00
0.000000000000000000e+00
0.000000000000000000e+00
0.000000000000000000e+00
0.000000000000000000e+00
0.000000000000000000e+00
0.000000000000000000e+00
0.000000000000000000e+00
0.000000000000000000e+00
0.000000000000000000e+00
0.000000000000000000e+00
5.454030000000001377e-02
1.933488189999995888e-01
1.129074000000000093e-03
2.835681499999999355e-03
6.006846999999996802e-04
1.189478000000000540e-04
2.209673499999999029e-04
1.710435589999999436e-04
5.921418999999998371e-06
1.619814800000000130e-05
1.028980999999999703e-06
1.425476999999999523e-06
4.864537999999999325e-07
3.786328000000001478e-07
1.299589400000000741e-06
0.000000000000000000e+00
0.000000000000000000e+00
0.000000000000000000e+00
0.000000000000000000e+00
0.000000000000000000e+00
0.000000000000000000e+00
0.000000000000000000e+00
0.000000000000000000e+00
0.000000000000000000e+00
0.000000000000000000e+00
0.000000000000000000e+00
0.000000000000000000e+00
0.000000000000000000e+00
4.529089293018727091e-01
2.936647611722440973e-02
6.833159706326351335e-02
1.447897906754014134e-02
2.867316185819563257e-03
5.326729567755805576e-03
4.123429273805649664e-03
1.427623415371937084e-04
3.904812851822984888e-04
2.480816236730476191e-05
3.436719541410020303e-05
1.171839519488846010e-05
9.126397834858539004e-06
2.669118710384058856e-05
1.803682951729464006e-06
1.225013209887241260e-06
8.459134787153496047e-07
9.717927040940333199e-07
5.189823249734249459e-07
0.000000000000000000e+00
0.000000000000000000e+00
0.000000000000000000e+00
0.000000000000000000e+00
0.000000000000000000e+00
0.000000000000000000e+00
0.000000000000000000e+00
0.000000000000000000e+00
0.000000000000000000e+00
1.883575999999999584e-01
7.159201000000001702e-01
1.374477500000000352e-01
2.721945999999999394e-02
5.056678999999999341e-02
3.914393200000002015e-02
1.355247000000000179e-03
3.706866500000003707e-03
2.355102000000000952e-04
3.262571000000001869e-04
1.112421000000000373e-04
8.664188999999998032e-05
2.520288800000000141e-04
1.657771200000001527e-05
1.139333500000000058e-05
7.829557999999997112e-06
9.091858600000008361e-06
5.299162200000000118e-06
2.625723549999998937e-06
0.000000000000000000e+00
0.000000000000000000e+00
0.000000000000000000e+00
0.000000000000000000e+00
0.000000000000000000e+00
0.000000000000000000e+00
0.000000000000000000e+00
0.000000000000000000e+00
0.000000000000000000e+00
6.231017297462643212e-01
3.605053772366863529e-01
6.884080069203477037e-02
1.278832461295640321e-01
9.899368641347336406e-02
3.427387492160476057e-03
9.374546723699198753e-03
5.955909869669757115e-04
8.250805668791951234e-04
2.813344029971415173e-04
2.191052889111441237e-04
6.373748186440083901e-04
4.192061820761045437e-05
2.881017388107724126e-05
1.980437372346381930e-05
2.296614294633160064e-05
1.284566173224644359e-05
2.501875096542256522e-06
9.080434736653351376e-07
2.360386284413484740e-06
1.739185518182944286e-06
0.000000000000000000e+00
0.000000000000000000e+00
0.000000000000000000e+00
0.000000000000000000e+00
0.000000000000000000e+00
0.000000000000000000e+00
0.000000000000000000e+00
4.931753358543545795e-01
2.184437560997358474e-01
3.639152019474313215e-01
2.816899975050505822e-01
9.752557702376098495e-03
2.667500020260918023e-02
1.694729159630596355e-03
2.347741584440973459e-03
8.005241764035750645e-04
6.234571028393405632e-04
1.813602955993844079e-03
1.192818190662807811e-04
8.197686619149461824e-05
5.635268579889291966e-05
6.535379454391827131e-05
3.655129628095925574e-05
6.391202012868417136e-06
1.870580406387591479e-06
4.944166608242006655e-06
8.510177633765728721e-06
0.000000000000000000e+00
0.000000000000000000e+00
0.000000000000000000e+00
0.000000000000000000e+00
0.000000000000000000e+00
0.000000000000000000e+00
0.000000000000000000e+00
0.000000000000000000e+00
2.225004000000000148e-01
6.690056999999997034e-01
4.647140499999996566e-01
1.608946999999999461e-02
4.400768000000002816e-02
2.795925999999998492e-03
3.873249999999999089e-03
1.320688999999999674e-03
1.028564999999999514e-03
2.992057499999999527e-03
1.967957099999998621e-04
1.352417499999999592e-04
9.296613999999995962e-05
1.078136500000000922e-04
6.029717500000000770e-05
1.054571500000000411e-05
3.085734999999999857e-06
8.159002999999999173e-06
1.417412099999999778e-05
0.000000000000000000e+00
0.000000000000000000e+00
0.000000000000000000e+00
0.000000000000000000e+00
0.000000000000000000e+00
0.000000000000000000e+00
0.000000000000000000e+00
0.000000000000000000e+00
0.000000000000000000e+00
5.065770157261693107e-01
8.143173910551300132e-01
2.740257725458345589e-02
7.495114854672144111e-02
4.761840320967461633e-03
6.596673262075928613e-03
2.249308130171970201e-03
1.751785925919953617e-03
5.095884298404346549e-03
3.351589233127106899e-04
2.303416129188844109e-04
1.583391137904481907e-04
1.836258747352860000e-04
1.026978322903675619e-04
1.796040451188202639e-05
5.255594771887986046e-06
1.388938058020535278e-05
2.387187717320294166e-05
4.300292959169569765e-07
0.000000000000000000e+00
0.000000000000000000e+00
0.000000000000000000e+00
0.000000000000000000e+00
0.000000000000000000e+00
0.000000000000000000e+00
0.000000000000000000e+00
0.000000000000000000e+00
0.000000000000000000e+00
8.856878017156003535e-01
1.345645414487771641e-01
3.445108791063036247e-01
2.188705524076306128e-02
3.032059514258604246e-02
1.033859457086992728e-02
8.051817309976659967e-03
2.342240842760272279e-02
1.540510016370925809e-03
1.058713710729831297e-03
7.277844329477646448e-04
8.439935216770663674e-04
4.720405315861751576e-04
8.254567516036879170e-05
2.415840777755874736e-05
6.384733230579133715e-05
1.003716895923652036e-04
6.081239250429329850e-06
6.055790941110649360e-06
0.000000000000000000e+00
0.000000000000000000e+00
0.000000000000000000e+00
0.000000000000000000e+00
0.000000000000000000e+00
0.000000000000000000e+00
0.000000000000000000e+00
0.000000000000000000e+00
0.000000000000000000e+00
2.285589999999999289e-01
9.798517699999997888e-01
5.784017999999999105e-02
8.012718999999997316e-02
2.732145000000000407e-02
2.127828999999999485e-02
6.189758299999995744e-02
4.071067000000000262e-03
2.797824899999998543e-03
1.923294600000000727e-03
2.230408199999999331e-03
1.247454779999999539e-03
2.181486699999999376e-04
6.384238999999997609e-05
1.687273400000000500e-04
2.652413299999999727e-04
1.441592000000000004e-05
1.803390800000000216e-05
0.000000000000000000e+00
0.000000000000000000e+00
0.000000000000000000e+00
0.000000000000000000e+00
0.000000000000000000e+00
0.000000000000000000e+00
0.000000000000000000e+00
0.000000000000000000e+00
0.000000000000000000e+00
0.000000000000000000e+00
7.751802576121922250e-01
1.629908578878990211e-01
2.098879017182425644e-01
7.156199716817969458e-02
5.573336106881882773e-02
1.621261143975530894e-01
1.066317675729081850e-02
7.328253875406375711e-03
5.037598424162020513e-03
5.841984683422426876e-03
3.267363716544215146e-03
5.713726909301261592e-04
1.672187604108630308e-04
4.419409178163851630e-04
6.947509347740955321e-04
3.775826514359814428e-05
4.760901567055740580e-05
0.000000000000000000e+00
0.000000000000000000e+00
0.000000000000000000e+00
0.000000000000000000e+00
0.000000000000000000e+00
0.000000000000000000e+00
0.000000000000000000e+00
0.000000000000000000e+00
0.000000000000000000e+00
0.000000000000000000e+00
0.000000000000000000e+00
2.298535999999999080e-01
5.312976000000001475e-01
1.574265999999999444e-01
1.226051999999999281e-01
3.566544500000004003e-01
2.345748600000000655e-02
1.612110299999999774e-02
1.108198300000000011e-02
1.285154570000000482e-02
7.187740500000006430e-03
1.256953300000000643e-03
3.678538999999999984e-04
9.722201999999994029e-04
1.528354199999999198e-03
8.305134000000001179e-05
1.050080899999999875e-04
0.000000000000000000e+00
0.000000000000000000e+00
0.000000000000000000e+00
0.000000000000000000e+00
0.000000000000000000e+00
0.000000000000000000e+00
0.000000000000000000e+00
0.000000000000000000e+00
0.000000000000000000e+00
0.000000000000000000e+00
0.000000000000000000e+00
0.000000000000000000e+00
3.926897619029482422e-01
2.656307641759914628e-01
1.798388551098133170e-01
5.230234834436601199e-01
3.439972900572491749e-02
2.364115129778680130e-02
1.625145222392498229e-02
1.884643011697406667e-02
1.054063029255093709e-02
1.843272733312778522e-03
5.394511755805023222e-04
1.425721769685702562e-03
2.241271115500218306e-03
1.218097252380347459e-04
1.540920551199694759e-04
0.000000000000000000e+00
0.000000000000000000e+00
0.000000000000000000e+00
0.000000000000000000e+00
0.000000000000000000e+00
0.000000000000000000e+00
0.000000000000000000e+00
0.000000000000000000e+00
0.000000000000000000e+00
0.000000000000000000e+00
0.000000000000000000e+00
0.000000000000000000e+00
0.000000000000000000e+00
2.284109999999999474e-01
3.295125999999999333e-01
7.558839099999994371e-01
4.970967999999997139e-02
3.416296000000000610e-02
2.348435899999999632e-02
2.723425299999998606e-02
1.523186510000000549e-02
2.663640799999998209e-03
7.795483999999999443e-04
2.060259700000000287e-03
3.238781199999998806e-03
1.760283999999999222e-04
2.227816899999999470e-04
0.000000000000000000e+00
0.000000000000000000e+00
0.000000000000000000e+00
0.000000000000000000e+00
0.000000000000000000e+00
0.000000000000000000e+00
0.000000000000000000e+00
0.000000000000000000e+00
0.000000000000000000e+00
0.000000000000000000e+00
0.000000000000000000e+00
0.000000000000000000e+00
0.000000000000000000e+00
0.000000000000000000e+00
2.284817000000000375e-01
1.040519570000000726e+00
6.385692000000001145e-02
4.388559000000000210e-02
3.016793200000000494e-02
3.498496499999998594e-02
1.956678000000001277e-02
3.421699000000002003e-03
1.001395999999999883e-03
2.646593900000002511e-03
4.160514200000001508e-03
2.261225000000000767e-04
2.862519799999998864e-04
0.000000000000000000e+00
0.000000000000000000e+00
0.000000000000000000e+00
0.000000000000000000e+00
0.000000000000000000e+00
0.000000000000000000e+00
0.000000000000000000e+00
0.000000000000000000e+00
0.000000000000000000e+00
0.000000000000000000e+00
0.000000000000000000e+00
0.000000000000000000e+00
0.000000000000000000e+00
0.000000000000000000e+00
0.000000000000000000e+00
8.459487232720778183e-01
2.074873021634903725e-01
1.349788742895200733e-01
9.251235366631072043e-02
1.067607747301388410e-01
5.809537362653754977e-02
9.587025449507168354e-03
2.727440536699117686e-03
6.956741173903264845e-03
9.619379053772685040e-03
4.303524934240682623e-04
5.066073322093119901e-04
0.000000000000000000e+00
0.000000000000000000e+00
0.000000000000000000e+00
0.000000000000000000e+00
0.000000000000000000e+00
0.000000000000000000e+00
0.000000000000000000e+00
0.000000000000000000e+00
0.000000000000000000e+00
0.000000000000000000e+00
0.000000000000000000e+00
0.000000000000000000e+00
0.000000000000000000e+00
0.000000000000000000e+00
0.000000000000000000e+00
9.309740347934411259e-04
3.982762088517259325e-01
3.923372645491192690e-01
2.366809792017873781e-01
2.711126267898389397e-01
1.437142261896076911e-01
2.203019732018962965e-02
6.018164863133437445e-03
1.455557290297000358e-02
1.589731609521555580e-02
3.732205721845784259e-04
2.694871070343785968e-04
0.000000000000000000e+00
0.000000000000000000e+00
0.000000000000000000e+00
0.000000000000000000e+00
0.000000000000000000e+00
0.000000000000000000e+00
0.000000000000000000e+00
0.000000000000000000e+00
0.000000000000000000e+00
0.000000000000000000e+00
0.000000000000000000e+00
0.000000000000000000e+00
0.000000000000000000e+00
0.000000000000000000e+00
0.000000000000000000e+00
0.000000000000000000e+00
1.867844194597808585e-03
4.346286572693656147e-01
3.943380618485065048e-01
3.980986994845510663e-01
2.113888528420010959e-01
3.229638823131868175e-02
8.814022241249797399e-03
2.127819559270952010e-02
2.315765495012019060e-02
5.414121860979904379e-04
3.906934710626974836e-04
0.000000000000000000e+00
0.000000000000000000e+00
0.000000000000000000e+00
0.000000000000000000e+00
0.000000000000000000e+00
0.000000000000000000e+00
0.000000000000000000e+00
0.000000000000000000e+00
0.000000000000000000e+00
0.000000000000000000e+00
0.000000000000000000e+00
0.000000000000000000e+00
0.000000000000000000e+00
0.000000000000000000e+00
0.000000000000000000e+00
0.000000000000000000e+00
8.895161137465024240e-12
3.517439020614253169e-03
4.840042482376549771e-01
6.402494083167538097e-01
3.132900452886849263e-01
4.808190403390641410e-02
1.309208073586567121e-02
3.153476211249102434e-02
3.402084033189932410e-02
7.889363609132358851e-04
5.690073030343073459e-04
0.000000000000000000e+00
0.000000000000000000e+00
0.000000000000000000e+00
0.000000000000000000e+00
0.000000000000000000e+00
0.000000000000000000e+00
0.000000000000000000e+00
0.000000000000000000e+00
0.000000000000000000e+00
0.000000000000000000e+00
0.000000000000000000e+00
0.000000000000000000e+00
0.000000000000000000e+00
0.000000000000000000e+00
0.000000000000000000e+00
0.000000000000000000e+00
0.000000000000000000e+00
4.282796015578778552e-09
4.002261423082039034e-03
8.039888165928775754e-01
6.209851585565725474e-01
8.592043916726652131e-02
2.301431628958416561e-02
5.445642610927010907e-02
5.645447736926208909e-02
1.252120527211542664e-03
8.981023078487621221e-04
0.000000000000000000e+00
0.000000000000000000e+00
0.000000000000000000e+00
0.000000000000000000e+00
0.000000000000000000e+00
0.000000000000000000e+00
0.000000000000000000e+00
0.000000000000000000e+00
0.000000000000000000e+00
0.000000000000000000e+00
0.000000000000000000e+00
0.000000000000000000e+00
0.000000000000000000e+00
0.000000000000000000e+00
0.000000000000000000e+00
0.000000000000000000e+00
0.000000000000000000e+00
0.000000000000000000e+00
1.361651668949106677e-09
9.044265064144780750e-03
1.149386411771669891e+00
3.674898139881269121e-01
8.490050561672755902e-02
1.972130735073867880e-01
1.876099857173607333e-01
3.773752254952425066e-03
2.677285732674920034e-03
0.000000000000000000e+00
0.000000000000000000e+00
0.000000000000000000e+00
0.000000000000000000e+00
0.000000000000000000e+00
0.000000000000000000e+00
0.000000000000000000e+00
0.000000000000000000e+00
0.000000000000000000e+00
0.000000000000000000e+00
0.000000000000000000e+00
0.000000000000000000e+00
0.000000000000000000e+00
0.000000000000000000e+00
0.000000000000000000e+00
0.000000000000000000e+00
0.000000000000000000e+00
0.000000000000000000e+00
1.401554132908936348e-12
2.012260168419488705e-05
1.994548601907811525e-01
1.032458044475719428e+00
2.702110499481382155e-01
4.100606617011093857e-01
3.613372800128309970e-01
6.852311638360373061e-03
4.792270205147786295e-03
0.000000000000000000e+00
0.000000000000000000e+00
0.000000000000000000e+00
0.000000000000000000e+00
0.000000000000000000e+00
0.000000000000000000e+00
0.000000000000000000e+00
0.000000000000000000e+00
0.000000000000000000e+00
0.000000000000000000e+00
0.000000000000000000e+00
0.000000000000000000e+00
0.000000000000000000e+00
0.000000000000000000e+00
0.000000000000000000e+00
0.000000000000000000e+00
0.000000000000000000e+00
0.000000000000000000e+00
0.000000000000000000e+00
9.182513799099994295e-06
7.087500394999995956e-02
4.743303199999998054e-01
5.982809999999997297e-01
8.140242999999995899e-01
4.464014000000000038e-01
9.005145999999996861e-03
6.288084499999997343e-03
0.000000000000000000e+00
0.000000000000000000e+00
0.000000000000000000e+00
0.000000000000000000e+00
0.000000000000000000e+00
0.000000000000000000e+00
0.000000000000000000e+00
0.000000000000000000e+00
0.000000000000000000e+00
0.000000000000000000e+00
0.000000000000000000e+00
0.000000000000000000e+00
0.000000000000000000e+00
0.000000000000000000e+00
0.000000000000000000e+00
0.000000000000000000e+00
0.000000000000000000e+00
0.000000000000000000e+00
0.000000000000000000e+00
4.793240124411534748e-06
3.572907794422458538e-02
1.532049496145998502e-01
1.780669262922021379e-01
1.405885098911562103e+00
8.430897328845015082e-01
1.066994454521987164e-02
7.646215559684111165e-03
2.192688344772985243e+00
0.000000000000000000e+00
0.000000000000000000e+00
0.000000000000000000e+00
0.000000000000000000e+00
0.000000000000000000e+00
0.000000000000000000e+00
0.000000000000000000e+00
0.000000000000000000e+00
0.000000000000000000e+00
0.000000000000000000e+00
0.000000000000000000e+00
0.000000000000000000e+00
0.000000000000000000e+00
0.000000000000000000e+00
0.000000000000000000e+00
0.000000000000000000e+00
0.000000000000000000e+00
0.000000000000000000e+00
1.881310464179122208e-06
1.241407043801908555e-02
4.929658437834473494e-02
3.549020046441588028e-02
3.190670682647476775e-01
3.032638502673681735e+00
7.806287614250442819e-02
3.647174384201647829e-02
1.000000000000000000e+01
0.000000000000000000e+00
0.000000000000000000e+00
0.000000000000000000e+00
0.000000000000000000e+00
0.000000000000000000e+00
0.000000000000000000e+00
0.000000000000000000e+00
0.000000000000000000e+00
0.000000000000000000e+00
0.000000000000000000e+00
0.000000000000000000e+00
0.000000000000000000e+00
0.000000000000000000e+00
0.000000000000000000e+00
0.000000000000000000e+00
0.000000000000000000e+00
0.000000000000000000e+00
0.000000000000000000e+00
1.655011176400000429e-06
9.623627672999989988e-03
3.674572800000000528e-02
2.806863999999999887e-02
1.547981699999998739e-01
3.205765379999999443e+00
1.259265999999999552e+00
7.639586500000000724e-01
1.000000000000001421e+01
0.000000000000000000e+00
0.000000000000000000e+00
0.000000000000000000e+00
0.000000000000000000e+00
0.000000000000000000e+00
0.000000000000000000e+00
0.000000000000000000e+00
0.000000000000000000e+00
0.000000000000000000e+00
0.000000000000000000e+00
0.000000000000000000e+00
0.000000000000000000e+00
0.000000000000000000e+00
0.000000000000000000e+00
0.000000000000000000e+00
0.000000000000000000e+00
0.000000000000000000e+00
0.000000000000000000e+00
2.362386478545339613e-06
1.358053805306213592e-02
5.122313984344403770e-02
3.908984714464996263e-02
2.211380390181196254e-01
2.994474239282880035e+00
1.529938038381494447e+00
2.124754486258882302e+00
8.572476179514262884e-02
2.520407430275949795e-02
7.342811315526526217e-02
5.055934036545604426e-04
1.269767962408451314e-03
2.689591210974867316e-04
5.325754764951518911e-05
9.893382632157145305e-05
7.657863698750000294e-05
2.651235541741831654e-06
7.251434410129876229e-06
4.607230064868553848e-07
6.405786924490792424e-07
2.258955306667682845e-07
1.898375781373505085e-07
5.415309503953143637e-07
0.000000000000000000e+00
0.000000000000000000e+00
0.000000000000000000e+00
0.000000000000000000e+00
0.000000000000000000e+00
0.000000000000000000e+00
0.000000000000000000e+00
0.000000000000000000e+00
0.000000000000000000e+00
0.000000000000000000e+00
0.000000000000000000e+00
0.000000000000000000e+00
5.224048000000001968e-02
1.955051879999998299e-01
1.159035999999999574e-03
2.911762799999999870e-03
6.169546999999994414e-04
1.221760000000000445e-04
2.269699600000001907e-04
1.756949739999999049e-04
6.082527999999997170e-06
1.663888900000000081e-05
1.056980000000000509e-06
1.464265399999999747e-06
4.996908999999997672e-07
3.889358999999999907e-07
1.334953000000000320e-06
0.000000000000000000e+00
0.000000000000000000e+00
0.000000000000000000e+00
0.000000000000000000e+00
0.000000000000000000e+00
0.000000000000000000e+00
0.000000000000000000e+00
0.000000000000000000e+00
0.000000000000000000e+00
0.000000000000000000e+00
0.000000000000000000e+00
0.000000000000000000e+00
0.000000000000000000e+00
4.520004974808668474e-01
2.972010913721908135e-02
6.973083341239269539e-02
1.477599801912739264e-02
2.926145337207866019e-03
5.436027600418700395e-03
4.208044649369442093e-03
1.456920299163716264e-04
3.984945608548983820e-04
2.531726451926476681e-05
3.507246701969618904e-05
1.195887642096354951e-05
9.313687399825744471e-06
2.724068386932849606e-05
1.841034180968666598e-06
1.250002042538281701e-06
8.631674918881422855e-07
9.908794541269726947e-07
5.283347898887914347e-07
0.000000000000000000e+00
0.000000000000000000e+00
0.000000000000000000e+00
0.000000000000000000e+00
0.000000000000000000e+00
0.000000000000000000e+00
0.000000000000000000e+00
0.000000000000000000e+00
0.000000000000000000e+00
1.841487999999999736e-01
7.277438699999998484e-01
1.411984700000000204e-01
2.796221999999999944e-02
5.194669999999998455e-02
4.021215799999999091e-02
1.392231999999999541e-03
3.808028099999997192e-03
2.419372999999999240e-04
3.351606999999999503e-04
1.142778999999999719e-04
8.900636999999997974e-05
2.589068200000000752e-04
1.703012800000000481e-05
1.170426299999999274e-05
8.043229999999994818e-06
9.339976200000001271e-06
5.443777699999991822e-06
2.697381239999999923e-06
0.000000000000000000e+00
0.000000000000000000e+00
0.000000000000000000e+00
0.000000000000000000e+00
0.000000000000000000e+00
0.000000000000000000e+00
0.000000000000000000e+00
0.000000000000000000e+00
0.000000000000000000e+00
6.240218845853511276e-01
3.685342652471105818e-01
7.067941463239064970e-02
1.313044571138565486e-01
1.016434234546845228e-01
3.519127756847308282e-03
9.625473890534497548e-03
6.115329748262314817e-04
8.471652786427205347e-04
2.888648075532531680e-04
2.249700320981102577e-04
6.544352838210472628e-04
4.304270001538858329e-05
2.958133080498365295e-05
2.033447278919535899e-05
2.358087208372358244e-05
1.318950075739109945e-05
2.569450442677386791e-06
9.329453879824106181e-07
2.423894242294290021e-06
1.784115608513923338e-06
0.000000000000000000e+00
0.000000000000000000e+00
0.000000000000000000e+00
0.000000000000000000e+00
0.000000000000000000e+00
0.000000000000000000e+00
0.000000000000000000e+00
4.905693466220908405e-01
2.215211763983242488e-01
3.737589093562438403e-01
2.893273759747150842e-01
1.001717263868447463e-02
2.739883984815685500e-02
1.740720273522432856e-03
2.411455372523966384e-03
8.222492743264315194e-04
6.403767793414661541e-04
1.862821912225369860e-03
1.225190073819273418e-04
8.420163073447902531e-05
5.788203311807699192e-05
6.712742671991111143e-05
3.754325422927030182e-05
6.564646550330253371e-06
1.921344534978454881e-06
5.078345789413947668e-06
8.741103311630803952e-06
0.000000000000000000e+00
0.000000000000000000e+00
0.000000000000000000e+00
0.000000000000000000e+00
0.000000000000000000e+00
0.000000000000000000e+00
0.000000000000000000e+00
0.000000000000000000e+00
2.178081999999998963e-01
6.786039999999995409e-01
4.774046100000003401e-01
1.652885000000000118e-02
4.520945400000000308e-02
2.872277999999999377e-03
3.979021999999998727e-03
1.356755000000000070e-03
1.056652999999999629e-03
3.073765299999998372e-03
2.021698299999999447e-04
1.389349699999999814e-04
9.550488000000000640e-05
1.107578689999999262e-04
6.194378799999998163e-05
1.083369999999999760e-05
3.170000999999999958e-06
8.381811999999997737e-06
1.456119100000000592e-05
0.000000000000000000e+00
0.000000000000000000e+00
0.000000000000000000e+00
0.000000000000000000e+00
0.000000000000000000e+00
0.000000000000000000e+00
0.000000000000000000e+00
0.000000000000000000e+00
0.000000000000000000e+00
5.038782322215823450e-01
8.334559609496974275e-01
2.814622635170780859e-02
7.698516969868474114e-02
4.891066979652862641e-03
6.775693615626994862e-03
2.310349829104573795e-03
1.799326050214004793e-03
5.234175841163793766e-03
3.442544626060758430e-04
2.365925927509470816e-04
1.626361117526029323e-04
1.886091096789358108e-04
1.054848385367423568e-04
1.844781407396197989e-05
5.398220394687164280e-06
1.426630956657785548e-05
2.452003250492232998e-05
4.413410325714875094e-07
0.000000000000000000e+00
0.000000000000000000e+00
0.000000000000000000e+00
0.000000000000000000e+00
0.000000000000000000e+00
0.000000000000000000e+00
0.000000000000000000e+00
0.000000000000000000e+00
0.000000000000000000e+00
8.912902090476286787e-01
1.368670399129040538e-01
3.534444012146391589e-01
2.245520370712205532e-02
3.110766332232375517e-02
1.060696634008972787e-02
8.260827975539987433e-03
2.403041280426351442e-02
1.580499187845710307e-03
1.086196013295827106e-03
7.466764250832077197e-04
8.659020439671141203e-04
4.842938580223900150e-04
8.468841031295817022e-05
2.478551649052557082e-05
6.550469910361726982e-05
1.029771625361213623e-04
6.241899001594953809e-06
6.209877765373998249e-06
0.000000000000000000e+00
0.000000000000000000e+00
0.000000000000000000e+00
0.000000000000000000e+00
0.000000000000000000e+00
0.000000000000000000e+00
0.000000000000000000e+00
0.000000000000000000e+00
0.000000000000000000e+00
2.228060000000000040e-01
9.972087699999993005e-01
5.941982000000003289e-02
8.231550999999998064e-02
2.806761000000002407e-02
2.185941000000000620e-02
6.358804099999999793e-02
4.182250000000001071e-03
2.874235499999999895e-03
1.975820700000000332e-03
2.291321799999999648e-03
1.281523480000000591e-03
2.241064300000000288e-04
6.558596000000000250e-05
1.733353700000002222e-04
2.724852200000001416e-04
1.480963000000001359e-05
1.852641800000000535e-05
0.000000000000000000e+00
0.000000000000000000e+00
0.000000000000000000e+00
0.000000000000000000e+00
0.000000000000000000e+00
0.000000000000000000e+00
0.000000000000000000e+00
0.000000000000000000e+00
0.000000000000000000e+00
0.000000000000000000e+00
7.768940058965123630e-01
1.656192426278685348e-01
2.153368873606213707e-01
7.342430588771405031e-02
5.718375095152734150e-02
1.663452330486024366e-01
1.094067081182440587e-02
7.518961852815407923e-03
5.168695688622808142e-03
5.994014838220072111e-03
3.352392739019643270e-03
5.862419294548444019e-04
1.715704267420415101e-04
4.534418906476631625e-04
7.128309752845846635e-04
3.874087559342501342e-05
4.884767661744325497e-05
0.000000000000000000e+00
0.000000000000000000e+00
0.000000000000000000e+00
0.000000000000000000e+00
0.000000000000000000e+00
0.000000000000000000e+00
0.000000000000000000e+00
0.000000000000000000e+00
0.000000000000000000e+00
0.000000000000000000e+00
0.000000000000000000e+00
2.230255999999999350e-01
5.362489999999997536e-01
1.617259999999999254e-01
1.259535999999999989e-01
3.663949099999999071e-01
2.409811799999999823e-02
1.656137999999999708e-02
1.138463899999999328e-02
1.320252930000000852e-02
7.384041999999994312e-03
1.291281499999999112e-03
3.779003000000000180e-04
9.987720999999998017e-04
1.570094499999997962e-03
8.531951999999995591e-05
1.078759199999998675e-04
0.000000000000000000e+00
0.000000000000000000e+00
0.000000000000000000e+00
0.000000000000000000e+00
0.000000000000000000e+00
0.000000000000000000e+00
0.000000000000000000e+00
0.000000000000000000e+00
0.000000000000000000e+00
0.000000000000000000e+00
0.000000000000000000e+00
0.000000000000000000e+00
3.877882361996856653e-01
2.680347279650499570e-01
1.846914270977552675e-01
5.372517600285517947e-01
3.533554339466567218e-02
2.428428351410699682e-02
1.669355643081370938e-02
1.935912829975971680e-02
1.082737725308360356e-02
1.893417089050135425e-03
5.541263883241632441e-04
1.464507091827775076e-03
2.302242658731414385e-03
1.251234111528777364e-04
1.582839571401516436e-04
0.000000000000000000e+00
0.000000000000000000e+00
0.000000000000000000e+00
0.000000000000000000e+00
0.000000000000000000e+00
0.000000000000000000e+00
0.000000000000000000e+00
0.000000000000000000e+00
0.000000000000000000e+00
0.000000000000000000e+00
0.000000000000000000e+00
0.000000000000000000e+00
0.000000000000000000e+00
2.231719000000000896e-01
3.288554000000000754e-01
7.764477800000005869e-01
5.106726000000000321e-02
3.509596000000003019e-02
2.412572600000000705e-02
2.797803299999998203e-02
1.564785300000000670e-02
2.736385899999999038e-03
8.008382000000005075e-04
2.116526100000000118e-03
3.327233699999998691e-03
1.808358000000000957e-04
2.288660000000001225e-04
0.000000000000000000e+00
0.000000000000000000e+00
0.000000000000000000e+00
0.000000000000000000e+00
0.000000000000000000e+00
0.000000000000000000e+00
0.000000000000000000e+00
0.000000000000000000e+00
0.000000000000000000e+00
0.000000000000000000e+00
0.000000000000000000e+00
0.000000000000000000e+00
0.000000000000000000e+00
0.000000000000000000e+00
2.232479000000000546e-01
1.059361340000000595e+00
6.560087000000004720e-02
4.508411000000001057e-02
3.099182600000005214e-02
3.594041700000003697e-02
2.010115700000002226e-02
3.515146999999999283e-03
1.028744000000000490e-03
2.718873400000000693e-03
4.274139400000005924e-03
2.322979000000000244e-04
2.940695700000002088e-04
0.000000000000000000e+00
0.000000000000000000e+00
0.000000000000000000e+00
0.000000000000000000e+00
0.000000000000000000e+00
0.000000000000000000e+00
0.000000000000000000e+00
0.000000000000000000e+00
0.000000000000000000e+00
0.000000000000000000e+00
0.000000000000000000e+00
0.000000000000000000e+00
0.000000000000000000e+00
0.000000000000000000e+00
0.000000000000000000e+00
8.500909293120353372e-01
2.116915643409336689e-01
1.386279716008326779e-01
9.501642302059905287e-02
1.096509227354277860e-01
5.966926158952241821e-02
9.847174690560756352e-03
2.801511559017876712e-03
7.145872841260511935e-03
9.882001382932759787e-03
4.421896152077113844e-04
5.205861971472443500e-04
0.000000000000000000e+00
0.000000000000000000e+00
0.000000000000000000e+00
0.000000000000000000e+00
0.000000000000000000e+00
0.000000000000000000e+00
0.000000000000000000e+00
0.000000000000000000e+00
0.000000000000000000e+00
0.000000000000000000e+00
0.000000000000000000e+00
0.000000000000000000e+00
0.000000000000000000e+00
0.000000000000000000e+00
0.000000000000000000e+00
9.299030127360552022e-04
3.947886101971033734e-01
3.967403931738070488e-01
2.430977991525262727e-01
2.785070791651822475e-01
1.476339927515241401e-01
2.263106376535107753e-02
6.182309110715288915e-03
1.495257269321270677e-02
1.633090599328772610e-02
3.834001484250491561e-04
2.768373697487579708e-04
0.000000000000000000e+00
0.000000000000000000e+00
0.000000000000000000e+00
0.000000000000000000e+00
0.000000000000000000e+00
0.000000000000000000e+00
0.000000000000000000e+00
0.000000000000000000e+00
0.000000000000000000e+00
0.000000000000000000e+00
0.000000000000000000e+00
0.000000000000000000e+00
0.000000000000000000e+00
0.000000000000000000e+00
0.000000000000000000e+00
0.000000000000000000e+00
1.868113577911832343e-03
4.312434708064063482e-01
3.985465182833307085e-01
4.087941272188701514e-01
2.171035679477270885e-01
3.316958092842113570e-02
9.052319859029610977e-03
2.185351920462483624e-02
2.378391802362110619e-02
5.560538968172756445e-04
4.012591921045460851e-04
0.000000000000000000e+00
0.000000000000000000e+00
0.000000000000000000e+00
0.000000000000000000e+00
0.000000000000000000e+00
0.000000000000000000e+00
0.000000000000000000e+00
0.000000000000000000e+00
0.000000000000000000e+00
0.000000000000000000e+00
0.000000000000000000e+00
0.000000000000000000e+00
0.000000000000000000e+00
0.000000000000000000e+00
0.000000000000000000e+00
0.000000000000000000e+00
8.810975311731867688e-12
3.386156081940767948e-03
4.685620129689014868e-01
6.534310312360800399e-01
3.224981001421077798e-01
4.950291033715800010e-02
1.347877589817588449e-02
3.246577625679936824e-02
3.502363474633540114e-02
8.121337966095122261e-04
5.857322661611938288e-04
0.000000000000000000e+00
0.000000000000000000e+00
0.000000000000000000e+00
0.000000000000000000e+00
0.000000000000000000e+00
0.000000000000000000e+00
0.000000000000000000e+00
0.000000000000000000e+00
0.000000000000000000e+00
0.000000000000000000e+00
0.000000000000000000e+00
0.000000000000000000e+00
0.000000000000000000e+00
0.000000000000000000e+00
0.000000000000000000e+00
0.000000000000000000e+00
0.000000000000000000e+00
4.389266036128107575e-09
4.052346120852257094e-03
8.110250929604555514e-01
6.317957193458598741e-01
8.794176588218535762e-02
2.355945365724320534e-02
5.575719881054087140e-02
5.782998194213325588e-02
1.283200692205714154e-03
9.204404265180456167e-04
0.000000000000000000e+00
0.000000000000000000e+00
0.000000000000000000e+00
0.000000000000000000e+00
0.000000000000000000e+00
0.000000000000000000e+00
0.000000000000000000e+00
0.000000000000000000e+00
0.000000000000000000e+00
0.000000000000000000e+00
0.000000000000000000e+00
0.000000000000000000e+00
0.000000000000000000e+00
0.000000000000000000e+00
0.000000000000000000e+00
0.000000000000000000e+00
0.000000000000000000e+00
0.000000000000000000e+00
1.470951983706102604e-09
9.667078635456408803e-03
1.168433497214290018e+00
3.705397587279326554e-01
8.623290521090910821e-02
2.007723842276464832e-01
1.913795891137267946e-01
3.853712797156912551e-03
2.734319202762975059e-03
0.000000000000000000e+00
0.000000000000000000e+00
0.000000000000000000e+00
0.000000000000000000e+00
0.000000000000000000e+00
0.000000000000000000e+00
0.000000000000000000e+00
0.000000000000000000e+00
0.000000000000000000e+00
0.000000000000000000e+00
0.000000000000000000e+00
0.000000000000000000e+00
0.000000000000000000e+00
0.000000000000000000e+00
0.000000000000000000e+00
0.000000000000000000e+00
0.000000000000000000e+00
0.000000000000000000e+00
1.455326628369721255e-12
2.072324759234831087e-05
2.033983138447977013e-01
1.049719528831112525e+00
2.740141624167926615e-01
4.173058739485210888e-01
3.704796707410026868e-01
7.033830392254001446e-03
4.919344531911238987e-03
0.000000000000000000e+00
0.000000000000000000e+00
0.000000000000000000e+00
0.000000000000000000e+00
0.000000000000000000e+00
0.000000000000000000e+00
0.000000000000000000e+00
0.000000000000000000e+00
0.000000000000000000e+00
0.000000000000000000e+00
0.000000000000000000e+00
0.000000000000000000e+00
0.000000000000000000e+00
0.000000000000000000e+00
0.000000000000000000e+00
0.000000000000000000e+00
0.000000000000000000e+00
0.000000000000000000e+00
0.000000000000000000e+00
9.433209126469997428e-06
7.239562331999997713e-02
4.823602999999998531e-01
6.087350999999999734e-01
8.285571999999997717e-01
4.571486999999992418e-01
9.250967999999996569e-03
6.459787999999997560e-03
0.000000000000000000e+00
0.000000000000000000e+00
0.000000000000000000e+00
0.000000000000000000e+00
0.000000000000000000e+00
0.000000000000000000e+00
0.000000000000000000e+00
0.000000000000000000e+00
0.000000000000000000e+00
0.000000000000000000e+00
0.000000000000000000e+00
0.000000000000000000e+00
0.000000000000000000e+00
0.000000000000000000e+00
0.000000000000000000e+00
0.000000000000000000e+00
0.000000000000000000e+00
0.000000000000000000e+00
0.000000000000000000e+00
4.928264779541038197e-06
3.665723881343769391e-02
1.562536402420091064e-01
1.816074625932137532e-01
1.432379730555813468e+00
8.597275360770817443e-01
1.095871047765271424e-02
7.853700017985874859e-03
2.179261348443009449e+00
0.000000000000000000e+00
0.000000000000000000e+00
0.000000000000000000e+00
0.000000000000000000e+00
0.000000000000000000e+00
0.000000000000000000e+00
0.000000000000000000e+00
0.000000000000000000e+00
0.000000000000000000e+00
0.000000000000000000e+00
0.000000000000000000e+00
0.000000000000000000e+00
0.000000000000000000e+00
0.000000000000000000e+00
0.000000000000000000e+00
0.000000000000000000e+00
0.000000000000000000e+00
0.000000000000000000e+00
1.934899164488750961e-06
1.276844483970514081e-02
5.064148886516584708e-02
3.638783391502214970e-02
3.266512513878441770e-01
3.094277778153523784e+00
7.941419538425815994e-02
3.711355849388842110e-02
9.999999999999998224e+00
0.000000000000000000e+00
0.000000000000000000e+00
0.000000000000000000e+00
0.000000000000000000e+00
0.000000000000000000e+00
0.000000000000000000e+00
0.000000000000000000e+00
0.000000000000000000e+00
0.000000000000000000e+00
0.000000000000000000e+00
0.000000000000000000e+00
0.000000000000000000e+00
0.000000000000000000e+00
0.000000000000000000e+00
0.000000000000000000e+00
0.000000000000000000e+00
0.000000000000000000e+00
0.000000000000000000e+00
1.700210812399998481e-06
9.886453205000004726e-03
3.774911900000000459e-02
2.883475000000000274e-02
1.589980599999999966e-01
3.279055639999999716e+00
1.287179999999999769e+00
7.817742799999995995e-01
9.999999999999998224e+00
0.000000000000000000e+00
0.000000000000000000e+00
0.000000000000000000e+00
0.000000000000000000e+00
0.000000000000000000e+00
0.000000000000000000e+00
0.000000000000000000e+00
0.000000000000000000e+00
0.000000000000000000e+00
0.000000000000000000e+00
0.000000000000000000e+00
0.000000000000000000e+00
0.000000000000000000e+00
0.000000000000000000e+00
0.000000000000000000e+00
0.000000000000000000e+00
0.000000000000000000e+00
0.000000000000000000e+00
2.426683690667803648e-06
1.395017284634776471e-02
5.261733760037736601e-02
4.015365294407895191e-02
2.271417502365516705e-01
3.062887200403443977e+00
1.565582416021673806e+00
2.172873930590170755e+00
