1.000000000000000000e+07
2.231300000000000000e+06
1.737740000000000000e+06
5.247519999999999709e+04
4.086769999999999709e+04
1.170879999999999927e+04
5.530840000000000146e+03
4.307430000000000291e+03
2.034680000000000064e+03
2.753650000000000091e+02
2.144540000000000077e+02
4.785119999999999862e+01
3.726650000000000063e+01
2.260330000000000084e+01
1.760350000000000037e+01
1.370960000000000001e+01
2.382400000000000073e+00
1.637399999999999967e+00
1.125399999999999956e+00
7.734400000000000164e-01
3.652799999999999936e-01
1.370000000000000107e-01
9.707999999999999963e-02
8.539700000000000069e-02
5.451999999999999902e-02
5.980400000000000299e-03
3.342299999999999872e-03
1.000000000000000082e-05
