27
5
1.000000e+07
2.231300e+06
1.737740e+06
5.247520e+04
4.086770e+04
1.170880e+04
5.530840e+03
4.307430e+03
2.034680e+03
2.753650e+02
2.144540e+02
4.785120e+01
3.726650e+01
2.260330e+01
1.760350e+01
1.370960e+01
2.382400e+00
1.637400e+00
1.125400e+00
7.734400e-01
3.652800e-01
1.370000e-01
9.708000e-02
8.539700e-02
5.452000e-02
5.980400e-03
3.342300e-03
1.000000e-05
1.156680e-03
1.142594e-03
8.871915e-04
7.943178e-04
8.667085e-04
1.087457e-03
1.230253e-03
1.624461e-03
3.805211e-03
7.886901e-03
1.850711e-02
8.026689e-03
5.425789e-03
2.784421e-02
5.435766e-02
2.118730e-02
7.843361e-03
1.225342e-02
2.167821e-02
1.278549e-01
6.173944e-01
2.469553e-01
2.421456e-01
2.564471e-01
3.755668e-01
8.598601e-01
1.358332e+00
1.394482e-03
4.466116e-04
3.489127e-04
3.585545e-04
4.490970e-04
6.633777e-04
8.135791e-04
1.101251e-03
2.547005e-03
5.912708e-03
1.127603e-02
1.420123e-02
4.477566e-03
1.942921e-02
3.287623e-02
1.285427e-02
6.282299e-03
1.881466e-02
1.520040e-01
7.684973e-02
3.646245e-01
1.428314e-01
1.380998e-01
1.438558e-01
2.038842e-01
4.571863e-01
7.197802e-01
3.719330e-01
1.202488e-01
5.033410e-01
1.394268e-03
2.607634e-03
3.207267e-04
4.830335e-05
7.169863e-05
3.272147e-05
5.364926e-07
1.054011e-06
3.888849e-08
4.508349e-08
1.261238e-08
8.663826e-09
1.766490e-08
5.936574e-10
3.377390e-10
1.928617e-10
1.726339e-10
6.385364e-11
7.660990e-12
1.986375e-12
4.592007e-12
4.575920e-12
6.916727e-14
3.152853e-14
1.943862e-06
0.000000e+00
0.000000e+00
0.000000e+00
0.000000e+00
0.000000e+00
0.000000e+00
0.000000e+00
0.000000e+00
0.000000e+00
0.000000e+00
0.000000e+00
0.000000e+00
0.000000e+00
0.000000e+00
0.000000e+00
0.000000e+00
0.000000e+00
0.000000e+00
0.000000e+00
0.000000e+00
0.000000e+00
0.000000e+00
0.000000e+00
0.000000e+00
0.000000e+00
0.000000e+00
1.900934e-01
2.534389e-01
5.773849e-01
1.165141e+00
1.295147e+00
1.401959e+00
1.429770e+00
1.445870e+00
1.466240e+00
1.475807e+00
1.482852e+00
1.487052e+00
1.475665e+00
1.492201e+00
1.506082e+00
1.488461e+00
1.508475e+00
1.545580e+00
1.720852e+00
1.726499e+00
2.355537e+00
2.426271e+00
2.557314e+00
2.776351e+00
3.746339e+00
5.915414e+00
7.686338e+00
1.877674e-01
2.527352e-01
5.745471e-01
1.166187e+00
1.295826e+00
1.402234e+00
1.429943e+00
1.445972e+00
1.466250e+00
1.475726e+00
1.482357e+00
1.485989e+00
1.475567e+00
1.490740e+00
1.504153e+00
1.487797e+00
1.508475e+00
1.545580e+00
1.720852e+00
1.726499e+00
2.355537e+00
2.426271e+00
2.557314e+00
2.776351e+00
3.746339e+00
5.915414e+00
7.686338e+00
4.038425e+00
2.786477e+00
1.414030e+00
6.985549e-01
6.407909e-01
5.987068e-01
5.886428e-01
5.828652e-01
5.746116e-01
5.688454e-01
5.632518e-01
5.601502e-01
5.703665e-01
5.565434e-01
5.446987e-01
5.619739e-01
5.653986e-01
5.514735e-01
4.757989e-01
5.033061e-01
3.592372e-01
4.306545e-01
4.262398e-01
4.116647e-01
3.398280e-01
1.796173e-01
1.254107e-01
0.000000e+00
0.000000e+00
0.000000e+00
0.000000e+00
0.000000e+00
0.000000e+00
0.000000e+00
0.000000e+00
0.000000e+00
0.000000e+00
0.000000e+00
0.000000e+00
0.000000e+00
0.000000e+00
0.000000e+00
0.000000e+00
0.000000e+00
0.000000e+00
0.000000e+00
0.000000e+00
0.000000e+00
0.000000e+00
0.000000e+00
0.000000e+00
0.000000e+00
0.000000e+00
0.000000e+00
0.000000e+00
0.000000e+00
0.000000e+00
0.000000e+00
0.000000e+00
0.000000e+00
0.000000e+00
0.000000e+00
0.000000e+00
0.000000e+00
0.000000e+00
0.000000e+00
0.000000e+00
0.000000e+00
0.000000e+00
0.000000e+00
0.000000e+00
0.000000e+00
0.000000e+00
0.000000e+00
0.000000e+00
0.000000e+00
0.000000e+00
0.000000e+00
0.000000e+00
0.000000e+00
0.000000e+00
0
15
8.868474e-02
2.529046e-02
7.247564e-02
4.981121e-04
1.250300e-03
2.647076e-04
5.241022e-05
9.735503e-05
7.535233e-05
2.608713e-06
7.135108e-06
4.533310e-07
6.300893e-07
2.214690e-07
1.854383e-07
5.353230e-07
1
15
5.454030e-02
1.933488e-01
1.129074e-03
2.835681e-03
6.006847e-04
1.189478e-04
2.209674e-04
1.710436e-04
5.921419e-06
1.619815e-05
1.028981e-06
1.425477e-06
4.864538e-07
3.786328e-07
1.299589e-06
2
20
4.532225e-01
2.904277e-02
6.761628e-02
1.432741e-02
2.837300e-03
5.270967e-03
4.080263e-03
1.412678e-04
3.863935e-04
2.454846e-05
3.400742e-05
1.159572e-05
9.030857e-06
2.641442e-05
1.785385e-06
1.212397e-06
8.374442e-07
9.599284e-07
5.108607e-07
3
21
1.883576e-01
7.159201e-01
1.374478e-01
2.721946e-02
5.056679e-02
3.914393e-02
1.355247e-03
3.706867e-03
2.355102e-04
3.262571e-04
1.112421e-04
8.664189e-05
2.520289e-04
1.657771e-05
1.139334e-05
7.829558e-06
9.091859e-06
5.299162e-06
2.625724e-06
4
24
6.236251e-01
3.601448e-01
6.877807e-02
1.277667e-01
9.890349e-02
3.424265e-03
9.366006e-03
5.950483e-04
8.243288e-04
2.810781e-04
2.189057e-04
6.367941e-04
4.188242e-05
2.878393e-05
1.978633e-05
2.294522e-05
1.283396e-05
2.500656e-06
9.082561e-07
2.358754e-06
1.734830e-06
5
24
4.934357e-01
2.183547e-01
3.638159e-01
2.816131e-01
9.749896e-03
2.666772e-02
1.694267e-03
2.347101e-03
8.003057e-04
6.232869e-04
1.813108e-03
1.192493e-04
8.195449e-05
5.633730e-05
6.533596e-05
3.654132e-05
6.389456e-06
1.870068e-06
4.942816e-06
8.507804e-06
6
24
2.225004e-01
6.690057e-01
4.647141e-01
1.608947e-02
4.400768e-02
2.795926e-03
3.873250e-03
1.320689e-03
1.028565e-03
2.992058e-03
1.967957e-04
1.352417e-04
9.296614e-05
1.078136e-04
6.029717e-05
1.054571e-05
3.085735e-06
8.159003e-06
1.417412e-05
7
25
5.068443e-01
8.140758e-01
2.739543e-02
7.493161e-02
4.760599e-03
6.594953e-03
2.248722e-03
1.751329e-03
5.094556e-03
3.350715e-04
2.302815e-04
1.582978e-04
1.835780e-04
1.026711e-04
1.795572e-05
5.254224e-06
1.388576e-05
2.386615e-05
4.293655e-07
8
26
8.868807e-01
1.342568e-01
3.438103e-01
2.184255e-02
3.025894e-02
1.031757e-02
8.035444e-03
2.337478e-02
1.537377e-03
1.056561e-03
7.263045e-04
8.422773e-04
4.710806e-04
8.237782e-05
2.410928e-05
6.371750e-05
1.001676e-04
6.073103e-06
6.038782e-06
9
26
2.285590e-01
9.798518e-01
5.784018e-02
8.012719e-02
2.732145e-02
2.127829e-02
6.189758e-02
4.071067e-03
2.797825e-03
1.923295e-03
2.230408e-03
1.247455e-03
2.181487e-04
6.384239e-05
1.687273e-04
2.652413e-04
1.441592e-05
1.803391e-05
10
26
7.765613e-01
1.626207e-01
2.094886e-01
7.142588e-02
5.562735e-02
1.618177e-01
1.064289e-02
7.314315e-03
5.028016e-03
5.830873e-03
3.261149e-03
5.702859e-04
1.669007e-04
4.411003e-04
6.934295e-04
3.768644e-05
4.751801e-05
11
26
2.298536e-01
5.312976e-01
1.574266e-01
1.226052e-01
3.566545e-01
2.345749e-02
1.612110e-02
1.108198e-02
1.285155e-02
7.187741e-03
1.256953e-03
3.678539e-04
9.722202e-04
1.528354e-03
8.305134e-05
1.050081e-04
12
26
3.928995e-01
2.655497e-01
1.798102e-01
5.229403e-01
3.439426e-02
2.363739e-02
1.624887e-02
1.884343e-02
1.053895e-02
1.842980e-03
5.393654e-04
1.425495e-03
2.240915e-03
1.217904e-04
1.540675e-04
13
26
2.284110e-01
3.295126e-01
7.558839e-01
4.970968e-02
3.416296e-02
2.348436e-02
2.723425e-02
1.523187e-02
2.663641e-03
7.795484e-04
2.060260e-03
3.238781e-03
1.760284e-04
2.227817e-04
14
26
2.284817e-01
1.040520e+00
6.385692e-02
4.388559e-02
3.016793e-02
3.498496e-02
1.956678e-02
3.421699e-03
1.001396e-03
2.646594e-03
4.160514e-03
2.261225e-04
2.862520e-04
15
26
8.461889e-01
2.073908e-01
1.349282e-01
9.247795e-02
1.067217e-01
5.807595e-02
9.584483e-03
2.726812e-03
6.955455e-03
9.619329e-03
4.304881e-04
5.068364e-04
15
26
9.313695e-04
3.983553e-01
3.922945e-01
2.366674e-01
2.710977e-01
1.437063e-01
2.202898e-02
6.017833e-03
1.455477e-02
1.589643e-02
3.732000e-04
2.694723e-04
16
26
1.874927e-03
4.352076e-01
3.940018e-01
3.979391e-01
2.112993e-01
3.228285e-02
8.810316e-03
2.126931e-02
2.314817e-02
5.411905e-04
3.905335e-04
16
26
8.357893e-12
3.306989e-03
4.786944e-01
6.439349e-01
3.143600e-01
4.825885e-02
1.313988e-02
3.164924e-02
3.414168e-02
7.916449e-04
5.709512e-04
17
26
4.370789e-09
4.084681e-03
8.087127e-01
6.160803e-01
8.540137e-02
2.288112e-02
5.415860e-02
5.618892e-02
1.247146e-03
8.946070e-04
18
26
1.603596e-09
1.084587e-02
1.166679e+00
3.519084e-01
8.221306e-02
1.908620e-01
1.821153e-01
3.678485e-03
2.610910e-03
18
26
1.470682e-12
2.035557e-05
2.029280e-01
1.034097e+00
2.668835e-01
4.077302e-01
3.601787e-01
6.827220e-03
4.775250e-03
19
26
9.182514e-06
7.087500e-02
4.743303e-01
5.982810e-01
8.140243e-01
4.464014e-01
9.005146e-03
6.288085e-03
19
26
4.815257e-06
3.590598e-02
1.542209e-01
1.798973e-01
1.406064e+00
8.380953e-01
1.066528e-02
7.641503e-03
19
26
1.898482e-06
1.255155e-02
4.983338e-02
3.586457e-02
3.263882e-01
3.009036e+00
7.409834e-02
3.468118e-02
19
26
1.655011e-06
9.623628e-03
3.674573e-02
2.806864e-02
1.547982e-01
3.205765e+00
1.259266e+00
7.639587e-01
19
26
2.358901e-06
1.356071e-02
5.114962e-02
3.903394e-02
2.208103e-01
2.992915e+00
1.528892e+00
2.120193e+00
0
15
1.471364e-01
4.611233e-02
1.124114e-01
1.905674e-04
3.628503e-04
4.861011e-05
7.997549e-06
1.329689e-05
9.683097e-06
4.384591e-07
1.593903e-06
1.587474e-07
2.631053e-07
1.173007e-07
1.192414e-07
5.160829e-07
1
15
1.165057e-01
2.811090e-01
5.321703e-04
1.005212e-03
1.305644e-04
2.086644e-05
3.353860e-05
2.182065e-05
8.593394e-07
3.020108e-06
2.844901e-07
4.794055e-07
1.885966e-07
1.706939e-07
1.061315e-06
2
20
7.525659e-01
4.983737e-02
9.658574e-02
1.186822e-02
1.792440e-03
2.677757e-03
1.266653e-03
2.412330e-05
5.627569e-05
3.273916e-06
4.721621e-06
1.733100e-06
1.437705e-06
5.745343e-06
7.095790e-07
5.531795e-07
4.529586e-07
6.618047e-07
5.652237e-07
3
21
4.137684e-01
1.389113e+00
1.779243e-01
2.679088e-02
3.985709e-02
1.843464e-02
3.197334e-04
6.751024e-04
3.117132e-05
4.101604e-05
1.363492e-05
1.067634e-05
3.553569e-05
3.457837e-06
2.771175e-06
2.221875e-06
3.694900e-06
3.976325e-06
3.095705e-06
4
24
1.294294e+00
6.915823e-01
1.058139e-01
1.572142e-01
7.219311e-02
1.212249e-03
2.460592e-03
1.011172e-04
1.253335e-04
3.866369e-05
2.873213e-05
8.143252e-05
6.526882e-06
5.073261e-06
4.029632e-06
5.745012e-06
4.457457e-06
1.389234e-06
6.687981e-07
1.943190e-06
1.810376e-06
5
24
1.044302e+00
4.519040e-01
7.015830e-01
3.211787e-01
5.314801e-03
1.058706e-02
4.086849e-04
4.883034e-04
1.430603e-04
1.021732e-04
2.489795e-04
1.511363e-05
1.102077e-05
8.267229e-06
1.139235e-05
9.068270e-06
2.265433e-06
7.551397e-07
2.265419e-06
7.119271e-06
6
24
5.068483e-01
1.386051e+00
6.626908e-01
1.092646e-02
2.166237e-02
8.224045e-04
9.724641e-04
2.805657e-04
1.978251e-04
4.564110e-04
2.413502e-05
1.690190e-05
1.226964e-05
1.629699e-05
1.275954e-05
2.757271e-06
8.607446e-07
2.585470e-06
8.802992e-06
7
25
1.079546e+00
1.463982e+00
2.441835e-02
4.824457e-02
1.809209e-03
2.122527e-03
6.050667e-04
4.224111e-04
9.304804e-04
4.276414e-05
2.847505e-05
1.963753e-05
2.432801e-05
1.690046e-05
3.918043e-06
1.278989e-06
3.816131e-06
1.253356e-05
5.114785e-07
8
26
1.833102e+00
2.523254e-01
5.119066e-01
1.892730e-02
2.200004e-02
6.181653e-03
4.262304e-03
8.833791e-03
3.207885e-04
1.913343e-04
1.161494e-04
1.180223e-04
6.028564e-05
1.104860e-05
3.383043e-06
9.572463e-06
2.180000e-05
3.327894e-06
5.034815e-06
9
26
5.214061e-01
1.913633e+00
7.294846e-02
8.468085e-02
2.374525e-02
1.634322e-02
3.356264e-02
1.168310e-03
6.801851e-04
3.997003e-04
3.814376e-04
1.693101e-04
2.682088e-05
7.836083e-06
2.105910e-05
4.177990e-05
4.323843e-06
1.093400e-05
10
26
1.632502e+00
3.173222e-01
3.801381e-01
1.064926e-01
7.322895e-02
1.496734e-01
5.093218e-03
2.924865e-03
1.685919e-03
1.545805e-03
6.166970e-04
8.440196e-05
2.324448e-05
5.841111e-05
9.129002e-05
7.412395e-06
1.857172e-05
11
26
5.221871e-01
1.103784e+00
3.268577e-01
2.247042e-01
4.586755e-01
1.550879e-02
8.871087e-03
5.084494e-03
4.605225e-03
1.772145e-03
2.287072e-04
6.130942e-05
1.487718e-04
1.988948e-04
1.256384e-05
2.984987e-05
12
26
8.375427e-01
5.518084e-01
4.009566e-01
8.183418e-01
2.761366e-02
1.577515e-02
9.025100e-03
8.141737e-03
3.095318e-03
3.911433e-04
1.037677e-04
2.483476e-04
3.091492e-04
1.671213e-05
3.735725e-05
13
26
5.227715e-01
6.290755e-01
1.412236e+00
4.759996e-02
2.717101e-02
1.552668e-02
1.397107e-02
5.269767e-03
6.566145e-04
1.729795e-04
4.099662e-04
4.836323e-04
2.257283e-05
4.694781e-05
14
26
5.228143e-01
1.992079e+00
6.922510e-02
3.949880e-02
2.255782e-02
2.027105e-02
7.614867e-03
9.417798e-04
2.471398e-04
5.827182e-04
6.666137e-04
2.818630e-05
5.519705e-05
15
26
1.769897e+00
3.844957e-01
2.192104e-01
1.214145e-01
1.015025e-01
3.085895e-02
2.907758e-03
7.014169e-04
1.531492e-03
1.470155e-03
4.548822e-05
6.960689e-05
15
26
2.486474e-03
8.712181e-01
7.579486e-01
4.305732e-01
3.390581e-01
7.996692e-02
3.991246e-03
6.700848e-04
8.820414e-04
-1.050215e-04
-7.996573e-06
-3.930941e-06
16
26
4.721195e-03
9.504760e-01
7.282175e-01
5.998816e-01
1.410716e-01
6.852044e-03
1.136329e-03
1.456246e-03
-2.697203e-04
-1.500409e-05
-7.342479e-06
16
26
1.796932e-11
7.773645e-03
1.028258e+00
1.057014e+00
2.570957e-01
1.293967e-02
2.203918e-03
2.998285e-03
-8.646512e-05
-2.115368e-05
-1.044445e-05
17
26
6.845592e-09
8.922781e-03
1.608447e+00
6.542660e-01
1.750781e-02
1.227480e-03
-2.430759e-03
-8.176962e-03
-1.239273e-04
-5.828836e-05
18
26
1.790269e-09
1.951136e-02
1.925542e+00
2.672316e-01
2.743977e-02
2.796039e-02
-2.667021e-02
-5.978057e-04
-2.847650e-04
18
26
4.792319e-13
5.680682e-06
1.898688e-01
1.676146e+00
2.738277e-01
8.975779e-02
-3.909945e-02
-1.290970e-03
-6.219131e-04
19
26
5.480248e-07
2.625864e-02
5.065398e-01
1.065582e+00
6.518559e-01
-8.928171e-02
-1.571145e-03
-7.812893e-04
19
26
-4.049319e-07
6.965192e-03
3.653736e-02
1.494051e-01
1.826661e+00
8.890441e-02
-2.246816e-03
-1.059629e-03
19
26
-4.559099e-07
-1.749389e-03
-5.305749e-03
-7.233617e-03
4.759570e-02
1.762413e+00
-9.562267e-03
-1.428435e-02
19
26
-2.763563e-07
-1.675542e-03
-6.940040e-03
-4.880278e-03
-3.315116e-02
-3.465837e-01
1.054643e+00
2.433346e-01
19
26
-2.599629e-07
-1.591890e-03
-6.664406e-03
-4.821233e-03
-3.097432e-02
-1.216845e+00
4.881100e-01
1.338394e+00
0
15
1.858648e-01
5.587912e-02
-1.643579e-02
-1.180724e-03
-3.030566e-03
-6.538506e-04
-1.299552e-04
-2.418029e-04
-1.873123e-04
-6.458996e-06
-1.752541e-05
-1.086452e-06
-1.479743e-06
-4.962126e-07
-3.891408e-07
-8.284759e-07
1
15
1.359136e-01
1.713569e-01
-2.611154e-03
-6.781929e-03
-1.477678e-03
-2.942938e-04
-5.481333e-04
-4.252855e-04
-1.470035e-05
-4.001279e-05
-2.503810e-06
-3.431726e-06
-1.152120e-06
-8.784960e-07
-2.344988e-06
2
20
6.894035e-01
2.448409e-02
-3.880989e-02
-2.670982e-02
-6.056139e-03
-1.192345e-02
-9.829867e-03
-3.496172e-04
-9.590100e-04
-6.099703e-05
-8.444315e-05
-2.875637e-05
-2.236782e-05
-6.460556e-05
-4.110088e-06
-2.729651e-06
-1.808109e-06
-1.913241e-06
-7.743810e-07
3
21
5.252130e-01
1.161866e+00
-1.493330e-01
-4.601830e-02
-9.992132e-02
-9.023143e-02
-3.325124e-03
-9.162622e-03
-5.853356e-04
-8.113505e-04
-2.767096e-04
-2.155042e-04
-6.258452e-04
-4.084265e-05
-2.789581e-05
-1.904945e-05
-2.160658e-05
-1.156787e-05
-3.148153e-06
4
24
1.503682e+00
3.644949e-01
-3.232378e-02
-1.519336e-01
-1.996414e-01
-8.193894e-03
-2.284893e-02
-1.473109e-03
-2.044764e-03
-6.982210e-04
-5.441129e-04
-1.583259e-03
-1.038438e-04
-7.119852e-05
-4.876984e-05
-5.608966e-05
-3.054900e-05
-5.375330e-06
-1.698641e-06
-4.030490e-06
-2.383343e-06
5
24
1.345650e+00
4.704136e-01
2.433651e-01
-3.778700e-01
-2.193195e-02
-6.301212e-02
-4.152748e-03
-5.782199e-03
-1.979300e-03
-1.544189e-03
-4.504064e-03
-2.965391e-04
-2.036519e-04
-1.398359e-04
-1.616555e-04
-8.950400e-05
-1.536529e-05
-4.458759e-06
-1.159744e-05
-1.534042e-05
6
24
6.627485e-01
1.443068e+00
-3.282177e-01
-3.402471e-02
-1.008099e-01
-6.787784e-03
-9.478694e-03
-3.251998e-03
-2.539645e-03
-7.421221e-03
-4.895087e-04
-3.363547e-04
-2.310762e-04
-2.675017e-04
-1.487151e-04
-2.573430e-05
-7.483322e-06
-1.952882e-05
-2.855421e-05
7
25
1.391651e+00
5.021106e-01
-5.013105e-02
-1.602211e-01
-1.132220e-02
-1.591026e-02
-5.484802e-03
-4.292636e-03
-1.259049e-02
-8.331301e-04
-5.727701e-04
-3.937204e-04
-4.562498e-04
-2.543025e-04
-4.418381e-05
-1.288283e-05
-3.388684e-05
-5.235165e-05
-4.964433e-07
8
26
1.865939e+00
1.600855e-01
-1.625880e-01
-4.014687e-02
-6.150151e-02
-2.253328e-02
-1.809962e-02
-5.539028e-02
-3.785602e-03
-2.611659e-03
-1.799940e-03
-2.091774e-03
-1.171255e-03
-2.046980e-04
-5.986855e-05
-1.580601e-04
-2.459440e-04
-1.314345e-05
-1.070803e-05
9
26
6.835272e-01
1.434403e+00
-6.773476e-02
-1.252713e-01
-5.106255e-02
-4.270860e-02
-1.388764e-01
-9.897300e-03
-6.856321e-03
-4.738831e-03
-5.521302e-03
-3.099342e-03
-5.425834e-04
-1.588169e-04
-4.196384e-04
-6.574083e-04
-3.495254e-05
-3.783858e-05
10
26
1.806613e+00
2.360081e-01
7.605908e-02
-4.109450e-02
-5.561017e-02
-2.792864e-01
-2.449884e-02
-1.727529e-02
-1.208247e-02
-1.422271e-02
-8.052704e-03
-1.415203e-03
-4.145364e-04
-1.096295e-03
-1.723404e-03
-9.296073e-05
-1.098692e-04
11
26
6.844801e-01
1.314231e+00
1.734292e-01
3.756068e-02
-3.761833e-01
-5.006442e-02
-3.621867e-02
-2.575349e-02
-3.073872e-02
-1.759988e-02
-3.107636e-03
-9.111239e-04
-2.411481e-03
-3.799246e-03
-2.060812e-04
-2.519227e-04
12
26
1.128414e+00
6.566446e-01
3.011527e-01
-1.839414e-01
-6.736668e-02
-5.025243e-02
-3.641310e-02
-4.413348e-02
-2.557527e-02
-4.537917e-03
-1.331724e-03
-3.527521e-03
-5.566468e-03
-3.025632e-04
-3.739359e-04
13
26
6.851496e-01
8.856995e-01
4.179864e-01
-8.613501e-02
-6.732536e-02
-5.012177e-02
-6.204341e-02
-3.653449e-02
-6.523858e-03
-1.916826e-03
-5.082422e-03
-8.035772e-03
-4.376509e-04
-5.449673e-04
14
26
6.854394e-01
1.370393e+00
-9.684698e-02
-7.996680e-02
-6.130622e-02
-7.755915e-02
-4.640429e-02
-8.337618e-03
-2.452611e-03
-6.509120e-03
-1.031035e-02
-5.623880e-04
-7.030383e-04
15
26
1.868333e+00
1.870057e-01
-2.912990e-02
-9.381839e-02
-1.822390e-01
-1.299183e-01
-2.304385e-02
-6.617022e-03
-1.698927e-02
-2.375723e-02
-1.071193e-03
-1.255654e-03
15
26
3.456819e-03
1.098658e+00
6.698591e-01
6.986861e-02
-3.105118e-01
-3.157788e-01
-5.433442e-02
-1.496528e-02
-3.631697e-02
-3.973380e-02
-9.328556e-04
-6.736301e-04
16
26
6.162044e-03
1.159659e+00
5.396184e-01
-2.096507e-01
-4.368517e-01
-7.914017e-02
-2.185740e-02
-5.302441e-02
-5.785203e-02
-1.352623e-03
-9.762105e-04
16
26
1.132927e-11
9.448902e-03
1.201031e+00
2.528417e-01
-5.875379e-01
-1.170155e-01
-3.243521e-02
-7.873738e-02
-8.531902e-02
-1.978632e-03
-1.427207e-03
17
26
3.197117e-09
9.766329e-03
1.368001e+00
-7.293780e-01
-2.087111e-01
-5.681209e-02
-1.345477e-01
-1.389446e-01
-3.104211e-03
-2.232075e-03
18
26
-2.255670e-09
1.101301e-02
4.660944e-01
-5.840437e-01
-1.890905e-01
-4.639777e-01
-4.504609e-01
-9.111230e-03
-6.498488e-03
18
26
-3.546317e-12
-4.933335e-05
-2.658909e-01
8.699460e-02
-3.214382e-01
-9.191608e-01
-8.856233e-01
-1.686209e-02
-1.186595e-02
19
26
-2.291086e-05
-1.587940e-01
-5.393726e-01
2.211648e-01
-1.225671e+00
-1.078329e+00
-2.228011e-02
-1.563345e-02
19
26
-1.199043e-05
-8.621791e-02
-3.450782e-01
-2.639494e-01
-1.058387e+00
-1.754137e+00
-2.622000e-02
-1.896286e-02
19
26
-4.653211e-06
-3.103963e-02
-1.224369e-01
-8.651570e-02
-6.754075e-01
-5.260363e+00
-1.620044e-01
-7.703984e-02
19
26
-4.098618e-06
-2.381036e-02
-9.076487e-02
-6.945443e-02
-3.803397e-01
-7.021061e+00
-2.275682e+00
-1.738108e+00
19
26
-5.871743e-06
-3.373359e-02
-1.271087e-01
-9.705902e-02
-5.478472e-01
-6.655342e+00
-3.479548e+00
-4.301337e+00
0
15
1.621115e-01
2.503804e-02
-1.546755e-01
-6.487600e-04
-1.249502e-03
-1.691864e-04
-2.788747e-05
-4.639538e-05
-3.379501e-05
-1.525402e-06
-5.526143e-06
-5.429121e-07
-8.874171e-07
-3.744170e-07
-3.623929e-07
-1.277309e-06
1
15
1.419347e-01
-1.285118e-01
-1.785356e-03
-3.430170e-03
-4.528674e-04
-7.262377e-05
-1.168788e-04
-7.614255e-05
-3.003229e-06
-1.047251e-05
-1.001190e-06
-1.637133e-06
-6.638102e-07
-5.592136e-07
-2.838583e-06
2
20
2.414498e-01
-1.954977e-02
-1.594760e-01
-3.452952e-02
-5.677720e-03
-8.784358e-03
-4.321798e-03
-8.392836e-05
-1.961393e-04
-1.141482e-05
-1.645585e-05
-6.031387e-06
-5.002561e-06
-1.951964e-05
-2.218362e-06
-1.700617e-06
-1.343108e-06
-1.855184e-06
-1.274419e-06
3
21
6.447525e-01
4.313860e-02
-4.223985e-01
-7.681742e-02
-1.228706e-01
-6.144741e-02
-1.107478e-03
-2.347568e-03
-1.087644e-04
-1.431266e-04
-4.759698e-05
-3.726185e-05
-1.239135e-04
-1.196994e-05
-9.650387e-06
-7.886749e-06
-1.137671e-05
-9.212429e-06
-6.627746e-06
4
24
1.178128e+00
-3.706462e-01
-1.939630e-01
-3.778545e-01
-2.213395e-01
-4.136902e-03
-8.484868e-03
-3.519361e-04
-4.367331e-04
-1.348447e-04
-1.002415e-04
-2.841537e-04
-2.275146e-05
-1.765585e-05
-1.392631e-05
-2.002973e-05
-1.579490e-05
-4.453961e-06
-1.897000e-06
-5.414456e-06
-4.315151e-06
5
24
1.311987e+00
1.954148e-01
-6.508718e-01
-7.979671e-01
-1.754221e-02
-3.582942e-02
-1.414534e-03
-1.694908e-03
-4.977026e-04
-3.557972e-04
-8.683152e-04
-5.272807e-05
-3.843434e-05
-2.886706e-05
-3.971687e-05
-3.054881e-05
-7.217001e-06
-2.359663e-06
-7.054479e-06
-1.825962e-05
6
24
8.120758e-01
6.008861e-01
-1.296083e+00
-3.495192e-02
-7.204928e-02
-2.832028e-03
-3.363281e-03
-9.736629e-04
-6.876673e-04
-1.590303e-03
-8.425347e-05
-5.899604e-05
-4.266398e-05
-5.600929e-05
-4.301328e-05
-1.019269e-05
-3.248209e-06
-9.672564e-06
-2.599739e-05
7
25
1.356630e+00
-1.109327e+00
-7.243299e-02
-1.540493e-01
-6.157209e-03
-7.280445e-03
-2.088525e-03
-1.462073e-03
-3.234726e-03
-1.492073e-04
-9.937521e-05
-6.853740e-05
-8.495689e-05
-5.893386e-05
-1.338469e-05
-4.336180e-06
-1.288337e-05
-3.728166e-05
-1.092314e-06
8
26
1.091001e+00
-6.319460e-02
-8.373872e-01
-5.546666e-02
-6.809560e-02
-1.995890e-02
-1.401356e-02
-2.986062e-02
-1.112693e-03
-6.652576e-04
-4.044711e-04
-4.115196e-04
-2.103413e-04
-3.855582e-05
-1.180258e-05
-3.337762e-05
-7.533162e-05
-9.966796e-06
-1.315677e-05
9
26
8.372937e-01
-1.812344e-01
-1.795328e-01
-2.339247e-01
-7.139446e-02
-5.090469e-02
-1.101996e-01
-4.026108e-03
-2.354371e-03
-1.387536e-03
-1.327668e-03
-5.905282e-04
-9.363564e-05
-2.732415e-05
-7.352527e-05
-1.454584e-04
-1.490048e-05
-3.238105e-05
10
26
1.274747e+00
-3.354935e-02
-4.148820e-01
-2.015651e-01
-1.645667e-01
-4.190494e-01
-1.698468e-02
-9.900674e-03
-5.765047e-03
-5.331895e-03
-2.142770e-03
-2.941764e-04
-8.105864e-05
-2.037696e-04
-3.184295e-04
-2.573500e-05
-5.862180e-05
11
26
8.383997e-01
8.424273e-01
-2.236627e-01
-2.934747e-01
-1.043234e+00
-4.983363e-02
-2.928689e-02
-1.709388e-02
-1.572226e-02
-6.129782e-03
-7.955201e-04
-2.134823e-04
-5.183951e-04
-6.939106e-04
-4.381860e-05
-9.831851e-05
12
26
1.234076e+00
4.202977e-01
-8.528742e-02
-1.361960e+00
-8.484100e-02
-5.055346e-02
-2.974214e-02
-2.746682e-02
-1.065060e-02
-1.357404e-03
-3.606879e-04
-8.642448e-04
-1.078141e-03
-5.827751e-05
-1.252335e-04
13
26
8.391803e-01
7.893728e-01
-1.286180e+00
-1.379616e-01
-8.382193e-02
-4.989100e-02
-4.643249e-02
-1.801479e-02
-2.271977e-03
-5.998171e-04
-1.424193e-03
-1.685339e-03
-7.875465e-05
-1.593379e-04
14
26
8.395833e-01
-3.617382e-01
-1.889045e-01
-1.172515e-01
-7.067763e-02
-6.638146e-02
-2.586556e-02
-3.249460e-03
-8.551792e-04
-2.020934e-03
-2.321387e-03
-9.835751e-05
-1.885852e-04
15
26
1.177422e+00
-2.385508e-01
-3.505107e-01
-2.755894e-01
-2.865899e-01
-1.003987e-01
-9.879261e-03
-2.396396e-03
-5.254799e-03
-5.089284e-03
-1.587060e-04
-2.408797e-04
15
26
3.969954e-03
1.093188e+00
1.235806e-02
-5.553592e-01
-8.032621e-01
-2.553629e-01
-1.382145e-02
-2.335025e-03
-3.080749e-03
3.675784e-04
2.798533e-05
1.375763e-05
16
26
6.605488e-03
1.068291e+00
-2.093376e-01
-1.120972e+00
-4.329718e-01
-2.358202e-02
-3.948875e-03
-5.078962e-03
9.440231e-04
5.250541e-05
2.569661e-05
16
26
-8.910734e-12
8.928630e-03
9.874214e-01
-1.133846e+00
-7.451382e-01
-4.417586e-02
-7.625013e-03
-1.043428e-02
3.038612e-04
7.402600e-05
3.655248e-05
17
26
-8.139641e-09
6.989959e-03
2.759752e-01
-1.457622e+00
-5.992591e-02
-4.239760e-03
8.457380e-03
2.833566e-02
4.321158e-04
2.036276e-04
18
26
-4.775241e-09
-8.898430e-03
-1.630776e+00
-7.201982e-01
-1.018511e-01
-1.060766e-01
9.182228e-02
2.080519e-03
9.937082e-04
18
26
-1.644139e-12
-1.950607e-05
-4.490282e-01
-2.101519e+00
-6.200929e-01
-3.538472e-01
1.191682e-01
4.486661e-03
2.168228e-03
19
26
-1.918184e-06
-9.977183e-02
-1.121055e+00
-1.258091e+00
-1.553081e+00
2.669377e-01
5.462873e-03
2.724109e-03
19
26
1.407688e-06
-2.685786e-02
-1.411694e-01
-3.519097e-01
-3.471873e+00
-2.053441e-01
7.724956e-03
3.677519e-03
19
26
1.577680e-06
5.971740e-03
1.585664e-02
2.146806e-02
-1.160131e-01
-4.409436e+00
2.736817e-02
4.422978e-02
19
26
9.620849e-07
5.829302e-03
2.412210e-02
1.696775e-02
1.138831e-01
9.780676e-01
-3.033966e+00
-7.707078e-01
19
26
9.074316e-07
5.554164e-03
2.323846e-02
1.681311e-02
1.074326e-01
3.769367e+00
-1.547672e+00
-4.006501e+00
0
15
1.091311e-01
-8.156077e-03
-1.387747e-01
1.404550e-03
3.809153e-03
8.590401e-04
1.722287e-04
3.216556e-04
2.495963e-04
8.526431e-06
2.268904e-05
1.322389e-06
1.714205e-06
5.180324e-07
3.488475e-07
1.957698e-07
1
15
1.371684e-01
-2.069284e-01
2.892116e-03
8.221054e-03
1.920417e-03
3.877292e-04
7.266127e-04
5.668357e-04
1.951870e-05
5.251206e-05
3.167532e-06
4.222701e-06
1.355805e-06
9.932819e-07
1.395306e-06
2
20
-6.552500e-02
-3.568461e-02
-1.064315e-01
1.283798e-02
5.253211e-03
1.242614e-02
1.213711e-02
4.608630e-04
1.272784e-03
8.117366e-05
1.122014e-04
3.809011e-05
2.953665e-05
8.322967e-05
4.732705e-06
2.985056e-06
1.803549e-06
1.541009e-06
1.867970e-07
3
21
6.995787e-01
-1.063946e+00
-2.089837e-01
5.337291e-03
6.160756e-02
9.901770e-02
4.292594e-03
1.204262e-02
7.794095e-04
1.081768e-03
3.691890e-04
2.874975e-04
8.315517e-04
5.322995e-05
3.586736e-05
2.405918e-05
2.600871e-05
1.132216e-05
-1.248092e-06
4
24
5.511902e-01
-8.532502e-01
-1.763690e-01
-1.459451e-01
1.405077e-01
9.936554e-03
2.909159e-02
1.943255e-03
2.710130e-03
9.286420e-04
7.246759e-04
2.110054e-03
1.374980e-04
9.375260e-05
6.368017e-05
7.175380e-05
3.648077e-05
5.163152e-06
1.123345e-06
1.903852e-06
-1.942451e-07
5
24
9.729726e-01
-2.011985e-01
-1.179766e+00
-1.888830e-01
2.236173e-02
7.395603e-02
5.348058e-03
7.538825e-03
2.604933e-03
2.040659e-03
5.990365e-03
3.953013e-04
2.710475e-04
1.855601e-04
2.130222e-04
1.150835e-04
1.890691e-05
5.326195e-06
1.331139e-05
9.168082e-06
6
24
8.803224e-01
-6.146255e-01
-9.286735e-01
2.809513e-02
1.086108e-01
8.537422e-03
1.215993e-02
4.234765e-03
3.329171e-03
9.834185e-03
6.530563e-04
4.485428e-04
3.077592e-04
3.548148e-04
1.943918e-04
3.271024e-05
9.360897e-06
2.402650e-05
2.391895e-05
7
25
1.005855e+00
-1.721512e+00
1.886915e-02
1.389863e-01
1.351157e-02
1.969816e-02
6.978990e-03
5.528232e-03
1.654092e-02
1.110443e-03
7.640017e-04
5.251531e-04
6.074601e-04
3.358945e-04
5.747022e-05
1.660489e-05
4.308004e-05
5.403348e-05
-2.938568e-07
8
26
1.622544e-01
-2.052530e-01
-6.377346e-01
1.667096e-02
4.408110e-02
2.100936e-02
1.857958e-02
6.555617e-02
4.930075e-03
3.432785e-03
2.380434e-03
2.780153e-03
1.560954e-03
2.723939e-04
7.955464e-05
2.095090e-04
3.182233e-04
1.311561e-05
5.743676e-06
9
26
9.076145e-01
-1.545951e+00
-7.844862e-02
-1.685381e-02
2.231771e-02
2.827696e-02
1.408113e-01
1.249190e-02
8.825419e-03
6.180555e-03
7.282551e-03
4.123853e-03
7.239377e-04
2.118772e-04
5.595789e-04
8.695848e-04
4.380429e-05
3.416771e-05
10
26
4.437072e-01
-2.592715e-01
-6.003936e-01
-1.663171e-01
-8.787514e-02
7.192386e-02
2.676516e-02
2.024948e-02
1.481288e-02
1.810124e-02
1.055789e-02
1.877488e-03
5.511258e-04
1.459663e-03
2.294782e-03
1.215789e-04
1.262990e-04
11
26
9.088137e-01
-5.924280e-02
-5.759567e-01
-4.516697e-01
-5.058733e-01
4.279446e-02
3.676597e-02
2.886409e-02
3.722789e-02
2.261035e-02
4.086475e-03
1.203319e-03
3.195958e-03
5.061165e-03
2.732042e-04
3.117088e-04
12
26
1.113782e+00
-3.084299e-02
-5.220116e-01
-1.284496e+00
3.956940e-02
4.237734e-02
3.668537e-02
5.055661e-02
3.213714e-02
5.909091e-03
1.745611e-03
4.648680e-03
7.402255e-03
4.024466e-04
4.733070e-04
13
26
9.096699e-01
4.087290e-01
-2.060719e+00
1.696226e-02
4.073947e-02
4.284288e-02
6.570658e-02
4.457139e-02
8.385967e-03
2.487799e-03
6.647995e-03
1.065666e-02
5.832667e-04
7.008870e-04
14
26
9.100996e-01
-1.628851e+00
-2.312504e-02
2.859728e-02
4.300295e-02
7.556157e-02
5.497142e-02
1.058306e-02
3.152533e-03
8.452427e-03
1.363377e-02
7.500268e-04
9.118073e-04
15
26
2.255191e-01
-5.141853e-01
-3.725428e-01
-1.454834e-01
3.547690e-02
1.311550e-01
2.831761e-02
8.320182e-03
2.170538e-02
3.116646e-02
1.430294e-03
1.660113e-03
15
26
4.072208e-03
7.877191e-01
-8.257721e-01
-8.360093e-01
-3.407467e-01
3.036569e-01
7.105945e-02
1.995495e-02
4.880848e-02
5.361777e-02
1.258898e-03
9.092409e-04
16
26
5.830406e-03
6.258228e-01
-1.012065e+00
-9.660842e-01
3.434667e-01
1.020178e-01
2.898261e-02
7.111692e-02
7.804255e-02
1.824932e-03
1.317495e-03
16
26
-2.952384e-11
5.582970e-03
3.815079e-01
-1.715917e+00
2.912784e-01
1.469017e-01
4.250334e-02
1.050922e-01
1.150704e-01
2.669638e-03
1.926185e-03
17
26
-1.519195e-08
5.483999e-04
-9.870437e-01
-3.083974e-01
2.671062e-01
7.548268e-02
1.789901e-01
1.828185e-01
4.147876e-03
2.999346e-03
18
26
-1.007562e-09
-2.640889e-02
-2.314434e+00
2.875111e-01
2.227645e-01
6.040252e-01
5.945879e-01
1.203432e-02
8.682685e-03
18
26
4.384971e-12
6.191184e-05
-1.018645e-02
-2.657906e+00
-1.258066e-01
1.094555e+00
1.180388e+00
2.212131e-02
1.579327e-02
19
26
3.079342e-05
1.801165e-01
-3.077482e-01
-1.992811e+00
3.022483e-01
1.418962e+00
2.935754e-02
2.083512e-02
19
26
1.604617e-05
1.108158e-01
4.047097e-01
4.685947e-02
-2.203562e+00
1.732577e+00
3.413781e-02
2.518547e-02
19
26
5.992362e-06
4.104364e-02
1.633951e-01
1.138364e-01
6.493969e-01
2.678006e+00
1.682011e-01
8.307765e-02
19
26
5.411232e-06
3.136569e-02
1.191039e-01
9.154914e-02
4.946487e-01
7.326830e+00
1.109665e+00
2.016050e+00
19
26
7.846712e-06
4.501254e-02
1.691987e-01
1.293917e-01
7.274054e-01
7.202358e+00
4.037403e+00
3.603519e+00
0
15
5.291530e-02
-4.412369e-02
-7.966522e-03
1.208840e-03
2.377662e-03
3.284260e-04
5.434623e-05
9.056391e-05
6.601517e-05
2.967357e-06
1.064314e-05
1.013252e-06
1.625641e-06
6.457412e-07
5.663461e-07
1.446196e-06
1
15
1.309085e-01
-1.373596e-01
3.243302e-03
6.433216e-03
8.751875e-04
1.411699e-04
2.277933e-04
1.487430e-04
5.855797e-06
2.031935e-05
1.931766e-06
3.066468e-06
1.236749e-06
1.043130e-06
3.713882e-06
2
20
-1.022908e-01
-2.162583e-02
4.417609e-02
4.737973e-02
9.246289e-03
1.531149e-02
8.106205e-03
1.630863e-04
3.823631e-04
2.227648e-05
3.208444e-05
1.173158e-05
9.711213e-06
3.675936e-05
3.767046e-06
2.830334e-06
2.134369e-06
2.679022e-06
1.418730e-06
3
21
6.825101e-01
-1.410140e+00
3.214641e-01
1.001517e-01
1.887063e-01
1.103299e-01
2.134763e-03
4.557213e-03
2.123855e-04
2.796782e-04
9.303264e-05
7.279556e-05
2.416705e-04
2.331202e-05
1.858658e-05
1.488499e-05
2.098822e-05
1.400464e-05
5.857964e-06
4
24
-1.885138e-02
-6.903604e-01
3.033487e-02
3.142565e-01
3.383296e-01
7.759940e-03
1.622354e-02
6.843767e-04
8.510364e-04
2.631853e-04
1.957651e-04
5.550554e-04
4.428400e-05
3.430155e-05
2.697186e-05
3.869547e-05
3.039668e-05
7.199419e-06
2.527431e-06
6.639605e-06
4.241764e-06
5
24
4.852297e-01
-5.008600e-01
-8.399236e-01
7.488131e-01
3.089846e-02
6.618469e-02
2.723090e-03
3.279667e-03
9.670387e-04
6.925204e-04
1.694565e-03
1.030177e-04
7.505687e-05
5.628500e-05
7.692202e-05
5.857963e-05
1.399946e-05
4.569725e-06
1.340524e-05
2.392123e-05
6
24
8.578539e-01
-1.533992e+00
4.706850e-01
5.787013e-02
1.288173e-01
5.400924e-03
6.465459e-03
1.883669e-03
1.333972e-03
3.098356e-03
1.646394e-04
1.152569e-04
8.340508e-05
1.094770e-04
8.210415e-05
1.869314e-05
5.943272e-06
1.744473e-05
3.945624e-05
7
25
5.013477e-01
-8.977927e-01
1.023718e-01
2.546857e-01
1.149088e-02
1.378536e-02
4.000316e-03
2.814660e-03
6.276751e-03
2.914984e-04
1.941966e-04
1.339152e-04
1.658726e-04
1.148466e-04
2.584479e-05
8.374861e-06
2.484418e-05
5.993631e-05
9.026798e-07
8
26
-3.201353e-01
-1.737471e-01
1.920800e-01
7.683370e-02
1.058403e-01
3.371931e-02
2.451535e-02
5.505231e-02
2.150390e-03
1.291210e-03
7.873131e-04
8.028743e-04
4.108752e-04
7.530497e-05
2.302670e-05
6.501528e-05
1.445151e-04
1.580977e-05
1.653880e-05
9
26
8.842156e-01
-1.710415e+00
1.521853e-01
2.787029e-01
1.037760e-01
7.980823e-02
1.922714e-01
7.688688e-03
4.532459e-03
2.685883e-03
2.581985e-03
1.152915e-03
1.829219e-04
5.342524e-05
1.436553e-04
2.832218e-04
2.838694e-05
4.885016e-05
10
26
-1.809970e-01
-2.834027e-01
-3.016626e-01
5.156009e-02
1.078374e-01
5.306633e-01
3.051921e-02
1.829520e-02
1.085477e-02
1.019949e-02
4.153984e-03
5.734831e-04
1.581702e-04
3.978811e-04
6.217176e-04
4.982498e-05
9.946866e-05
11
26
8.853758e-01
-9.899364e-01
-5.932261e-01
-2.394159e-01
7.251990e-01
8.326284e-02
5.159997e-02
3.117947e-02
2.951383e-02
1.178551e-02
1.545349e-03
4.153407e-04
1.010324e-03
1.355199e-03
8.543053e-05
1.764241e-04
12
26
8.197072e-01
-4.960913e-01
-7.257278e-01
5.829603e-02
1.293200e-01
8.402933e-02
5.222557e-02
5.043003e-02
2.028354e-02
2.625593e-03
6.996261e-04
1.680283e-03
2.104000e-03
1.137354e-04
2.296437e-04
13
26
8.862309e-01
-1.314064e-01
-1.280464e+00
1.845971e-01
1.288150e-01
8.335848e-02
8.287200e-02
3.389863e-02
4.371612e-03
1.158773e-03
2.760292e-03
3.284689e-03
1.538614e-04
2.975611e-04
14
26
8.866384e-01
-1.562508e+00
2.178163e-01
1.657070e-01
1.121909e-01
1.151558e-01
4.809916e-02
6.220006e-03
1.645544e-03
3.904747e-03
4.518098e-03
1.922155e-04
3.556287e-04
15
26
-3.982191e-01
-4.251049e-01
-3.749368e-02
1.857967e-01
3.660045e-01
1.723285e-01
1.838489e-02
4.505142e-03
9.956525e-03
9.800234e-03
3.099593e-04
4.639547e-04
15
26
3.681876e-03
3.144509e-01
-1.317695e+00
-4.284022e-01
6.330766e-01
4.235281e-01
2.663315e-02
4.550392e-03
6.028583e-03
-7.222869e-04
-5.496254e-05
-2.702166e-05
16
26
3.908796e-03
4.242223e-02
-1.283213e+00
2.350068e-01
6.647766e-01
4.494030e-02
7.657420e-03
9.912858e-03
-1.854882e-03
-1.031088e-04
-5.046830e-05
16
26
-3.527552e-11
6.775192e-04
-3.052717e-01
-9.003085e-01
1.015984e+00
8.296626e-02
1.466892e-02
2.028583e-02
-6.019719e-04
-1.453720e-04
-7.178971e-05
17
26
-1.147029e-08
-6.414005e-03
-1.544177e+00
1.113315e+00
1.130330e-01
8.129952e-03
-1.643969e-02
-5.466924e-02
-8.430789e-04
-3.986465e-04
18
26
5.048458e-09
-2.717190e-02
-1.237417e+00
8.833713e-01
1.884257e-01
2.027103e-01
-1.779651e-01
-4.045657e-03
-1.941652e-03
18
26
3.114234e-12
3.683982e-05
4.248979e-01
-1.040765e+00
4.896879e-01
6.200840e-01
-2.300582e-01
-8.704882e-03
-4.230445e-03
19
26
3.755063e-06
1.840537e-01
8.276426e-01
-1.104721e+00
1.376687e+00
-5.120150e-01
-1.061903e-02
-5.318454e-03
19
26
-2.748560e-06
5.138284e-02
2.444274e-01
3.042196e-01
1.306154e+00
-1.904466e-02
-1.491914e-02
-7.165121e-03
19
26
-3.036090e-06
-1.158046e-02
-3.058581e-02
-4.116095e-02
4.215125e-02
4.485157e+00
-4.206730e-02
-7.497739e-02
19
26
-1.871644e-06
-1.132738e-02
-4.681278e-02
-3.299245e-02
-2.198426e-01
-1.482354e+00
4.391329e+00
1.334880e+00
19
26
-1.773853e-06
-1.084862e-02
-4.534864e-02
-3.283387e-02
-2.092941e-01
-6.396234e+00
2.684978e+00
6.314301e+00
0