27
5
1.000000e+07
2.231300e+06
1.737740e+06
5.247520e+04
4.086770e+04
1.170880e+04
5.530840e+03
4.307430e+03
2.034680e+03
2.753650e+02
2.144540e+02
4.785120e+01
3.726650e+01
2.260330e+01
1.760350e+01
1.370960e+01
2.382400e+00
1.637400e+00
1.125400e+00
7.734400e-01
3.652800e-01
1.370000e-01
9.708000e-02
8.539700e-02
5.452000e-02
5.980400e-03
3.342300e-03
1.000000e-05
0.000000e+00
0.000000e+00
0.000000e+00
0.000000e+00
0.000000e+00
0.000000e+00
0.000000e+00
0.000000e+00
0.000000e+00
0.000000e+00
0.000000e+00
0.000000e+00
0.000000e+00
0.000000e+00
0.000000e+00
0.000000e+00
0.000000e+00
0.000000e+00
0.000000e+00
0.000000e+00
0.000000e+00
0.000000e+00
0.000000e+00
0.000000e+00
0.000000e+00
0.000000e+00
0.000000e+00
9.312197e-04
5.776765e-06
7.145453e-06
1.358607e-05
2.199522e-05
3.778425e-05
4.906564e-05
6.398666e-05
1.337488e-04
2.259313e-04
3.584551e-04
5.426513e-04
6.558930e-04
7.896927e-04
8.949097e-04
1.529488e-03
2.512677e-03
3.030871e-03
3.656944e-03
4.874951e-03
8.182098e-03
1.048147e-02
1.167763e-02
1.357093e-02
2.218102e-02
5.125439e-02
8.043431e-02
5.607476e-02
9.345794e-03
1.308411e-01
9.345794e-03
4.672897e-02
2.803738e-02
9.345794e-03
2.803738e-02
7.476635e-02
9.345794e-03
5.607476e-02
9.345794e-03
1.869159e-02
9.345794e-03
9.345794e-03
6.542056e-02
1.869159e-02
2.803738e-02
2.803738e-02
6.542056e-02
1.121495e-01
2.803738e-02
9.345794e-03
2.803738e-02
7.476635e-02
9.345794e-03
2.803738e-02
0.000000e+00
0.000000e+00
0.000000e+00
0.000000e+00
0.000000e+00
0.000000e+00
0.000000e+00
0.000000e+00
0.000000e+00
0.000000e+00
0.000000e+00
0.000000e+00
0.000000e+00
0.000000e+00
0.000000e+00
0.000000e+00
0.000000e+00
0.000000e+00
0.000000e+00
0.000000e+00
0.000000e+00
0.000000e+00
0.000000e+00
0.000000e+00
0.000000e+00
0.000000e+00
0.000000e+00
1.842400e-01
2.529915e-01
5.833553e-01
1.179520e+00
1.312480e+00
1.420549e+00
1.448589e+00
1.464660e+00
1.483293e+00
1.488865e+00
1.490153e+00
1.490954e+00
1.491421e+00
1.492570e+00
1.493286e+00
1.496930e+00
1.524976e+00
1.549472e+00
1.582756e+00
1.681789e+00
2.070831e+00
2.339705e+00
2.476595e+00
2.700814e+00
3.673043e+00
5.634735e+00
7.217455e+00
1.822866e-01
2.523516e-01
5.809547e-01
1.180611e+00
1.313186e+00
1.420836e+00
1.448770e+00
1.464768e+00
1.483324e+00
1.488875e+00
1.490159e+00
1.490958e+00
1.491429e+00
1.492587e+00
1.493299e+00
1.496937e+00
1.524976e+00
1.549472e+00
1.582756e+00
1.681789e+00
2.070831e+00
2.339705e+00
2.476595e+00
2.700814e+00
3.673043e+00
5.634735e+00
7.217455e+00
4.291401e+00
2.855679e+00
1.443861e+00
7.039929e-01
6.449549e-01
6.027823e-01
5.928241e-01
5.872982e-01
5.809663e-01
5.790463e-01
5.785305e-01
5.781389e-01
5.779041e-01
5.774255e-01
5.771189e-01
5.757100e-01
5.728895e-01
5.709349e-01
5.684371e-01
5.623662e-01
5.401739e-01
5.210440e-01
5.099431e-01
4.913374e-01
4.098059e-01
2.275531e-01
1.606281e-01
0.000000e+00
0.000000e+00
0.000000e+00
0.000000e+00
0.000000e+00
0.000000e+00
0.000000e+00
0.000000e+00
0.000000e+00
0.000000e+00
0.000000e+00
0.000000e+00
0.000000e+00
0.000000e+00
0.000000e+00
0.000000e+00
0.000000e+00
0.000000e+00
0.000000e+00
0.000000e+00
0.000000e+00
0.000000e+00
0.000000e+00
0.000000e+00
0.000000e+00
0.000000e+00
0.000000e+00
0.000000e+00
0.000000e+00
0.000000e+00
0.000000e+00
0.000000e+00
0.000000e+00
0.000000e+00
0.000000e+00
0.000000e+00
0.000000e+00
0.000000e+00
0.000000e+00
0.000000e+00
0.000000e+00
0.000000e+00
0.000000e+00
0.000000e+00
0.000000e+00
0.000000e+00
0.000000e+00
0.000000e+00
0.000000e+00
0.000000e+00
0.000000e+00
0.000000e+00
0.000000e+00
0.000000e+00
0
15
8.535692e-02
2.446640e-02
7.126997e-02
4.902534e-04
1.231128e-03
2.607508e-04
5.163089e-05
9.591077e-05
7.423699e-05
2.570127e-06
7.029569e-06
4.466243e-07
6.215723e-07
2.213175e-07
1.879437e-07
5.177610e-07
1
15
5.224048e-02
1.955052e-01
1.159036e-03
2.911763e-03
6.169547e-04
1.221760e-04
2.269700e-04
1.756950e-04
6.082528e-06
1.663889e-05
1.056980e-06
1.464265e-06
4.996909e-07
3.889359e-07
1.334953e-06
2
20
4.512787e-01
3.083310e-02
7.222848e-02
1.530526e-02
3.030957e-03
5.630741e-03
4.358773e-03
1.509106e-04
4.127683e-04
2.622410e-05
3.632875e-05
1.238723e-05
9.647298e-06
2.820717e-05
1.904737e-06
1.294151e-06
8.932306e-07
1.032252e-06
5.562758e-07
3
21
1.841488e-01
7.277439e-01
1.411985e-01
2.796222e-02
5.194670e-02
4.021216e-02
1.392232e-03
3.808028e-03
2.419373e-04
3.351607e-04
1.142779e-04
8.900637e-05
2.589068e-04
1.703013e-05
1.170426e-05
8.043230e-06
9.339976e-06
5.443778e-06
2.697381e-06
4
24
6.224367e-01
3.696192e-01
7.087089e-02
1.316602e-01
1.019188e-01
3.528661e-03
9.651550e-03
6.131897e-04
8.494603e-04
2.896473e-04
2.255795e-04
6.562082e-04
4.315931e-05
2.966146e-05
2.038956e-05
2.364476e-05
1.322522e-05
2.573175e-06
9.322991e-07
2.428867e-06
1.797420e-06
5
24
4.898096e-01
2.217729e-01
3.740531e-01
2.895551e-01
1.002506e-02
2.742040e-02
1.742090e-03
2.413353e-03
8.228964e-04
6.408808e-04
1.864288e-03
1.226154e-04
8.426790e-05
5.792759e-05
6.718025e-05
3.757280e-05
6.569818e-06
1.922862e-06
5.082346e-06
8.748134e-06
6
24
2.178082e-01
6.786040e-01
4.774046e-01
1.652885e-02
4.520945e-02
2.872278e-03
3.979022e-03
1.356755e-03
1.056653e-03
3.073765e-03
2.021698e-04
1.389350e-04
9.550488e-05
1.107579e-04
6.194379e-05
1.083370e-05
3.170001e-06
8.381812e-06
1.456119e-05
7
25
5.030983e-01
8.341594e-01
2.816741e-02
7.704310e-02
4.894747e-03
6.780792e-03
2.312088e-03
1.800680e-03
5.238115e-03
3.445135e-04
2.367706e-04
1.627585e-04
1.887510e-04
1.055642e-04
1.846169e-05
5.402284e-06
1.427705e-05
2.453701e-05
4.433159e-07
8
26
8.878682e-01
1.377334e-01
3.554629e-01
2.258344e-02
3.128532e-02
1.066754e-02
8.308005e-03
2.416765e-02
1.589525e-03
1.092399e-03
7.509407e-04
8.708472e-04
4.870596e-04
8.517207e-05
2.492706e-05
6.587878e-05
1.035653e-04
6.265314e-06
6.258915e-06
9
26
2.228060e-01
9.972088e-01
5.941982e-02
8.231551e-02
2.806761e-02
2.185941e-02
6.358804e-02
4.182250e-03
2.874235e-03
1.975821e-03
2.291322e-03
1.281523e-03
2.241064e-04
6.558596e-05
1.733354e-04
2.724852e-04
1.480963e-05
1.852642e-05
10
26
7.733231e-01
1.665534e-01
2.163762e-01
7.377868e-02
5.745974e-02
1.671481e-01
1.099347e-02
7.555251e-03
5.193642e-03
6.022944e-03
3.368573e-03
5.890714e-04
1.723985e-04
4.556304e-04
7.162713e-04
3.892785e-05
4.908459e-05
11
26
2.230256e-01
5.362490e-01
1.617260e-01
1.259536e-01
3.663949e-01
2.409812e-02
1.656138e-02
1.138464e-02
1.320253e-02
7.384042e-03
1.291281e-03
3.779003e-04
9.987721e-04
1.570094e-03
8.531952e-05
1.078759e-04
12
26
3.872662e-01
2.682270e-01
1.847646e-01
5.374645e-01
3.534953e-02
2.429390e-02
1.670017e-02
1.936679e-02
1.083166e-02
1.894167e-03
5.543458e-04
1.465087e-03
2.303154e-03
1.251729e-04
1.583467e-04
13
26
2.231719e-01
3.288554e-01
7.764478e-01
5.106726e-02
3.509596e-02
2.412573e-02
2.797803e-02
1.564785e-02
2.736386e-03
8.008382e-04
2.116526e-03
3.327234e-03
1.808358e-04
2.288660e-04
14
26
2.232479e-01
1.059361e+00
6.560087e-02
4.508411e-02
3.099183e-02
3.594042e-02
2.010116e-02
3.515147e-03
1.028744e-03
2.718873e-03
4.274139e-03
2.322979e-04
2.940696e-04
15
26
8.489675e-01
2.121147e-01
1.388688e-01
9.518037e-02
1.098379e-01
5.976424e-02
9.860415e-03
2.804928e-03
7.153426e-03
9.886106e-03
4.418676e-04
5.199523e-04
15
26
9.288236e-04
3.945740e-01
3.968528e-01
2.431358e-01
2.785490e-01
1.476562e-01
2.263448e-02
6.183240e-03
1.495483e-02
1.633339e-02
3.834579e-04
2.768789e-04
16
26
1.852172e-03
4.299649e-01
3.992631e-01
4.091558e-01
2.173068e-01
3.320033e-02
9.060735e-03
2.187369e-02
2.380545e-02
5.565570e-04
4.016224e-04
16
26
9.865304e-12
3.787391e-03
4.774652e-01
6.464852e-01
3.204027e-01
4.915642e-02
1.338517e-02
3.224162e-02
3.478700e-02
8.068300e-04
5.819257e-04
17
26
4.206229e-09
3.882928e-03
8.013503e-01
6.418333e-01
8.902520e-02
2.383749e-02
5.637892e-02
5.838450e-02
1.293590e-03
9.277409e-04
18
26
9.447069e-10
5.990699e-03
1.123363e+00
4.103572e-01
9.316443e-02
2.171824e-01
2.055847e-01
4.100461e-03
2.906330e-03
18
26
1.362841e-12
2.041200e-05
1.988171e-01
1.047579e+00
2.784179e-01
4.203619e-01
3.720171e-01
7.067336e-03
4.942073e-03
19
26
9.433209e-06
7.239562e-02
4.823603e-01
6.087351e-01
8.285572e-01
4.571487e-01
9.250968e-03
6.459788e-03
19
26
4.906202e-06
3.648103e-02
1.552484e-01
1.797856e-01
1.432230e+00
8.646716e-01
1.096339e-02
7.858438e-03
19
26
1.923327e-06
1.267603e-02
5.028331e-02
3.613825e-02
3.217196e-01
3.109968e+00
8.186126e-02
3.821410e-02
19
26
1.700211e-06
9.886453e-03
3.774912e-02
2.883475e-02
1.589981e-01
3.279056e+00
1.287180e+00
7.817743e-01
19
26
2.427533e-06
1.395500e-02
5.263520e-02
4.016723e-02
2.272217e-01
3.063178e+00
1.565802e+00
2.174060e+00
0
15
1.472285e-01
4.558384e-02
1.101567e-01
1.867178e-04
3.556335e-04
4.770242e-05
7.856566e-06
1.307879e-05
9.559711e-06
4.345405e-07
1.581384e-06
1.576022e-07
2.620579e-07
1.200460e-07
1.257707e-07
4.992567e-07
1
15
1.133091e-01
2.917684e-01
5.466669e-04
1.032588e-03
1.341188e-04
2.143442e-05
3.445144e-05
2.241448e-05
8.827236e-07
3.102290e-06
2.922314e-07
4.924507e-07
1.937285e-07
1.753387e-07
1.090195e-06
2
20
7.702686e-01
5.390840e-02
1.041098e-01
1.279106e-02
1.931624e-03
2.885288e-03
1.363820e-03
2.589892e-05
6.024864e-05
3.485729e-06
5.017511e-06
1.838503e-06
1.523458e-06
6.063007e-06
7.455240e-07
5.821419e-07
4.755642e-07
7.069575e-07
6.152736e-07
3
21
4.160253e-01
1.433978e+00
1.827799e-01
2.752201e-02
4.094479e-02
1.893773e-02
3.284590e-04
6.935260e-04
3.202200e-05
4.213538e-05
1.400702e-05
1.096770e-05
3.650547e-05
3.552202e-06
2.846801e-06
2.282511e-06
3.795734e-06
4.084840e-06
3.180188e-06
4
24
1.322327e+00
7.149180e-01
1.091750e-01
1.622077e-01
7.448507e-02
1.250658e-03
2.538353e-03
1.042867e-04
1.292439e-04
3.986248e-05
2.961888e-05
8.390549e-05
6.720255e-06
5.222915e-06
4.147789e-06
5.913229e-06
4.584242e-06
1.424485e-06
6.836576e-07
1.996495e-06
1.875210e-06
5
24
1.066134e+00
4.673182e-01
7.217391e-01
3.303796e-01
5.467012e-03
1.089014e-02
4.203692e-04
5.022525e-04
1.471421e-04
1.050856e-04
2.560475e-04
1.553868e-05
1.132998e-05
8.498537e-06
1.170971e-05
9.316313e-06
2.327381e-06
7.757936e-07
2.327381e-06
7.316652e-06
6
24
5.106259e-01
1.431671e+00
6.807878e-01
1.122484e-02
2.225393e-02
8.448630e-04
9.990204e-04
2.882275e-04
2.032274e-04
4.688749e-04
2.479411e-05
1.736347e-05
1.260471e-05
1.674203e-05
1.310798e-05
2.832567e-06
8.842500e-07
2.656075e-06
9.043387e-06
7
25
1.102182e+00
1.508438e+00
2.511635e-02
4.962346e-02
1.860893e-03
2.183141e-03
6.223372e-04
4.344628e-04
9.569741e-04
4.397351e-05
2.927818e-05
2.018983e-05
2.501008e-05
1.737211e-05
4.027098e-06
1.314495e-06
3.921974e-06
1.287840e-05
5.280968e-07
8
26
1.872222e+00
2.625272e-01
5.306479e-01
1.961891e-02
2.280364e-02
6.407322e-03
4.417825e-03
9.155290e-03
3.323287e-04
1.981729e-04
1.202656e-04
1.221389e-04
6.232017e-05
1.141039e-05
3.492829e-06
9.880220e-06
2.248373e-05
3.414868e-06
5.210479e-06
9
26
5.247509e-01
1.974309e+00
7.494072e-02
8.699352e-02
2.439375e-02
1.678956e-02
3.447926e-02
1.200217e-03
6.987613e-04
4.106163e-04
3.918549e-04
1.739340e-04
2.755337e-05
8.050091e-06
2.163423e-05
4.292093e-05
4.441929e-06
1.123261e-05
10
26
1.664791e+00
3.298679e-01
3.936516e-01
1.102679e-01
7.582486e-02
1.549771e-01
5.273361e-03
3.028196e-03
1.745382e-03
1.600133e-03
6.381501e-04
8.729099e-05
2.403440e-05
6.037821e-05
9.425016e-05
7.640627e-06
1.913995e-05
11
26
5.253737e-01
1.142466e+00
3.357844e-01
2.308410e-01
4.712021e-01
1.593236e-02
9.113362e-03
5.223355e-03
4.730996e-03
1.820544e-03
2.349533e-04
6.298382e-05
1.528349e-04
2.043267e-04
1.290697e-05
3.066509e-05
12
26
8.523177e-01
5.714606e-01
4.122921e-01
8.412558e-01
2.838679e-02
1.621681e-02
9.277763e-03
8.369636e-03
3.181924e-03
4.020793e-04
1.066679e-04
2.552851e-04
3.177617e-04
1.717459e-05
3.838796e-05
13
26
5.257986e-01
6.547424e-01
1.451022e+00
4.889993e-02
2.791306e-02
1.595072e-02
1.435263e-02
5.413686e-03
6.745469e-04
1.777037e-04
4.211624e-04
4.968405e-04
2.318930e-05
4.822998e-05
14
26
5.260124e-01
2.055035e+00
7.111566e-02
4.057752e-02
2.317388e-02
2.082466e-02
7.822832e-03
9.675001e-04
2.538893e-04
5.986325e-04
6.848191e-04
2.895608e-05
5.670450e-05
15
26
1.811987e+00
3.972675e-01
2.257946e-01
1.250414e-01
1.045047e-01
3.174117e-02
2.986343e-03
7.199896e-04
1.571269e-03
1.507033e-03
4.661765e-05
7.133837e-05
15
26
2.496690e-03
8.865088e-01
7.843268e-01
4.425392e-01
3.484071e-01
8.217195e-02
4.101278e-03
6.885544e-04
9.063438e-04
-1.079397e-04
-8.217287e-06
-4.039429e-06
16
26
4.712244e-03
9.656546e-01
7.549459e-01
6.173700e-01
1.451631e-01
7.049761e-03
1.169051e-03
1.498021e-03
-2.777783e-04
-1.544084e-05
-7.556041e-06
16
26
2.121023e-11
9.033233e-03
1.067809e+00
1.075656e+00
2.611641e-01
1.311485e-02
2.231059e-03
3.028501e-03
-1.030774e-04
-2.167310e-05
-1.069765e-05
17
26
6.815219e-09
8.628987e-03
1.628211e+00
6.940150e-01
1.840947e-02
1.255252e-03
-2.693649e-03
-8.780253e-03
-1.326330e-04
-6.237154e-05
18
26
1.037254e-09
1.073980e-02
1.899570e+00
3.422366e-01
3.328206e-02
3.682735e-02
-2.951960e-02
-6.883785e-04
-3.282017e-04
18
26
4.440913e-13
5.566907e-06
1.840108e-01
1.711042e+00
2.947744e-01
9.720509e-02
-3.999241e-02
-1.336576e-03
-6.443230e-04
19
26
5.632029e-07
2.745564e-02
5.196595e-01
1.090642e+00
6.696032e-01
-8.993426e-02
-1.613823e-03
-8.025706e-04
19
26
-4.213979e-07
7.111378e-03
3.697954e-02
1.476993e-01
1.869909e+00
1.009888e-01
-2.320543e-03
-1.093943e-03
19
26
-4.633160e-07
-1.814483e-03
-5.451176e-03
-7.158903e-03
4.107629e-02
1.801257e+00
-9.053141e-03
-1.549888e-02
19
26
-2.839037e-07
-1.721295e-03
-7.129261e-03
-5.012654e-03
-3.400766e-02
-3.531575e-01
1.079672e+00
2.490310e-01
19
26
-2.670300e-07
-1.635205e-03
-6.845727e-03
-4.952364e-03
-3.179294e-02
-1.245113e+00
4.976324e-01
1.371888e+00
0
15
1.830462e-01
5.396259e-02
-1.765712e-02
-1.163809e-03
-2.986500e-03
-6.442282e-04
-1.280377e-04
-2.382294e-04
-1.845358e-04
-6.362584e-06
-1.726107e-05
-1.069497e-06
-1.457054e-06
-4.909148e-07
-3.866595e-07
-8.007994e-07
1
15
1.345283e-01
1.748460e-01
-2.682207e-03
-6.966475e-03
-1.517887e-03
-3.023019e-04
-5.630487e-04
-4.368580e-04
-1.510037e-05
-4.110159e-05
-2.571942e-06
-3.525109e-06
-1.183471e-06
-9.024010e-07
-2.408798e-06
2
20
7.055150e-01
2.762413e-02
-3.941647e-02
-2.839070e-02
-6.453445e-03
-1.271808e-02
-1.049545e-02
-3.734460e-04
-1.024438e-03
-6.516365e-05
-9.021455e-05
-3.072323e-05
-2.389872e-05
-6.903518e-05
-4.398059e-06
-2.923628e-06
-1.938920e-06
-2.064839e-06
-8.438707e-07
3
21
5.386920e-01
1.194358e+00
-1.534083e-01
-4.727414e-02
-1.026482e-01
-9.269387e-02
-3.415868e-03
-9.412673e-03
-6.013096e-04
-8.334926e-04
-2.842610e-04
-2.213854e-04
-6.429246e-04
-4.195725e-05
-2.865709e-05
-1.956931e-05
-2.219623e-05
-1.188356e-05
-3.234067e-06
4
24
1.541390e+00
3.787279e-01
-3.297141e-02
-1.561610e-01
-2.056138e-01
-8.442867e-03
-2.354431e-02
-1.517996e-03
-2.107081e-03
-7.195033e-04
-5.606991e-04
-1.631530e-03
-1.070113e-04
-7.337072e-05
-5.025833e-05
-5.780282e-05
-3.148432e-05
-5.536363e-06
-1.747357e-06
-4.156443e-06
-2.470105e-06
5
24
1.379925e+00
4.848063e-01
2.511057e-01
-3.882689e-01
-2.254908e-02
-6.478795e-02
-4.269913e-03
-5.945361e-03
-2.035159e-03
-1.587770e-03
-4.631196e-03
-3.049101e-04
-2.094010e-04
-1.437836e-04
-1.662198e-04
-9.203197e-05
-1.579963e-05
-4.584738e-06
-1.192544e-05
-1.577770e-05
6
24
6.797676e-01
1.483483e+00
-3.371808e-01
-3.495387e-02
-1.035628e-01
-6.973147e-03
-9.737540e-03
-3.340804e-03
-2.608998e-03
-7.623884e-03
-5.028764e-04
-3.455401e-04
-2.373865e-04
-2.748067e-04
-1.527762e-04
-2.643706e-05
-7.687679e-06
-2.006212e-05
-2.933398e-05
7
25
1.427121e+00
5.185022e-01
-5.152910e-02
-1.647146e-01
-1.164081e-02
-1.635816e-02
-5.639261e-03
-4.413539e-03
-1.294519e-02
-8.566059e-04
-5.889100e-04
-4.048154e-04
-4.691073e-04
-2.614699e-04
-4.542943e-05
-1.324603e-05
-3.484229e-05
-5.383053e-05
-5.125730e-07
8
26
1.912438e+00
1.679126e-01
-1.648287e-01
-4.144043e-02
-6.352116e-02
-2.328239e-02
-1.870433e-02
-5.725533e-02
-3.913787e-03
-2.700143e-03
-1.860947e-03
-2.162700e-03
-1.210986e-03
-2.116445e-04
-6.190059e-05
-1.634262e-04
-2.543113e-04
-1.358366e-05
-1.111077e-05
9
26
7.009971e-01
1.474692e+00
-6.958463e-02
-1.286925e-01
-5.245709e-02
-4.387499e-02
-1.426692e-01
-1.016760e-02
-7.043571e-03
-4.868251e-03
-5.672092e-03
-3.183987e-03
-5.574016e-04
-1.631542e-04
-4.310990e-04
-6.753624e-04
-3.590711e-05
-3.887197e-05
10
26
1.849188e+00
2.468616e-01
8.134264e-02
-4.180081e-02
-5.704935e-02
-2.878993e-01
-2.529620e-02
-1.783979e-02
-1.247832e-02
-1.468972e-02
-8.317605e-03
-1.461794e-03
-4.281857e-04
-1.132398e-03
-1.780185e-03
-9.602844e-05
-1.135289e-04
11
26
7.019325e-01
1.351280e+00
1.781657e-01
3.858649e-02
-3.864571e-01
-5.143170e-02
-3.720783e-02
-2.645684e-02
-3.157821e-02
-1.808054e-02
-3.192507e-03
-9.360073e-04
-2.477340e-03
-3.903006e-03
-2.117094e-04
-2.588029e-04
12
26
1.157068e+00
6.760080e-01
3.097047e-01
-1.885473e-01
-6.922946e-02
-5.164424e-02
-3.742259e-02
-4.535796e-02
-2.628528e-02
-4.663927e-03
-1.368705e-03
-3.625483e-03
-5.721065e-03
-3.109670e-04
-3.843263e-04
13
26
7.025868e-01
9.113746e-01
4.291033e-01
-8.848739e-02
-6.916404e-02
-5.149061e-02
-6.373785e-02
-3.753226e-02
-6.702028e-03
-1.969175e-03
-5.221225e-03
-8.255233e-03
-4.496033e-04
-5.598505e-04
14
26
7.029134e-01
1.408980e+00
-9.949191e-02
-8.215072e-02
-6.298052e-02
-7.967733e-02
-4.767161e-02
-8.565322e-03
-2.519593e-03
-6.686887e-03
-1.059193e-02
-5.777471e-04
-7.222386e-04
15
26
1.917325e+00
1.937055e-01
-2.954718e-02
-9.638824e-02
-1.874936e-01
-1.337050e-01
-2.370962e-02
-6.807160e-03
-1.747402e-02
-2.441682e-02
-1.099515e-03
-1.288160e-03
15
26
3.504914e-03
1.128152e+00
6.893762e-01
7.181523e-02
-3.189837e-01
-3.244509e-01
-5.582777e-02
-1.537661e-02
-3.731519e-02
-4.082600e-02
-9.584963e-04
-6.921452e-04
16
26
6.222906e-03
1.188429e+00
5.576389e-01
-2.149285e-01
-4.491728e-01
-8.138821e-02
-2.247858e-02
-5.453109e-02
-5.949469e-02
-1.391029e-03
-1.003929e-03
16
26
1.337259e-11
1.111291e-02
1.251380e+00
2.421001e-01
-6.000100e-01
-1.192217e-01
-3.304533e-02
-8.021628e-02
-8.693192e-02
-2.016581e-03
-1.454638e-03
17
26
3.037714e-09
9.541686e-03
1.396742e+00
-7.440152e-01
-2.175205e-01
-5.919625e-02
-1.400641e-01
-1.443073e-01
-3.219054e-03
-2.314497e-03
18
26
-1.366499e-09
5.582635e-03
4.843669e-01
-6.331398e-01
-2.127592e-01
-5.263173e-01
-5.085365e-01
-1.015079e-02
-7.231710e-03
18
26
-3.286277e-12
-4.953642e-05
-2.710056e-01
8.604613e-02
-3.281009e-01
-9.517925e-01
-9.159151e-01
-1.745512e-02
-1.228034e-02
19
26
-2.353680e-05
-1.630673e-01
-5.530285e-01
2.245449e-01
-1.257069e+00
-1.107733e+00
-2.288876e-02
-1.606045e-02
19
26
-1.221584e-05
-8.788347e-02
-3.504770e-01
-2.694428e-01
-1.092047e+00
-1.814317e+00
-2.695320e-02
-1.950124e-02
19
26
-4.713563e-06
-3.134728e-02
-1.237593e-01
-8.753076e-02
-6.727782e-01
-5.506113e+00
-1.800126e-01
-8.534238e-02
19
26
-4.210554e-06
-2.446064e-02
-9.324395e-02
-7.135189e-02
-3.907514e-01
-7.210253e+00
-2.340522e+00
-1.785692e+00
19
26
-6.042662e-06
-3.471495e-02
-1.308030e-01
-9.987925e-02
-5.638147e-01
-6.838569e+00
-3.578571e+00
-4.434853e+00
0
15
1.577246e-01
2.356839e-02
-1.527851e-01
-6.359304e-04
-1.225086e-03
-1.660591e-04
-2.740051e-05
-4.563816e-05
-3.336467e-05
-1.511850e-06
-5.481958e-06
-5.385562e-07
-8.826501e-07
-3.792144e-07
-3.737438e-07
-1.234683e-06
1
15
1.420823e-01
-1.307973e-01
-1.833938e-03
-3.523509e-03
-4.651905e-04
-7.459996e-05
-1.200592e-04
-7.821448e-05
-3.084951e-06
-1.075749e-05
-1.028433e-06
-1.681681e-06
-6.818733e-07
-5.744306e-07
-2.915824e-06
2
20
2.549588e-01
-1.946080e-02
-1.701022e-01
-3.714434e-02
-6.112632e-03
-9.459260e-03
-4.652187e-03
-9.010161e-05
-2.099824e-04
-1.215370e-05
-1.748857e-05
-6.398452e-06
-5.301685e-06
-2.062083e-05
-2.339529e-06
-1.797872e-06
-1.419824e-06
-1.988062e-06
-1.387055e-06
3
21
6.625245e-01
4.415256e-02
-4.339258e-01
-7.891379e-02
-1.262238e-01
-6.312434e-02
-1.137701e-03
-2.411633e-03
-1.117326e-04
-1.470326e-04
-4.889591e-05
-3.827874e-05
-1.272951e-04
-1.229660e-05
-9.913748e-06
-8.101980e-06
-1.168718e-05
-9.463838e-06
-6.808618e-06
4
24
1.210255e+00
-3.779379e-01
-1.997468e-01
-3.894874e-01
-2.282998e-01
-4.267757e-03
-8.752760e-03
-3.629641e-04
-4.503564e-04
-1.390251e-04
-1.033350e-04
-2.927832e-04
-2.342578e-05
-1.817662e-05
-1.433602e-05
-2.061731e-05
-1.626400e-05
-4.577967e-06
-1.944551e-06
-5.571696e-06
-4.470584e-06
5
24
1.346452e+00
2.023878e-01
-6.680272e-01
-8.205720e-01
-1.804378e-02
-3.685421e-02
-1.454964e-03
-1.743316e-03
-5.119012e-04
-3.659379e-04
-8.929637e-04
-5.421098e-05
-3.951244e-05
-2.967501e-05
-4.082539e-05
-3.139747e-05
-7.418215e-06
-2.425711e-06
-7.251952e-06
-1.877304e-05
6
24
8.344765e-01
6.170732e-01
-1.331477e+00
-3.590639e-02
-7.401680e-02
-2.909366e-03
-3.455126e-03
-1.000252e-03
-7.064463e-04
-1.633731e-03
-8.655428e-05
-6.060713e-05
-4.382905e-05
-5.753881e-05
-4.418790e-05
-1.047103e-05
-3.336912e-06
-9.936705e-06
-2.670733e-05
7
25
1.392273e+00
-1.137922e+00
-7.449367e-02
-1.584411e-01
-6.332974e-03
-7.488250e-03
-2.148117e-03
-1.503776e-03
-3.326816e-03
-1.534268e-04
-1.021780e-04
-7.046513e-05
-8.733772e-05
-6.057837e-05
-1.375816e-05
-4.456959e-06
-1.324188e-05
-3.831518e-05
-1.127804e-06
8
26
1.124050e+00
-6.236928e-02
-8.644013e-01
-5.745334e-02
-7.054985e-02
-2.068131e-02
-1.452154e-02
-3.094348e-02
-1.152688e-03
-6.890214e-04
-4.187992e-04
-4.258703e-04
-2.174404e-04
-3.981833e-05
-1.218554e-05
-3.445060e-05
-7.770036e-05
-1.024625e-05
-1.362488e-05
9
26
8.604327e-01
-1.864559e-01
-1.844359e-01
-2.403133e-01
-7.334428e-02
-5.229492e-02
-1.132092e-01
-4.136063e-03
-2.418670e-03
-1.425430e-03
-1.363927e-03
-6.066559e-04
-9.619287e-05
-2.807038e-05
-7.553329e-05
-1.494310e-04
-1.530742e-05
-3.326540e-05
10
26
1.310180e+00
-3.026111e-02
-4.258222e-01
-2.080164e-01
-1.700284e-01
-4.334741e-01
-1.758207e-02
-1.024913e-02
-5.967856e-03
-5.518991e-03
-2.217259e-03
-3.042431e-04
-8.381278e-05
-2.106309e-04
-3.287562e-04
-2.652828e-05
-6.043187e-05
11
26
8.615764e-01
8.651550e-01
-2.297711e-01
-3.014897e-01
-1.071725e+00
-5.119461e-02
-3.008672e-02
-1.756072e-02
-1.615165e-02
-6.297190e-03
-8.172463e-04
-2.193126e-04
-5.325527e-04
-7.128617e-04
-4.501531e-05
-1.010036e-04
12
26
1.266301e+00
4.330032e-01
-8.694727e-02
-1.399440e+00
-8.721131e-02
-5.196682e-02
-3.057399e-02
-2.823523e-02
-1.094853e-02
-1.395352e-03
-3.707677e-04
-8.883854e-04
-1.108176e-03
-5.989018e-05
-1.286910e-04
13
26
8.623929e-01
8.103318e-01
-1.321000e+00
-1.417294e-01
-8.611114e-02
-5.125355e-02
-4.770058e-02
-1.850679e-02
-2.334025e-03
-6.161984e-04
-1.463088e-03
-1.731367e-03
-8.090547e-05
-1.636895e-04
14
26
8.627943e-01
-3.718987e-01
-1.940636e-01
-1.204536e-01
-7.260787e-02
-6.819437e-02
-2.657195e-02
-3.338204e-03
-8.785345e-04
-2.076126e-03
-2.384785e-03
-1.010437e-04
-1.937356e-04
15
26
1.209464e+00
-2.441895e-01
-3.604667e-01
-2.836499e-01
-2.950097e-01
-1.032700e-01
-1.014658e-02
-2.459901e-03
-5.391337e-03
-5.216928e-03
-1.626463e-04
-2.468721e-04
15
26
4.054023e-03
1.121900e+00
1.281845e-02
-5.704448e-01
-8.253444e-01
-2.624001e-01
-1.420243e-02
-2.399378e-03
-3.165620e-03
3.777999e-04
2.875780e-05
1.413732e-05
16
26
6.707144e-03
1.094621e+00
-2.127238e-01
-1.152332e+00
-4.454682e-01
-2.426224e-02
-4.062567e-03
-5.224633e-03
9.722432e-04
5.403389e-05
2.644404e-05
16
26
-1.051785e-11
1.053798e-02
1.016711e+00
-1.174475e+00
-7.576522e-01
-4.478035e-02
-7.719805e-03
-1.054003e-02
3.619997e-04
7.584379e-05
3.743867e-05
17
26
-7.940172e-09
6.839229e-03
2.940712e-01
-1.520889e+00
-6.300715e-02
-4.336746e-03
9.371822e-03
3.042204e-02
4.624135e-04
2.178783e-04
18
26
-2.780747e-09
-5.743610e-03
-1.638524e+00
-8.746495e-01
-1.229153e-01
-1.384201e-01
1.015507e-01
2.395124e-03
1.145114e-03
18
26
-1.523578e-12
-1.911731e-05
-4.414772e-01
-2.159947e+00
-6.603747e-01
-3.715548e-01
1.237842e-01
4.645286e-03
2.246383e-03
19
26
-1.970401e-06
-1.025761e-01
-1.150895e+00
-1.294952e+00
-1.594217e+00
2.739710e-01
5.612127e-03
2.798520e-03
19
26
1.465374e-06
-2.697722e-02
-1.402627e-01
-3.493922e-01
-3.571588e+00
-2.300395e-01
7.987638e-03
3.798827e-03
19
26
1.603239e-06
6.217003e-03
1.679297e-02
2.178019e-02
-9.502067e-02
-4.538798e+00
2.589890e-02
4.826492e-02
19
26
9.883602e-07
5.988508e-03
2.478098e-02
1.743135e-02
1.169971e-01
1.006101e+00
-3.119434e+00
-7.918254e-01
19
26
9.321050e-07
5.705340e-03
2.387138e-02
1.727193e-02
1.103593e-01
3.876942e+00
-1.584060e+00
-4.125132e+00
0
15
1.020995e-01
-8.501221e-03
-1.342578e-01
1.386053e-03
3.756049e-03
8.465498e-04
1.697023e-04
3.169164e-04
2.458821e-04
8.396475e-06
2.233067e-05
1.299205e-06
1.680723e-06
5.030539e-07
3.333706e-07
1.882784e-07
1
15
1.384421e-01
-2.129961e-01
2.970814e-03
8.444760e-03
1.972674e-03
3.982798e-04
7.463847e-04
5.822600e-04
2.004983e-05
5.394098e-05
3.253724e-06
4.337605e-06
1.392699e-06
1.020310e-06
1.433274e-06
2
20
-6.125530e-02
-3.828380e-02
-1.173631e-01
1.319450e-02
5.546994e-03
1.319383e-02
1.294203e-02
4.921619e-04
1.359515e-03
8.672802e-05
1.198927e-04
4.070778e-05
3.157091e-05
8.904954e-05
5.091633e-06
3.218556e-06
1.954626e-06
1.678726e-06
2.062930e-07
3
21
7.185411e-01
-1.092838e+00
-2.146869e-01
5.482948e-03
6.328884e-02
1.017199e-01
4.409740e-03
1.237127e-02
8.006798e-04
1.111290e-03
3.792643e-04
2.953434e-04
8.542451e-04
5.468261e-05
3.684619e-05
2.471576e-05
2.671849e-05
1.163115e-05
-1.282153e-06
4
24
5.697187e-01
-8.776614e-01
-1.823290e-01
-1.514634e-01
1.443670e-01
1.023585e-02
2.997313e-02
2.002391e-03
2.792654e-03
9.569329e-04
7.467586e-04
2.174394e-03
1.416967e-04
9.661771e-05
6.562859e-05
7.395578e-05
3.761079e-05
5.327956e-06
1.163788e-06
1.977090e-06
-1.995188e-07
5
24
9.996899e-01
-2.049836e-01
-1.213079e+00
-1.949093e-01
2.298480e-02
7.603133e-02
5.498762e-03
7.751377e-03
2.678407e-03
2.098228e-03
6.159418e-03
4.064613e-04
2.787005e-04
1.908003e-04
2.190400e-04
1.183383e-04
1.944258e-05
5.477401e-06
1.368982e-05
9.438528e-06
6
24
9.041680e-01
-6.312132e-01
-9.540340e-01
2.886236e-02
1.115768e-01
8.770564e-03
1.249200e-02
4.350409e-03
3.420084e-03
1.010274e-02
6.708902e-04
4.607917e-04
3.161635e-04
3.645042e-04
1.997003e-04
3.360350e-05
9.616527e-06
2.468263e-05
2.457214e-05
7
25
1.033449e+00
-1.768710e+00
1.934875e-02
1.428186e-01
1.389041e-02
2.025136e-02
7.175218e-03
5.683749e-03
1.700664e-02
1.141730e-03
7.855298e-04
5.399523e-04
6.245816e-04
3.453657e-04
5.909177e-05
1.707357e-05
4.429705e-05
5.557518e-05
-3.034043e-07
8
26
1.750704e-01
-2.108542e-01
-6.640961e-01
1.699026e-02
4.531967e-02
2.165998e-02
1.917134e-02
6.772059e-02
5.096312e-03
3.548766e-03
2.460971e-03
2.874336e-03
1.613912e-03
2.816477e-04
8.225881e-05
2.166367e-04
3.291257e-04
1.360559e-05
5.988115e-06
9
26
9.321533e-01
-1.587923e+00
-8.059109e-02
-1.731410e-02
2.292722e-02
2.904922e-02
1.446570e-01
1.283306e-02
9.066446e-03
6.349349e-03
7.481443e-03
4.236478e-03
7.437089e-04
2.176637e-04
5.748613e-04
8.933336e-04
4.500061e-05
3.510086e-05
10
26
4.635632e-01
-2.646057e-01
-6.216433e-01
-1.729960e-01
-9.172687e-02
7.237497e-02
2.760607e-02
2.089689e-02
1.529144e-02
1.869093e-02
1.090407e-02
1.939214e-03
5.692550e-04
1.507702e-03
2.370426e-03
1.256085e-04
1.306028e-04
11
26
9.333891e-01
-6.061580e-02
-5.916864e-01
-4.640050e-01
-5.196891e-01
4.396320e-02
3.777007e-02
2.965238e-02
3.824461e-02
2.322785e-02
4.198079e-03
1.236183e-03
3.283241e-03
5.199388e-03
2.806656e-04
3.202217e-04
12
26
1.143441e+00
-2.993245e-02
-5.361897e-01
-1.320691e+00
4.063749e-02
4.353881e-02
3.769665e-02
5.195530e-02
3.302833e-02
6.073098e-03
1.794068e-03
4.777741e-03
7.607817e-03
4.136259e-04
4.864696e-04
13
26
9.342771e-01
4.203752e-01
-2.117245e+00
1.742551e-02
4.185208e-02
4.401293e-02
6.750106e-02
4.578865e-02
8.614990e-03
2.555742e-03
6.829553e-03
1.094770e-02
5.991959e-04
7.200285e-04
14
26
9.347089e-01
-1.673090e+00
-2.375660e-02
2.937829e-02
4.417737e-02
7.762519e-02
5.647271e-02
1.087209e-02
3.238630e-03
8.683265e-03
1.400611e-02
7.705104e-04
9.367092e-04
15
26
2.337027e-01
-5.286326e-01
-3.839823e-01
-1.501396e-01
3.630316e-02
1.350103e-01
2.914315e-02
8.561079e-03
2.232843e-02
3.203403e-02
1.468133e-03
1.703124e-03
15
26
4.173223e-03
8.095762e-01
-8.473514e-01
-8.590646e-01
-3.502616e-01
3.119738e-01
7.301208e-02
2.050338e-02
5.015000e-02
5.509160e-02
1.293500e-03
9.342318e-04
16
26
5.941873e-03
6.448245e-01
-1.037789e+00
-9.947732e-01
3.528682e-01
1.049120e-01
2.980598e-02
7.313753e-02
8.025847e-02
1.876747e-03
1.354904e-03
16
26
-3.484870e-11
6.645826e-03
3.765464e-01
-1.747967e+00
3.009376e-01
1.497631e-01
4.331712e-02
1.070820e-01
1.172465e-01
2.720822e-03
1.963200e-03
17
26
-1.482732e-08
5.858224e-04
-9.870156e-01
-3.531408e-01
2.782312e-01
7.867986e-02
1.863294e-01
1.896653e-01
4.298948e-03
3.109316e-03
18
26
-4.835274e-10
-1.486246e-02
-2.429723e+00
2.055010e-01
2.465041e-01
6.810711e-01
6.714319e-01
1.338966e-02
9.655836e-03
18
26
4.063433e-12
6.235304e-05
1.077614e-02
-2.729031e+00
-1.594781e-01
1.129971e+00
1.220674e+00
2.289897e-02
1.634428e-02
19
26
3.163432e-05
1.850099e-01
-3.143853e-01
-2.047742e+00
3.130044e-01
1.457649e+00
3.015930e-02
2.140414e-02
19
26
1.634372e-05
1.130492e-01
4.136491e-01
5.895215e-02
-2.259837e+00
1.781413e+00
3.507524e-02
2.589626e-02
19
26
6.068320e-06
4.141003e-02
1.649983e-01
1.151678e-01
6.552179e-01
2.892457e+00
1.880611e-01
9.253825e-02
19
26
5.559017e-06
3.222231e-02
1.223567e-01
9.404935e-02
5.081571e-01
7.530852e+00
1.139280e+00
2.071937e+00
19
26
8.075372e-06
4.632363e-02
1.741234e-01
1.331560e-01
7.486311e-01
7.408700e+00
4.156621e+00
3.717439e+00
0
15
4.472721e-02
-4.154192e-02
-4.042336e-03
1.185244e-03
2.331580e-03
3.223744e-04
5.339781e-05
8.908681e-05
6.517395e-05
2.940503e-06
1.055208e-05
1.003997e-06
1.612145e-06
6.445203e-07
5.670945e-07
1.397272e-06
1
15
1.331212e-01
-1.409271e-01
3.331557e-03
6.608271e-03
8.990025e-04
1.450113e-04
2.339919e-04
1.527905e-04
6.015141e-06
2.087227e-05
1.984332e-06
3.149910e-06
1.270403e-06
1.071515e-06
3.814942e-06
2
20
-1.036895e-01
-2.493470e-02
4.295043e-02
5.073997e-02
9.934315e-03
1.646764e-02
8.721932e-03
1.750666e-04
4.093357e-04
2.371969e-05
3.410148e-05
1.244756e-05
1.029464e-05
3.888960e-05
3.992419e-06
3.007565e-06
2.274356e-06
2.883477e-06
1.545223e-06
3
21
7.012352e-01
-1.448708e+00
3.302369e-01
1.028848e-01
1.938561e-01
1.133408e-01
2.193021e-03
4.681580e-03
2.181816e-04
2.873107e-04
9.557152e-05
7.478217e-05
2.482658e-04
2.394821e-05
1.909381e-05
1.529120e-05
2.156100e-05
1.438683e-05
6.017830e-06
4
24
-1.420785e-02
-7.147795e-01
3.023412e-02
3.228839e-01
3.487570e-01
8.004643e-03
1.673488e-02
7.058109e-04
8.775739e-04
2.713428e-04
2.018055e-04
5.719130e-04
4.559740e-05
3.531420e-05
2.776573e-05
3.983198e-05
3.129492e-05
7.407191e-06
2.596707e-06
6.841788e-06
4.395564e-06
5
24
5.001700e-01
-5.138228e-01
-8.654834e-01
7.693527e-01
3.177916e-02
6.807452e-02
2.800883e-03
3.373306e-03
9.946205e-04
7.122548e-04
1.742665e-03
1.059151e-04
7.716261e-05
5.786051e-05
7.907125e-05
6.021236e-05
1.438965e-05
4.696925e-06
1.377853e-05
2.459749e-05
6
24
8.813999e-01
-1.576000e+00
4.835386e-01
5.945046e-02
1.323351e-01
5.548414e-03
6.642019e-03
1.935109e-03
1.370400e-03
3.182967e-03
1.691355e-04
1.184044e-04
8.568274e-05
1.124666e-04
8.434627e-05
1.920361e-05
6.105572e-06
1.792112e-05
4.053372e-05
7
25
5.167275e-01
-9.243988e-01
1.052527e-01
2.619100e-01
1.181846e-02
1.417846e-02
4.114389e-03
2.894906e-03
6.455398e-03
2.997415e-04
1.996738e-04
1.376818e-04
1.705213e-04
1.180518e-04
2.656534e-05
8.607952e-06
2.553502e-05
6.161031e-05
9.320082e-07
8
26
-3.217541e-01
-1.815430e-01
1.909020e-01
7.945603e-02
1.095454e-01
3.491874e-02
2.539259e-02
5.703532e-02
2.227568e-03
1.337285e-03
8.151834e-04
8.308624e-04
4.247441e-04
7.777111e-05
2.377419e-05
6.710768e-05
1.490812e-04
1.629551e-05
1.714830e-05
9
26
9.085067e-01
-1.757270e+00
1.563416e-01
2.863144e-01
1.066101e-01
8.198784e-02
1.975225e-01
7.898671e-03
4.656242e-03
2.759235e-03
2.652501e-03
1.184402e-03
1.879176e-04
5.488431e-05
1.475786e-04
2.909568e-04
2.916220e-05
5.018428e-05
10
26
-1.760369e-01
-2.937524e-01
-3.182432e-01
5.135514e-02
1.103602e-01
5.476679e-01
3.158114e-02
1.893451e-02
1.123480e-02
1.055636e-02
4.298204e-03
5.930969e-04
1.635422e-04
4.112749e-04
6.418863e-04
5.136416e-05
1.025865e-04
11
26
9.097018e-01
-1.017118e+00
-6.094275e-01
-2.459545e-01
7.450049e-01
8.553681e-02
5.300919e-02
3.203101e-02
3.031987e-02
1.210738e-02
1.587554e-03
4.266839e-04
1.037917e-03
1.392211e-03
8.776369e-05
1.812423e-04
12
26
8.423388e-01
-5.083601e-01
-7.459689e-01
5.859093e-02
1.329164e-01
8.637189e-02
5.368358e-02
5.183937e-02
2.085068e-02
2.698979e-03
7.191749e-04
1.727212e-03
2.162611e-03
1.168828e-04
2.359895e-04
13
26
9.105815e-01
-1.352887e-01
-1.315288e+00
1.896385e-01
1.323330e-01
8.563504e-02
8.513528e-02
3.482441e-02
4.491002e-03
1.190419e-03
2.835678e-03
3.374395e-03
1.580634e-04
3.056876e-04
14
26
9.109996e-01
-1.605328e+00
2.237650e-01
1.702325e-01
1.152549e-01
1.183008e-01
4.941276e-02
6.389875e-03
1.690484e-03
4.011388e-03
4.641488e-03
1.974650e-04
3.653411e-04
15
26
-4.070906e-01
-4.390679e-01
-3.987081e-02
1.907634e-01
3.765929e-01
1.772617e-01
1.888354e-02
4.624716e-03
1.021543e-02
1.004598e-02
3.176545e-04
4.754978e-04
15
26
3.783642e-03
3.228907e-01
-1.354469e+00
-4.404937e-01
6.503117e-01
4.351867e-01
2.736723e-02
4.675801e-03
6.194669e-03
-7.423660e-04
-5.647961e-05
-2.776742e-05
16
26
4.004672e-03
4.669368e-02
-1.320827e+00
2.393032e-01
6.837793e-01
4.623596e-02
7.877869e-03
1.019719e-02
-1.910315e-03
-1.061103e-04
-5.193623e-05
16
26
-4.163774e-11
8.532285e-04
-3.463174e-01
-8.885669e-01
1.035217e+00
8.412384e-02
1.485444e-02
2.049368e-02
-7.160435e-04
-1.489412e-04
-7.353003e-05
17
26
-1.120798e-08
-6.260435e-03
-1.575909e+00
1.127522e+00
1.188333e-01
8.319914e-03
-1.821564e-02
-5.867930e-02
-9.019844e-04
-4.264954e-04
18
26
3.009852e-09
-1.427190e-02
-1.408323e+00
9.803813e-01
2.265970e-01
2.642193e-01
-1.968061e-01
-4.655243e-03
-2.236881e-03
18
26
2.885877e-12
3.614955e-05
4.341211e-01
-1.068283e+00
5.038750e-01
6.474177e-01
-2.391727e-01
-9.012550e-03
-4.382855e-03
19
26
3.857651e-06
1.889878e-01
8.499010e-01
-1.137292e+00
1.413615e+00
-5.263001e-01
-1.090905e-02
-5.463707e-03
19
26
-2.860810e-06
5.158576e-02
2.432493e-01
3.056481e-01
1.350383e+00
1.581201e-03
-1.542325e-02
-7.400857e-03
19
26
-3.084933e-06
-1.205144e-02
-3.244109e-02
-4.184881e-02
1.272889e-02
4.671144e+00
-3.946322e-02
-8.191402e-02
19
26
-1.922759e-06
-1.163674e-02
-4.809127e-02
-3.389352e-02
-2.258512e-01
-1.523578e+00
4.508633e+00
1.371151e+00
19
26
-1.822103e-06
-1.114403e-02
-4.658429e-02
-3.373015e-02
-2.149977e-01
-6.577313e+00
2.747481e+00
6.495361e+00
0