3.796483683676110110e-01
2.912363537659244661e-02
1.008497861520301839e-02
1.128946505262345664e-03
3.741473428923177238e-05
1.630166651624838077e-05
2.565554541874687940e-06
2.829104025505047032e-06
0.000000000000000000e+00
0.000000000000000000e+00
5.275419302923919362e-01
3.264773976520767285e-01
3.501278756055723612e-02
1.159638161107095491e-03
5.042432305481353008e-04
7.930298482759198840e-05
9.081071028626252486e-05
4.178184408183092370e-07
0.000000000000000000e+00
0.000000000000000000e+00
6.345503590436015751e-01
2.426987062841995668e-01
7.816007647451921753e-03
3.398623096822271910e-03
5.345044377920781875e-04
6.071441786443337006e-04
8.350469490537749877e-06
0.000000000000000000e+00
0.000000000000000000e+00
0.000000000000000000e+00
6.982287843064317601e-01
1.270980416909080479e-01
5.319985136721556984e-02
8.366779750093290835e-03
9.503820169218137395e-03
1.323191768679855536e-04
0.000000000000000000e+00
0.000000000000000000e+00
0.000000000000000000e+00
0.000000000000000000e+00
4.554917653271248756e-01
3.182162276011927804e-01
4.809611349894113430e-02
5.178894990279217514e-02
4.017544549865681046e-04
0.000000000000000000e+00
0.000000000000000000e+00
0.000000000000000000e+00
0.000000000000000000e+00
6.241009783865645460e-05
5.260707625796816611e-01
1.723096403524722042e-01
1.657751720832440767e-01
4.956119823543336973e-04
0.000000000000000000e+00
0.000000000000000000e+00
0.000000000000000000e+00
0.000000000000000000e+00
0.000000000000000000e+00
3.756741551576325919e-03
4.387163777257747643e-01
4.604843352277596114e-01
1.258767712917759378e-03
0.000000000000000000e+00
0.000000000000000000e+00
0.000000000000000000e+00
0.000000000000000000e+00
0.000000000000000000e+00
3.559969222501884175e-09
1.451295427224271600e-03
1.341007433668396587e+00
2.462991480949345072e-02
0.000000000000000000e+00
0.000000000000000000e+00
0.000000000000000000e+00
0.000000000000000000e+00
0.000000000000000000e+00
0.000000000000000000e+00
0.000000000000000000e+00
2.526929258510572485e+00
1.411966180336253984e+00
4.658085639702249647e-01
5.723020082208987724e-02
2.021057527345639440e-02
2.262635278798675372e-03
7.500231590654988622e-05
3.265296205023639583e-05
5.132290136496640594e-06
5.678929212767502103e-06
0.000000000000000000e+00
0.000000000000000000e+00
6.806766464215591173e-01
6.873282908591952234e-01
7.557203643015493466e-02
2.502978481266829661e-03
1.088364179342292187e-03
1.711685490634329559e-04
1.959919152973064408e-04
9.179646994695222159e-07
0.000000000000000000e+00
0.000000000000000000e+00
9.359781965756582833e-01
5.206726164321618944e-01
1.701617147938526420e-02
7.399118647239700738e-03
1.163665867305858784e-03
1.321809214650960813e-03
1.818365091429670431e-05
0.000000000000000000e+00
0.000000000000000000e+00
0.000000000000000000e+00
1.054134601158699391e+00
2.787474943414037232e-01
1.189511705508939643e-01
1.870754053403149431e-02
2.124988155511666615e-02
2.958706186890804339e-04
0.000000000000000000e+00
0.000000000000000000e+00
0.000000000000000000e+00
0.000000000000000000e+00
6.162020158522697466e-01
6.606679816581950693e-01
1.014707300321847222e-01
1.152605690100240166e-01
1.605871734045999800e-03
0.000000000000000000e+00
0.000000000000000000e+00
0.000000000000000000e+00
0.000000000000000000e+00
0.000000000000000000e+00
7.949363488666038036e-01
3.574398179324119185e-01
3.609049130763177238e-01
1.489072212510235676e-03
0.000000000000000000e+00
0.000000000000000000e+00
0.000000000000000000e+00
0.000000000000000000e+00
0.000000000000000000e+00
1.786524645022043428e-03
6.212958773586256811e-01
9.559273123216112111e-01
2.739500541322492655e-03
0.000000000000000000e+00
0.000000000000000000e+00
0.000000000000000000e+00
0.000000000000000000e+00
0.000000000000000000e+00
0.000000000000000000e+00
8.926908803772090064e-05
2.965706630410768430e+00
1.287717398217782805e-01
0.000000000000000000e+00
0.000000000000000000e+00
0.000000000000000000e+00
0.000000000000000000e+00
0.000000000000000000e+00
0.000000000000000000e+00
0.000000000000000000e+00
2.560602337387519523e+00
2.941638104790442299e+00
