4.230162373486729410e-01
4.654298918405231494e-03
3.041946894228049914e-03
1.757418519252539113e+00
5.808761866174864919e-05
9.996606000000000103e-01
8.988323619035180068e-01
3.020387916986396349e-03
7.980883320767439768e-03
6.911033102549821727e-01
0.000000000000000000e+00
2.833399999999999808e-04
9.045277425244938607e-01
7.174740441352850731e-03
1.488776886838756933e-02
6.022831357602821400e-01
0.000000000000000000e+00
4.954459999999999317e-05
9.382888004152665218e-01
2.363801629466576182e-02
4.170739172474888928e-02
4.622951097603772430e-01
0.000000000000000000e+00
1.736551999999999760e-06
9.501537543043521161e-01
3.143518977484560661e-02
7.605609612075883708e-02
5.635099080382205416e-01
0.000000000000000000e+00
1.514699999999999991e-08
8.796846873656521959e-01
1.254534760848010147e-02
1.498303538719566487e-02
7.007475797189998135e-01
0.000000000000000000e+00
3.802400000000000022e-09
9.350019397955763312e-01
4.792755528936060855e-02
3.076935870411402763e-02
6.039686664418508766e-01
0.000000000000000000e+00
3.365000000000000271e-10
1.475020600257422876e+00
1.803283942511516857e-01
1.078422678101475241e-01
3.384435765193780643e-01
0.000000000000000000e+00
2.164913000000000721e-10
4.340960861408223792e+00
6.460924186724784635e-01
4.016655612699235878e-01
8.511442169940798552e-02
0.000000000000000000e+00
2.491686000000000375e-13
5.458363527219566302e-01
0.000000000000000000e+00
2.327428799477788426e-04
2.173456325325935357e+00
0.000000000000000000e+00
2.616879999999999207e-01
1.447488676159355281e+00
0.000000000000000000e+00
4.983038739119786470e-05
5.931185622521445433e-01
0.000000000000000000e+00
4.673000000000000070e-02
1.483674915736686639e+00
0.000000000000000000e+00
1.270630952850601559e-04
5.807415903937014345e-01
0.000000000000000000e+00
8.411399999999999433e-02
1.492669214662997845e+00
0.000000000000000000e+00
4.938089860136350923e-04
5.775157265532013806e-01
0.000000000000000000e+00
1.121519999999999739e-01
1.496498320931968440e+00
0.000000000000000000e+00
1.236013454171734291e-03
5.757758995344387509e-01
0.000000000000000000e+00
3.738400000000000056e-02
1.517087070680947170e+00
0.000000000000000000e+00
2.271893611411631049e-03
5.729152162853460295e-01
0.000000000000000000e+00
6.542200000000000792e-02
1.585188312465625637e+00
0.000000000000000000e+00
3.675229736938354433e-03
5.676087933759926818e-01
0.000000000000000000e+00
4.673000000000000070e-02
3.111668977146458737e+00
0.000000000000000000e+00
1.707197775989908670e-02
4.565972468685559615e-01
0.000000000000000000e+00
2.990720000000000045e-01
5.551528109605605721e+00
0.000000000000000000e+00
4.935394380358762434e-02
2.449256599208411989e-01
0.000000000000000000e+00
4.673000000000000070e-02
