2.040604687345372314e-01
1.155379688325655586e-03
1.197518628526456855e-03
3.768846380604188084e+00
1.608363178239933277e-06
4.921409999999999396e-01
3.343071707809114890e-01
1.054273536092408849e-03
4.018847687365273728e-04
2.077572498357268316e+00
0.000000000000000000e+00
2.049900000000000055e-01
6.818578858262582809e-01
8.282120340734307543e-04
3.319987775445198876e-04
1.167627437506683519e+00
0.000000000000000000e+00
2.997830000000000772e-01
1.295249222535324707e+00
8.668282613984222649e-04
4.492321566282161320e-04
6.407309392421998151e-01
0.000000000000000000e+00
2.607700000000000122e-03
1.440095532167590120e+00
1.818354280501310221e-03
1.232243637340757914e-03
5.848264067045217951e-01
0.000000000000000000e+00
4.699130000000000256e-04
1.474988496815416328e+00
7.718154342876338073e-03
5.259030895721427193e-03
5.696367569163323097e-01
0.000000000000000000e+00
4.902600000000000291e-06
1.484165392727475163e+00
1.706087908244175236e-02
1.198114646275588203e-02
5.626665779135566758e-01
0.000000000000000000e+00
3.427000000000000181e-07
1.504919839720536556e+00
5.427581054145688005e-02
3.178355779307508178e-02
5.458650960649334971e-01
0.000000000000000000e+00
2.721300000000000353e-08
1.477999999999999758e+00
7.695999999999997981e-03
5.011999999999999095e-03
5.692999999999998062e-01
0.000000000000000000e+00
4.097999999999999704e-09
1.485301217562314813e+00
1.709025061043377425e-02
1.138964906358841053e-02
5.635614201726154571e-01
0.000000000000000000e+00
6.084999999999999563e-09
1.491403563333925097e+00
5.838545718283767207e-03
4.813118681881788791e-03
5.675586062003586951e-01
0.000000000000000000e+00
1.974500000000000161e-09
1.538063820941030224e+00
1.143619271591250937e-02
1.596484008384728079e-02
5.545983143926273007e-01
0.000000000000000000e+00
4.997499999999999545e-10
1.696042058546907816e+00
2.467910034093581326e-02
1.236756301434281669e-01
4.910515565483189460e-01
0.000000000000000000e+00
2.365600000000000082e-10
1.753577760378622230e+00
1.500075477978646821e-01
8.919068515740165293e-02
4.939725740205319626e-01
0.000000000000000000e+00
1.289320000000000052e-10
2.320379789727760489e+00
8.985579919697359585e-01
5.270824633880289989e-01
3.000407199387287172e-01
0.000000000000000000e+00
1.505600000000000209e-11
2.752668535535653049e+00
1.540136187041991622e+00
9.081989647551476086e-01
2.210885378620449093e-01
0.000000000000000000e+00
1.311199999999999987e-11
2.467314756778031359e+00
3.020886575400416052e-01
1.753431168102685400e-01
4.158809235152048367e-01
0.000000000000000000e+00
4.709900000000000843e-11
3.496395737219584632e+00
3.409429332989948880e-01
1.862063909947017648e-01
3.585860076378038497e-01
0.000000000000000000e+00
7.251499999999999949e-12
5.674724070001833098e+00
7.912627492211840030e-01
4.210977904526297388e-01
1.977890484698553164e-01
0.000000000000000000e+00
2.413999999999999609e-13
1.029575003826723645e+01
2.039897290678093889e+00
1.078833920097964194e+00
8.611234348691243490e-02
0.000000000000000000e+00
6.098499999999999996e-15
2.026771694556249170e-01
0.000000000000000000e+00
6.384208380297915061e-04
3.883169648518018935e+00
0.000000000000000000e+00
6.542200000000000792e-02
3.331899066391424968e-01
0.000000000000000000e+00
5.670506823364365663e-06
2.129713992720935867e+00
0.000000000000000000e+00
1.869200000000000028e-02
6.844899228380180167e-01
0.000000000000000000e+00
7.884771113337214844e-06
1.188927195696952710e+00
0.000000000000000000e+00
1.214979999999999671e-01
1.312346686991347822e+00
0.000000000000000000e+00
2.196440909186552133e-05
6.450938408736502927e-01
0.000000000000000000e+00
4.673000000000000070e-02
1.458432390753504171e+00
0.000000000000000000e+00
7.372017463651211197e-05
5.895518736150657801e-01
0.000000000000000000e+00
1.121519999999999739e-01
1.488419739259707830e+00
0.000000000000000000e+00
2.326811391744157431e-04
5.791456897341981103e-01
0.000000000000000000e+00
6.542200000000000792e-02
1.490997562447379021e+00
0.000000000000000000e+00
5.209890236194558060e-04
5.781509374560251935e-01
0.000000000000000000e+00
5.607600000000000084e-02
1.493328832504277059e+00
0.000000000000000000e+00
8.985224184542180137e-04
5.771027044297197817e-01
0.000000000000000000e+00
2.803800000000000042e-02
1.493999999999999773e+00
0.000000000000000000e+00
1.148999999999999631e-03
5.765999999999998904e-01
0.000000000000000000e+00
9.346000000000000141e-03
1.495333914715238466e+00
0.000000000000000000e+00
1.483433127867683169e-03
5.759992731074533578e-01
0.000000000000000000e+00
2.803800000000000042e-02
1.508059567538910795e+00
0.000000000000000000e+00
2.159572736395652583e-03
5.739294585715911667e-01
0.000000000000000000e+00
2.803800000000000042e-02
1.545014085781923230e+00
0.000000000000000000e+00
2.940302172399386973e-03
5.713236137028270267e-01
0.000000000000000000e+00
3.738400000000000056e-02
1.590320295605956114e+00
0.000000000000000000e+00
3.794655415195313537e-03
5.677584491608723694e-01
0.000000000000000000e+00
3.738400000000000056e-02
1.693290388270432878e+00
0.000000000000000000e+00
4.995037355416782725e-03
5.617745848493079786e-01
0.000000000000000000e+00
5.607600000000000084e-02
1.826120124804992084e+00
0.000000000000000000e+00
6.023930608424334608e-03
5.557697535101402408e-01
0.000000000000000000e+00
1.869200000000000028e-02
1.880191322547422939e+00
0.000000000000000000e+00
6.460199827248267086e-03
5.529389621607256888e-01
0.000000000000000000e+00
1.869200000000000028e-02
2.339924098361315874e+00
0.000000000000000000e+00
1.049958159308236362e-02
5.202722236272687706e-01
0.000000000000000000e+00
1.214979999999999671e-01
3.395987380620626439e+00
0.000000000000000000e+00
1.949916802398929741e-02
4.337474635620324204e-01
0.000000000000000000e+00
8.411399999999999433e-02
5.420951842712728563e+00
0.000000000000000000e+00
4.712544180964307189e-02
2.494203215792406281e-01
0.000000000000000000e+00
2.803800000000000042e-02
9.549861534737352997e+00
0.000000000000000000e+00
1.191007746308396786e-01
1.121505325587024288e-01
0.000000000000000000e+00
1.869200000000000028e-02
