9.982421877148238420e-02
4.463897976267409973e-02
5.615456576978945791e-02
1.611091474294246281e-03
6.143451488019532631e-04
2.658955466556160794e-05
4.346285193153788331e-06
7.072496541764491381e-07
1.736544687551231274e-07
3.394214434635120969e-07
0.000000000000000000e+00
0.000000000000000000e+00
0.000000000000000000e+00
0.000000000000000000e+00
0.000000000000000000e+00
0.000000000000000000e+00
0.000000000000000000e+00
0.000000000000000000e+00
0.000000000000000000e+00
0.000000000000000000e+00
0.000000000000000000e+00
1.229877554045731153e-01
2.037184222563639124e-01
5.111528320951506422e-03
1.950170840651121399e-03
8.442190420777845913e-05
1.379426496906573366e-05
2.090738179305970169e-06
4.139221551833697940e-07
9.443139584433222491e-07
4.724011795723430313e-07
0.000000000000000000e+00
0.000000000000000000e+00
0.000000000000000000e+00
0.000000000000000000e+00
0.000000000000000000e+00
0.000000000000000000e+00
0.000000000000000000e+00
0.000000000000000000e+00
0.000000000000000000e+00
0.000000000000000000e+00
0.000000000000000000e+00
5.219535436449105337e-01
1.146067729657163359e-01
4.272565936629477146e-02
1.849702619951543170e-03
3.022298456397880077e-04
4.580143919378866149e-05
9.069837575969517726e-06
1.684966584474517214e-05
8.101041250185193960e-06
2.900403002985507894e-06
1.759851073421630502e-06
1.250160881622782442e-06
1.769585445211013165e-07
1.651670697938204033e-07
6.388813496885956832e-07
0.000000000000000000e+00
0.000000000000000000e+00
0.000000000000000000e+00
0.000000000000000000e+00
0.000000000000000000e+00
0.000000000000000000e+00
6.231017297462643212e-01
6.389158697321835056e-01
2.710161486618488380e-02
4.428231643095658678e-03
6.710807703811703202e-04
1.328906709156446651e-04
2.468786393203516671e-04
1.166181732900845800e-04
4.107704873372998271e-05
2.491842659780036986e-05
1.785209007199504329e-05
2.571742050899101065e-06
2.397343929861335850e-06
1.213652719464763455e-05
3.249538929642386875e-06
0.000000000000000000e+00
0.000000000000000000e+00
0.000000000000000000e+00
0.000000000000000000e+00
0.000000000000000000e+00
0.000000000000000000e+00
1.024035379375278776e+00
3.437033342160737415e-01
5.523884893321620582e-02
8.371220371368661914e-03
1.657711379659608953e-03
3.079593417305414010e-03
1.454682948684060890e-03
5.123966106466037356e-04
3.108353432943506572e-04
2.227043750295132774e-04
3.205626400587144423e-05
2.991651394573706591e-05
1.422868137146811253e-04
4.627224441896300841e-05
5.638250069149838340e-06
0.000000000000000000e+00
0.000000000000000000e+00
0.000000000000000000e+00
0.000000000000000000e+00
0.000000000000000000e+00
0.000000000000000000e+00
8.354983017567991777e-01
4.947958797074845649e-01
7.348561854423478479e-02
1.455201306856102571e-02
2.703379860199826498e-02
1.276976930167187697e-02
4.498001650429073184e-03
2.728623107186265405e-03
1.954965680554160683e-03
2.814017973899813263e-04
2.626086708167597828e-04
1.249053994353479299e-03
3.998647092980680802e-04
4.887700627387416762e-05
8.692711218921049697e-06
0.000000000000000000e+00
0.000000000000000000e+00
0.000000000000000000e+00
0.000000000000000000e+00
0.000000000000000000e+00
0.000000000000000000e+00
7.741859808851756508e-01
3.736972233426508194e-01
7.170666982927591249e-02
1.332119883455693821e-01
6.292438846823195098e-02
2.216440407685896577e-02
1.344558347274011322e-02
9.633313389417027389e-03
1.386640527197291863e-03
1.294036967066758848e-03
6.154837184022821095e-03
1.970371862277692232e-03
2.402884109862862231e-04
4.428996741253885298e-05
0.000000000000000000e+00
0.000000000000000000e+00
0.000000000000000000e+00
0.000000000000000000e+00
0.000000000000000000e+00
0.000000000000000000e+00
0.000000000000000000e+00
5.173133833802520121e-01
2.293295660618512866e-01
3.833714815166953671e-01
1.810774343102845296e-01
6.378251176903315667e-02
3.869238938697221880e-02
2.772179070074999238e-02
3.990339784013144202e-03
3.723846072002460691e-03
1.771178989934245329e-02
5.670131749468816998e-03
6.914909112216168332e-04
1.278865780302064785e-04
0.000000000000000000e+00
0.000000000000000000e+00
0.000000000000000000e+00
0.000000000000000000e+00
0.000000000000000000e+00
0.000000000000000000e+00
0.000000000000000000e+00
0.000000000000000000e+00
2.277447000000000499e-01
6.900672000000001027e-01
2.930667400000000478e-01
1.032293199999999300e-01
6.262198999999998850e-02
4.486656500000001796e-02
6.458196999999999723e-03
6.026896000000000336e-03
2.866577200000004766e-02
9.176862400000006248e-03
1.119140500000000843e-03
2.071160499999999904e-04
0.000000000000000000e+00
0.000000000000000000e+00
0.000000000000000000e+00
0.000000000000000000e+00
0.000000000000000000e+00
0.000000000000000000e+00
0.000000000000000000e+00
0.000000000000000000e+00
0.000000000000000000e+00
5.150193809168696069e-01
5.170491258633865828e-01
1.739288416854170571e-01
1.055105174860872103e-01
7.559472937365159517e-02
1.088127802943303878e-02
1.015458854802285191e-02
4.829837957401032084e-02
1.546192577392095299e-02
1.885624765473617242e-03
3.491276325944779602e-04
0.000000000000000000e+00
0.000000000000000000e+00
0.000000000000000000e+00
0.000000000000000000e+00
0.000000000000000000e+00
0.000000000000000000e+00
0.000000000000000000e+00
0.000000000000000000e+00
0.000000000000000000e+00
0.000000000000000000e+00
5.731251584980959768e-01
3.884290179757974304e-01
2.194376199258166182e-01
1.555132162187746470e-01
2.200616792584009565e-02
2.032006762113955714e-02
8.841055126209036719e-02
1.800518176076669474e-02
8.727676811170900165e-04
5.819160911848873352e-05
0.000000000000000000e+00
0.000000000000000000e+00
0.000000000000000000e+00
0.000000000000000000e+00
0.000000000000000000e+00
0.000000000000000000e+00
0.000000000000000000e+00
0.000000000000000000e+00
0.000000000000000000e+00
0.000000000000000000e+00
1.106312816686049654e-03
5.020170039270303031e-01
4.465304800064666679e-01
2.919146601448271983e-01
4.138387327200707816e-02
3.824171918889890387e-02
1.659472796377937931e-01
3.352655183709259135e-02
1.615728430539579985e-03
1.075444632345299304e-04
0.000000000000000000e+00
0.000000000000000000e+00
0.000000000000000000e+00
0.000000000000000000e+00
0.000000000000000000e+00
0.000000000000000000e+00
0.000000000000000000e+00
0.000000000000000000e+00
0.000000000000000000e+00
0.000000000000000000e+00
0.000000000000000000e+00
2.585568209499090279e-03
5.675131387656545678e-01
5.336978885499064074e-01
6.739338901422527173e-02
6.289207745221030155e-02
2.798261198062549360e-01
5.581359607571125675e-02
2.648285699112392332e-03
1.759550001342583187e-04
0.000000000000000000e+00
0.000000000000000000e+00
0.000000000000000000e+00
0.000000000000000000e+00
0.000000000000000000e+00
0.000000000000000000e+00
0.000000000000000000e+00
0.000000000000000000e+00
0.000000000000000000e+00
0.000000000000000000e+00
0.000000000000000000e+00
2.580464696020017328e-10
6.219506440067822106e-03
7.565699814691435598e-01
1.596551637366097343e-01
1.321521698060091343e-01
5.130562049183580164e-01
9.251178553566838381e-02
4.137959513479637363e-03
2.720099119120462862e-04
0.000000000000000000e+00
0.000000000000000000e+00
0.000000000000000000e+00
0.000000000000000000e+00
0.000000000000000000e+00
0.000000000000000000e+00
0.000000000000000000e+00
0.000000000000000000e+00
0.000000000000000000e+00
0.000000000000000000e+00
0.000000000000000000e+00
0.000000000000000000e+00
2.766480469232230694e-07
8.428685809335174917e-02
4.162953943660502309e-01
2.743692093995869774e-01
8.667954069187931987e-01
1.451825075465919268e-01
6.116130415782025133e-03
3.974986673609212260e-04
0.000000000000000000e+00
0.000000000000000000e+00
0.000000000000000000e+00
0.000000000000000000e+00
0.000000000000000000e+00
0.000000000000000000e+00
0.000000000000000000e+00
0.000000000000000000e+00
0.000000000000000000e+00
0.000000000000000000e+00
0.000000000000000000e+00
0.000000000000000000e+00
6.371611583637206470e-08
1.288976136271826299e-02
8.544317794649297637e-02
4.550815880911945888e-01
1.103978597872047551e+00
1.795151065759219289e-01
7.492678626427822820e-03
4.867897262524135179e-04
0.000000000000000000e+00
0.000000000000000000e+00
0.000000000000000000e+00
0.000000000000000000e+00
0.000000000000000000e+00
0.000000000000000000e+00
0.000000000000000000e+00
0.000000000000000000e+00
0.000000000000000000e+00
0.000000000000000000e+00
0.000000000000000000e+00
0.000000000000000000e+00
1.134473948908018121e-09
1.531432229918493313e-04
8.122508519590310302e-04
5.123173814590691738e-03
1.566550427517924060e+00
6.949401182881208561e-01
2.306359373005540878e-02
1.462442393100957597e-03
1.398240134936268753e+00
0.000000000000000000e+00
0.000000000000000000e+00
0.000000000000000000e+00
0.000000000000000000e+00
0.000000000000000000e+00
0.000000000000000000e+00
0.000000000000000000e+00
0.000000000000000000e+00
0.000000000000000000e+00
0.000000000000000000e+00
0.000000000000000000e+00
2.527687206475588540e-11
2.415110504446936041e-06
1.134482475184585885e-05
5.811289818007977896e-05
2.432473391293850096e-01
2.905972902814643710e+00
1.561989073983681142e-01
4.672377266708940650e-03
1.000000000000000888e+01
0.000000000000000000e+00
0.000000000000000000e+00
0.000000000000000000e+00
0.000000000000000000e+00
0.000000000000000000e+00
0.000000000000000000e+00
0.000000000000000000e+00
0.000000000000000000e+00
0.000000000000000000e+00
0.000000000000000000e+00
0.000000000000000000e+00
0.000000000000000000e+00
1.589237178063144337e-06
7.221556571380797779e-06
3.604274349890051939e-05
1.118520150601043789e-01
2.388179919260399409e+00
2.598255808514753795e+00
1.556261964124519559e-01
9.999999999999982236e+00
0.000000000000000000e+00
0.000000000000000000e+00
0.000000000000000000e+00
0.000000000000000000e+00
0.000000000000000000e+00
0.000000000000000000e+00
0.000000000000000000e+00
0.000000000000000000e+00
0.000000000000000000e+00
0.000000000000000000e+00
0.000000000000000000e+00
0.000000000000000000e+00
3.394433972890169421e-06
1.539108221904175437e-05
7.665558525792117741e-05
2.307286570461807851e-01
2.305082697321284346e+00
5.147853226695236373e+00
1.533586366799322809e+00
9.731227563406291692e-02
4.502627559423284104e-02
5.738271333086834153e-02
1.650734877720919438e-03
6.297533405970152584e-04
2.726025256723454862e-05
4.455982578278250637e-06
7.254488302364315309e-07
1.779372765808152390e-07
3.476818003236496134e-07
0.000000000000000000e+00
0.000000000000000000e+00
0.000000000000000000e+00
0.000000000000000000e+00
0.000000000000000000e+00
0.000000000000000000e+00
0.000000000000000000e+00
0.000000000000000000e+00
0.000000000000000000e+00
0.000000000000000000e+00
0.000000000000000000e+00
1.189649783072110611e-01
2.068406334065973351e-01
5.250627418000455328e-03
2.003562411154622032e-03
8.673721818267694230e-05
1.417261131299104295e-05
2.148083241596735882e-06
4.252756065034642104e-07
9.699918367447122758e-07
4.855869896589471428e-07
0.000000000000000000e+00
0.000000000000000000e+00
0.000000000000000000e+00
0.000000000000000000e+00
0.000000000000000000e+00
0.000000000000000000e+00
0.000000000000000000e+00
0.000000000000000000e+00
0.000000000000000000e+00
0.000000000000000000e+00
0.000000000000000000e+00
5.218155714461836236e-01
1.167372611675113053e-01
4.363637501791313433e-02
1.889136806194353707e-03
3.086732037614901879e-04
4.677790116826098169e-05
9.263201717089091639e-06
1.720889403250520184e-05
8.275468485496271240e-06
2.962703239583980960e-06
1.797474081103318374e-06
1.276089233991344026e-06
1.805247252650383481e-07
1.684635728396900995e-07
6.510274957339330773e-07
0.000000000000000000e+00
0.000000000000000000e+00
0.000000000000000000e+00
0.000000000000000000e+00
0.000000000000000000e+00
0.000000000000000000e+00
6.240218845853511276e-01
6.543910604190338320e-01
2.782703860417937505e-02
4.546761325680895305e-03
6.890434368186674693e-04
1.364477115088039583e-04
2.534867900948750826e-04
1.197396655378131741e-04
4.217655033262656739e-05
2.558541247968663024e-05
1.832993239323230781e-05
2.640583400504769906e-06
2.461511094548109377e-06
1.246285160110642780e-05
3.334960342699827273e-06
0.000000000000000000e+00
0.000000000000000000e+00
0.000000000000000000e+00
0.000000000000000000e+00
0.000000000000000000e+00
0.000000000000000000e+00
1.034088644020623171e+00
3.513930440233139496e-01
5.659763727231689051e-02
8.577139690497037269e-03
1.698488423072432724e-03
3.155346837382129194e-03
1.490465983642637457e-03
5.250007791187036570e-04
3.184814428040573259e-04
2.281825565863295749e-04
3.284479751941988797e-05
3.065241489583845350e-05
1.457868605936022029e-04
4.741461741367911922e-05
5.772196789747845896e-06
0.000000000000000000e+00
0.000000000000000000e+00
0.000000000000000000e+00
0.000000000000000000e+00
0.000000000000000000e+00
0.000000000000000000e+00
8.390840599504379993e-01
5.063581293816874496e-01
7.540861540179194522e-02
1.493281826524208572e-02
2.774122822436742020e-02
1.310393355924449436e-02
4.615707108448957423e-03
2.800026793370098081e-03
2.006123937656587638e-03
2.887656410610360872e-04
2.694807410123113548e-04
1.281739719185712991e-03
4.103285602911104423e-04
5.015653398203672120e-05
8.919423184684396614e-06
0.000000000000000000e+00
0.000000000000000000e+00
0.000000000000000000e+00
0.000000000000000000e+00
0.000000000000000000e+00
0.000000000000000000e+00
7.755348672638111562e-01
3.820370286697920559e-01
7.361888846374554929e-02
1.367643985780624405e-01
6.460241350978956909e-02
2.275546895209094173e-02
1.380414158184283500e-02
9.890208602407015923e-03
1.423618665753339368e-03
1.328545489015746503e-03
6.318970297399310182e-03
2.022916485127488999e-03
2.466962737605807982e-04
4.547091746095741543e-05
0.000000000000000000e+00
0.000000000000000000e+00
0.000000000000000000e+00
0.000000000000000000e+00
0.000000000000000000e+00
0.000000000000000000e+00
0.000000000000000000e+00
5.142311991019633544e-01
2.322186379411532997e-01
3.935606456258723962e-01
1.859025021340023898e-01
6.548208162796655130e-02
3.972340257232939015e-02
2.846047759771729024e-02
4.096667878025396330e-03
3.823073005215192610e-03
1.818374586241324961e-02
5.821220674146704820e-03
7.099166846940673913e-04
1.312941587020507756e-04
0.000000000000000000e+00
0.000000000000000000e+00
0.000000000000000000e+00
0.000000000000000000e+00
0.000000000000000000e+00
0.000000000000000000e+00
0.000000000000000000e+00
0.000000000000000000e+00
2.233485999999999250e-01
6.993192000000000297e-01
3.010705899999999713e-01
1.060485800000000589e-01
6.433223000000005964e-02
4.609189300000002265e-02
6.634572999999996043e-03
6.191493000000001037e-03
2.944865100000001665e-02
9.427486300000006286e-03
1.149704999999999781e-03
2.127725300000000118e-04
0.000000000000000000e+00
0.000000000000000000e+00
0.000000000000000000e+00
0.000000000000000000e+00
0.000000000000000000e+00
0.000000000000000000e+00
0.000000000000000000e+00
0.000000000000000000e+00
0.000000000000000000e+00
5.117311598380721582e-01
5.280302595018274703e-01
1.787046950702116666e-01
1.084076995543014066e-01
7.767046751768430513e-02
1.118006328656510895e-02
1.043341980921918405e-02
4.962458954960904250e-02
1.588649041578749782e-02
1.937401826048222499e-03
3.587142558023565051e-04
0.000000000000000000e+00
0.000000000000000000e+00
0.000000000000000000e+00
0.000000000000000000e+00
0.000000000000000000e+00
0.000000000000000000e+00
0.000000000000000000e+00
0.000000000000000000e+00
0.000000000000000000e+00
0.000000000000000000e+00
5.714972200758144938e-01
3.957698912088655208e-01
2.253951978882967055e-01
1.597357078006067244e-01
2.260365651739595569e-02
2.087177621283655207e-02
9.081100296389714444e-02
1.849406989834035189e-02
8.964672130386833410e-04
5.977178251506712168e-05
0.000000000000000000e+00
0.000000000000000000e+00
0.000000000000000000e+00
0.000000000000000000e+00
0.000000000000000000e+00
0.000000000000000000e+00
0.000000000000000000e+00
0.000000000000000000e+00
0.000000000000000000e+00
0.000000000000000000e+00
1.106596345060367921e-03
4.992602872105693090e-01
4.536176240664955284e-01
2.997750662096504981e-01
4.249876332279620833e-02
3.927200894638632062e-02
1.704187094723092488e-01
3.443023077838738844e-02
1.659285824157500418e-03
1.104436803583763802e-04
0.000000000000000000e+00
0.000000000000000000e+00
0.000000000000000000e+00
0.000000000000000000e+00
0.000000000000000000e+00
0.000000000000000000e+00
0.000000000000000000e+00
0.000000000000000000e+00
0.000000000000000000e+00
0.000000000000000000e+00
0.000000000000000000e+00
2.477451582977865507e-03
5.561434358244725651e-01
5.451384110099382063e-01
6.936329137762582697e-02
6.473748983210163288e-02
2.881204335967813002e-01
5.746783836611455559e-02
2.726516149961049663e-03
1.811490581933089463e-04
0.000000000000000000e+00
0.000000000000000000e+00
0.000000000000000000e+00
0.000000000000000000e+00
0.000000000000000000e+00
0.000000000000000000e+00
0.000000000000000000e+00
0.000000000000000000e+00
0.000000000000000000e+00
0.000000000000000000e+00
0.000000000000000000e+00
2.687493011110509679e-10
6.309492632941419640e-03
7.627852368595110510e-01
1.608865821201197477e-01
1.341396759643768977e-01
5.247128406120007416e-01
9.477914449891378101e-02
4.241752398491989949e-03
2.788566870501227009e-04
0.000000000000000000e+00
0.000000000000000000e+00
0.000000000000000000e+00
0.000000000000000000e+00
0.000000000000000000e+00
0.000000000000000000e+00
0.000000000000000000e+00
0.000000000000000000e+00
0.000000000000000000e+00
0.000000000000000000e+00
0.000000000000000000e+00
0.000000000000000000e+00
2.854596174296222612e-07
8.555412502608145120e-02
4.189072715694226456e-01
2.750855071950076836e-01
8.849883317840854247e-01
1.490282466624024971e-01
6.278157035120118974e-03
4.080325161216845744e-04
0.000000000000000000e+00
0.000000000000000000e+00
0.000000000000000000e+00
0.000000000000000000e+00
0.000000000000000000e+00
0.000000000000000000e+00
0.000000000000000000e+00
0.000000000000000000e+00
0.000000000000000000e+00
0.000000000000000000e+00
0.000000000000000000e+00
0.000000000000000000e+00
6.550269515255340620e-08
1.305189974756689082e-02
8.633153179528919863e-02
4.586677200392015874e-01
1.123194679931897477e+00
1.843488282718516447e-01
7.694812838377465200e-03
4.999216596036679767e-04
0.000000000000000000e+00
0.000000000000000000e+00
0.000000000000000000e+00
0.000000000000000000e+00
0.000000000000000000e+00
0.000000000000000000e+00
0.000000000000000000e+00
0.000000000000000000e+00
0.000000000000000000e+00
0.000000000000000000e+00
0.000000000000000000e+00
0.000000000000000000e+00
1.223076331152119768e-09
1.643476328948388762e-04
8.670361846392556646e-04
5.450432336386353514e-03
1.595250916085321657e+00
7.026474815036775068e-01
2.349267318309773006e-02
1.489883394894581884e-03
1.385831310693294238e+00
0.000000000000000000e+00
0.000000000000000000e+00
0.000000000000000000e+00
0.000000000000000000e+00
0.000000000000000000e+00
0.000000000000000000e+00
0.000000000000000000e+00
0.000000000000000000e+00
0.000000000000000000e+00
0.000000000000000000e+00
0.000000000000000000e+00
2.608796393608032713e-11
2.487810867679442247e-06
1.168716708123863375e-05
5.987264783272070801e-05
2.495608933464858459e-01
2.963185675494011573e+00
1.587300015275880383e-01
4.759844518221385129e-03
9.999999999999998224e+00
0.000000000000000000e+00
0.000000000000000000e+00
0.000000000000000000e+00
0.000000000000000000e+00
0.000000000000000000e+00
0.000000000000000000e+00
0.000000000000000000e+00
0.000000000000000000e+00
0.000000000000000000e+00
0.000000000000000000e+00
0.000000000000000000e+00
0.000000000000000000e+00
1.632580910628019282e-06
7.418518383022291872e-06
3.702577983277012845e-05
1.148991833337209001e-01
2.442820356482820809e+00
2.656941844010913378e+00
1.592024501848501583e-01
9.999999999999991118e+00
0.000000000000000000e+00
0.000000000000000000e+00
0.000000000000000000e+00
0.000000000000000000e+00
0.000000000000000000e+00
0.000000000000000000e+00
0.000000000000000000e+00
0.000000000000000000e+00
0.000000000000000000e+00
0.000000000000000000e+00
0.000000000000000000e+00
0.000000000000000000e+00
3.486838475802224197e-06
1.581006155797626882e-05
7.874233377874604234e-05
2.370089887884287427e-01
2.358964616025168493e+00
5.267064933188088993e+00
1.567952947421930476e+00
