1.000000000000000000e+07
1.737740000000000000e+06
1.053990000000000000e+06
4.086769999999999709e+04
1.170879999999999927e+04
5.829470000000000027e+02
1.013010000000000019e+02
2.260330000000000084e+01
1.067699999999999960e+01
8.315289999999999182e+00
3.927859999999999907e+00
1.855399999999999938e+00
1.125399999999999956e+00
6.825599999999999445e-01
3.652799999999999936e-01
3.196100000000000052e-01
2.769900000000000140e-01
7.427599999999999481e-02
9.380499999999999949e-03
1.466300000000000025e-03
1.000000000000000082e-05
