20
5
1.000000e+07
1.737740e+06
1.053990e+06
4.086770e+04
1.170880e+04
5.829470e+02
1.013010e+02
2.260330e+01
1.067700e+01
8.315290e+00
3.927860e+00
1.855400e+00
1.125400e+00
6.825600e-01
3.652800e-01
3.196100e-01
2.769900e-01
7.427600e-02
9.380500e-03
1.466300e-03
1.000000e-05
1.153270e-03
1.053989e-03
8.287105e-04
8.667085e-04
1.815078e-03
7.712593e-03
1.707472e-02
5.416959e-02
7.695644e-03
1.705898e-02
5.837104e-03
1.142945e-02
2.483311e-02
1.469517e-01
8.914186e-01
1.539536e+00
3.180288e-01
3.374233e-01
7.892034e-01
2.038802e+00
1.164987e-03
4.014513e-04
3.319915e-04
4.490970e-04
1.229634e-03
5.254139e-03
1.198364e-02
3.173456e-02
5.011888e-03
1.137071e-02
4.812287e-03
1.591819e-02
1.174776e-01
8.743629e-02
5.230043e-01
9.079061e-01
1.850725e-01
1.844302e-01
4.200399e-01
1.078037e+00
4.921818e-01
2.049533e-01
2.997819e-01
2.607634e-03
4.698789e-04
4.902989e-06
3.427108e-07
2.721536e-08
4.098025e-09
6.084933e-09
1.974458e-09
4.997274e-10
2.365629e-10
1.289327e-10
1.505659e-11
1.311241e-11
4.710205e-11
7.251114e-12
2.413610e-13
6.098166e-15
1.473222e-06
0.000000e+00
0.000000e+00
0.000000e+00
0.000000e+00
0.000000e+00
0.000000e+00
0.000000e+00
0.000000e+00
0.000000e+00
0.000000e+00
0.000000e+00
0.000000e+00
0.000000e+00
0.000000e+00
0.000000e+00
0.000000e+00
0.000000e+00
0.000000e+00
0.000000e+00
2.054304e-01
3.347634e-01
6.799014e-01
1.295147e+00
1.439944e+00
1.474817e+00
1.484044e+00
1.504937e+00
1.478262e+00
1.485505e+00
1.490978e+00
1.538266e+00
1.689878e+00
1.750759e+00
2.316036e+00
2.752587e+00
2.454091e+00
3.470053e+00
5.668192e+00
1.028996e+01
2.034971e-01
3.326917e-01
6.769612e-01
1.295826e+00
1.440069e+00
1.474727e+00
1.483413e+00
1.502905e+00
1.478256e+00
1.484840e+00
1.490978e+00
1.538266e+00
1.689878e+00
1.750759e+00
2.316036e+00
2.752587e+00
2.454091e+00
3.470053e+00
5.668192e+00
1.028996e+01
3.735308e+00
2.073650e+00
1.169337e+00
6.407909e-01
5.848774e-01
5.696486e-01
5.626370e-01
5.459147e-01
5.693245e-01
5.635855e-01
5.675790e-01
5.546456e-01
4.941942e-01
4.951333e-01
3.011119e-01
2.211309e-01
4.128791e-01
3.605778e-01
1.981318e-01
8.614467e-02
0.000000e+00
0.000000e+00
0.000000e+00
0.000000e+00
0.000000e+00
0.000000e+00
0.000000e+00
0.000000e+00
0.000000e+00
0.000000e+00
0.000000e+00
0.000000e+00
0.000000e+00
0.000000e+00
0.000000e+00
0.000000e+00
0.000000e+00
0.000000e+00
0.000000e+00
0.000000e+00
0.000000e+00
0.000000e+00
0.000000e+00
0.000000e+00
0.000000e+00
0.000000e+00
0.000000e+00
0.000000e+00
0.000000e+00
0.000000e+00
0.000000e+00
0.000000e+00
0.000000e+00
0.000000e+00
0.000000e+00
0.000000e+00
0.000000e+00
0.000000e+00
0.000000e+00
0.000000e+00
0
9
9.958506e-02
4.544899e-02
5.694286e-02
1.634146e-03
6.231532e-04
2.697114e-05
4.408501e-06
7.150343e-07
1.768462e-07
3.463235e-07
1
10
1.227236e-01
2.044581e-01
5.123252e-03
1.954644e-03
8.461555e-05
1.382591e-05
2.095531e-06
4.148747e-07
9.441165e-07
4.759066e-07
2
16
5.219797e-01
1.131785e-01
4.220007e-02
1.826948e-03
2.985119e-04
4.523801e-05
8.958264e-06
1.664239e-05
8.004807e-06
2.865655e-06
1.738915e-06
1.233106e-06
1.743168e-07
1.626344e-07
6.278772e-07
3
17
6.236251e-01
6.383016e-01
2.707692e-02
4.424197e-03
6.704694e-04
1.327696e-04
2.466537e-04
1.165119e-04
4.103963e-05
2.489572e-05
1.783582e-05
2.569406e-06
2.395157e-06
1.212801e-05
3.243880e-06
4
18
1.025658e+00
3.422481e-01
5.500898e-02
8.336384e-03
1.650813e-03
3.066778e-03
1.448629e-03
5.102643e-04
3.095418e-04
2.217776e-04
3.192286e-05
2.979202e-05
1.416947e-04
4.608604e-05
5.607514e-06
5
19
8.366097e-01
4.939164e-01
7.336061e-02
1.452726e-02
2.698781e-02
1.274805e-02
4.490350e-03
2.723981e-03
1.951640e-03
2.809231e-04
2.621619e-04
1.246929e-03
3.991845e-04
4.879462e-05
8.676780e-06
6
19
7.748730e-01
3.733173e-01
7.163882e-02
1.330859e-01
6.286485e-02
2.214343e-02
1.343286e-02
9.624198e-03
1.385328e-03
1.292813e-03
6.149014e-03
1.968508e-03
2.400611e-04
4.424784e-05
7
19
5.183768e-01
2.289859e-01
3.829907e-01
1.808977e-01
6.371919e-02
3.865397e-02
2.769427e-02
3.986378e-03
3.720149e-03
1.769420e-02
5.664502e-03
6.908044e-04
1.277594e-04
8
19
2.277447e-01
6.900672e-01
2.930667e-01
1.032293e-01
6.262199e-02
4.486656e-02
6.458197e-03
6.026896e-03
2.866577e-02
9.176862e-03
1.119140e-03
2.071161e-04
9
19
5.147894e-01
5.171779e-01
1.739688e-01
1.055347e-01
7.561208e-02
1.088378e-02
1.015692e-02
4.830946e-02
1.546547e-02
1.886057e-03
3.492078e-04
10
19
5.733671e-01
3.883054e-01
2.193831e-01
1.554745e-01
2.200066e-02
2.031498e-02
8.838844e-02
1.800072e-02
8.725537e-04
5.817736e-05
10
19
1.110419e-03
5.027003e-01
4.461216e-01
2.917508e-01
4.136036e-02
3.822006e-02
1.658542e-01
3.350821e-02
1.614855e-03
1.074863e-04
11
19
2.411853e-03
5.627926e-01
5.367335e-01
6.760920e-02
6.310141e-02
2.808918e-01
5.602594e-02
2.657934e-03
1.765900e-04
11
19
2.638448e-10
6.359341e-03
7.610847e-01
1.581821e-01
1.311721e-01
5.100341e-01
9.209602e-02
4.123178e-03
2.710766e-04
12
19
2.801188e-07
8.574464e-02
4.175742e-01
2.729981e-01
8.652521e-01
1.449586e-01
6.106725e-03
3.968937e-04
12
19
6.407366e-08
1.297230e-02
8.615384e-02
4.557075e-01
1.102521e+00
1.793531e-01
7.486800e-03
4.864069e-04
12
19
1.424216e-09
1.940774e-04
1.032360e-03
6.541951e-03
1.577951e+00
6.597426e-01
2.215109e-02
1.405481e-03
12
19
2.611985e-11
2.460610e-06
1.156428e-05
5.927786e-05
2.504470e-01
2.882446e+00
1.481609e-01
4.494419e-03
13
19
1.586790e-06
7.210649e-06
3.598866e-05
1.116995e-01
2.391658e+00
2.590655e+00
1.540945e-01
13
19
3.392093e-06
1.538047e-05
7.660276e-05
2.305712e-01
2.303917e+00
5.145197e+00
1.532138e+00
0
9
1.746680e-01
7.710916e-02
7.641990e-02
5.183764e-04
1.080094e-04
4.098360e-06
1.261911e-06
4.017155e-07
1.435743e-07
3.690641e-07
1
10
2.092026e-01
2.912635e-01
2.191638e-03
4.265730e-04
1.111670e-05
2.960522e-06
7.722953e-07
2.067119e-07
6.647658e-07
5.406327e-07
2
16
8.868020e-01
1.774838e-01
3.244914e-02
3.807334e-04
4.055886e-05
6.659642e-06
1.518307e-06
3.325397e-06
2.316821e-06
1.144998e-06
8.642681e-07
8.025381e-07
1.582856e-07
1.620208e-07
6.818039e-07
3
17
1.294294e+00
1.018847e+00
1.100167e-02
8.543300e-04
8.905036e-05
1.656478e-05
3.115811e-05
1.659481e-05
7.060436e-06
5.179356e-06
4.595288e-06
7.610407e-07
7.532439e-07
5.662028e-06
3.092743e-06
4
18
2.049484e+00
5.189770e-01
3.691437e-02
3.010766e-03
4.636840e-04
7.112046e-04
2.535061e-04
7.426169e-05
4.146859e-05
2.909784e-05
4.316569e-06
4.111441e-06
2.270284e-05
1.403550e-05
4.305062e-06
5
19
1.744446e+00
8.250721e-01
6.659647e-02
1.004603e-02
1.498429e-02
4.936158e-03
1.283480e-03
6.265690e-04
3.618325e-04
4.513790e-05
4.041553e-05
1.701211e-04
5.606901e-05
1.371709e-05
6.831331e-06
6
19
1.629330e+00
7.003654e-01
1.069453e-01
1.589059e-01
5.174895e-02
1.319586e-02
6.279538e-03
3.466483e-03
4.113350e-04
3.607338e-04
1.352723e-03
2.752456e-04
3.701950e-05
1.778094e-05
7
19
1.106723e+00
4.760591e-01
7.377328e-01
2.398061e-01
6.094469e-02
2.887113e-02
1.580554e-02
1.857268e-03
1.621884e-03
5.928320e-03
1.028563e-03
8.831745e-05
3.299812e-05
8
19
5.231178e-01
1.433766e+00
4.864279e-01
1.235304e-01
5.846135e-02
3.194558e-02
3.745615e-03
3.267754e-03
1.187387e-02
1.976588e-03
1.421419e-04
4.435073e-05
9
19
1.100819e+00
1.058338e+00
2.740255e-01
1.295913e-01
7.071950e-02
8.278789e-03
7.217602e-03
2.611364e-02
4.212827e-03
2.567762e-04
6.226444e-05
10
19
1.216699e+00
7.476256e-01
3.373942e-01
1.587810e-01
1.516609e-02
1.207098e-02
2.777946e-02
2.705460e-04
-1.538820e-05
-4.669923e-07
10
19
2.857788e-03
1.075153e+00
8.229184e-01
4.036674e-01
3.853764e-02
3.052254e-02
6.874861e-02
4.340682e-04
-4.541708e-05
-1.343927e-06
11
19
5.669470e-03
1.185492e+00
8.690132e-01
7.886954e-02
6.349886e-02
1.498124e-01
1.460400e-03
-7.597688e-05
-2.267839e-06
11
19
4.772161e-10
1.351899e-02
1.532281e+00
2.419653e-01
1.730739e-01
3.247785e-01
-1.266285e-02
-4.896515e-04
-1.315605e-05
12
19
3.387292e-07
1.611320e-01
9.484774e-01
4.534481e-01
7.353018e-01
-2.174043e-02
-1.092865e-03
-2.996289e-05
12
19
6.448460e-08
1.871742e-02
1.589659e-01
1.014697e+00
1.096863e+00
-1.645922e-02
-1.241153e-03
-3.420731e-05
12
19
1.034755e-09
2.138620e-04
1.242785e-03
9.945050e-03
2.089291e+00
9.102281e-02
-4.050525e-03
-1.180993e-04
12
19
3.748542e-13
-4.743457e-07
-1.685406e-06
-4.381866e-06
5.271565e-02
1.854578e+00
-3.338353e-02
-2.042239e-03
13
19
-2.859562e-07
-1.261075e-06
-5.874621e-06
-2.066545e-02
-4.920146e-01
1.507783e+00
1.142861e-02
13
19
-2.515446e-07
-1.128881e-06
-5.280265e-06
-1.957215e-02
-1.087301e+00
3.991254e-01
1.052277e+00
0
9
2.161207e-01
7.313288e-02
-4.562812e-02
-3.938831e-03
-1.541174e-03
-6.688929e-05
-1.069948e-05
-1.561402e-06
-3.166938e-07
-4.801916e-07
1
10
2.661282e-01
1.519996e-01
-1.200038e-02
-4.804328e-03
-2.103114e-04
-3.401603e-05
-4.997247e-06
-9.566990e-07
-1.877116e-06
-5.984789e-07
2
16
8.039618e-01
-1.346443e-03
-8.073673e-02
-4.495712e-03
-7.416274e-04
-1.122221e-04
-2.215924e-05
-4.097178e-05
-1.921416e-05
-6.598231e-06
-3.836234e-06
-2.533861e-06
-3.289385e-07
-2.923393e-07
-9.454557e-07
3
17
1.503682e+00
2.066279e-02
-6.370954e-02
-1.091784e-02
-1.666257e-03
-3.302032e-04
-6.133343e-04
-2.892785e-04
-1.015619e-04
-6.132105e-05
-4.353845e-05
-6.211296e-06
-5.778545e-06
-2.716349e-05
-4.883476e-06
4
18
1.841624e+00
-6.563899e-02
-1.142643e-01
-1.985501e-02
-4.010916e-03
-7.520301e-03
-3.583110e-03
-1.266520e-03
-7.691925e-04
-5.512218e-04
-7.930868e-05
-7.398890e-05
-3.509712e-04
-1.100229e-04
-1.046285e-05
5
19
1.847985e+00
9.064352e-02
-1.300809e-01
-3.025325e-02
-6.014574e-02
-3.019294e-02
-1.090718e-02
-6.685457e-03
-4.821585e-03
-6.961542e-04
-6.501398e-04
-3.097798e-03
-9.911840e-04
-1.183265e-04
-1.604857e-05
6
19
1.803951e+00
3.159723e-01
-4.088064e-02
-1.668953e-01
-1.199550e-01
-4.853596e-02
-3.103831e-02
-2.297822e-02
-3.358361e-03
-3.145601e-03
-1.511321e-02
-4.888726e-03
-5.952017e-04
-1.020163e-04
7
19
1.426167e+00
4.929828e-01
2.535410e-01
-1.814735e-01
-1.099460e-01
-7.838074e-02
-6.158238e-02
-9.237147e-03
-8.704879e-03
-4.252085e-02
-1.400015e-02
-1.717584e-03
-3.093887e-04
8
19
6.858796e-01
1.490830e+00
-5.158268e-02
-1.341093e-01
-1.107891e-01
-9.304394e-02
-1.433227e-02
-1.358835e-02
-6.744780e-02
-2.257367e-02
-2.782829e-03
-5.070268e-04
9
19
1.419520e+00
7.734340e-01
-6.945450e-02
-1.291060e-01
-1.328850e-01
-2.190342e-02
-2.107074e-02
-1.085458e-01
-3.765443e-02
-4.685768e-03
-8.610073e-04
10
19
1.452901e+00
4.562870e-01
-1.058625e-01
-2.463735e-01
-4.569535e-02
-4.430309e-02
-2.111770e-01
-4.497932e-02
-2.181103e-03
-1.454397e-04
10
19
3.815901e-03
1.283791e+00
4.616265e-01
-2.477603e-01
-7.249781e-02
-7.427268e-02
-3.829199e-01
-8.370226e-02
-4.036028e-03
-2.687005e-04
11
19
6.891259e-03
1.316781e+00
1.431591e-01
-9.118837e-02
-1.033889e-01
-6.173259e-01
-1.398490e-01
-6.642960e-03
-4.414497e-04
11
19
6.099249e-11
1.402088e-02
1.343842e+00
1.681581e-02
-8.278604e-02
-1.003028e+00
-2.278226e-01
-1.024633e-02
-6.769937e-04
12
19
-3.229192e-07
1.069453e-01
9.797329e-01
1.640046e-01
-1.302941e+00
-3.585094e-01
-1.509619e-02
-9.901740e-04
12
19
-1.006116e-07
5.379258e-04
9.236322e-02
9.776154e-01
-1.241596e+00
-4.448997e-01
-1.853962e-02
-1.213860e-03
12
19
-2.881292e-09
-2.097914e-04
-7.041380e-04
9.511210e-04
-7.576927e-01
-1.451601e+00
-5.472959e-02
-3.504638e-03
12
19
-6.527140e-11
-6.064922e-06
-2.864256e-05
-1.471731e-04
-5.305147e-01
-4.760837e+00
-3.231502e-01
-1.002463e-02
13
19
-3.922471e-06
-1.783756e-05
-8.915038e-05
-2.759213e-01
-5.216848e+00
-5.236828e+00
-3.604784e-01
13
19
-8.463566e-06
-3.837765e-05
-1.911840e-04
-5.749407e-01
-5.108956e+00
-1.203683e+01
-3.044585e+00
0
9
1.762023e-01
-3.083652e-03
-1.461811e-01
-1.777476e-03
-3.758102e-04
-1.427780e-05
-4.339267e-06
-1.253430e-06
-3.917628e-07
-8.646558e-07
1
10
2.539323e-01
-2.261723e-01
-7.387199e-03
-1.477597e-03
-3.878697e-05
-1.026630e-05
-2.641727e-06
-6.700498e-07
-1.963755e-06
-1.206168e-06
2
16
3.021018e-01
-2.017243e-01
-9.373443e-02
-1.319044e-03
-1.414487e-04
-2.319173e-05
-5.278427e-06
-1.150366e-05
-7.679573e-06
-3.585215e-06
-2.609695e-06
-2.260632e-06
-3.886652e-07
-3.684014e-07
-1.498351e-06
3
17
1.178128e+00
-1.137167e+00
-3.707991e-02
-2.967124e-03
-3.106538e-04
-5.780777e-05
-1.087359e-04
-5.785731e-05
-2.459245e-05
-1.792866e-05
-1.602738e-05
-2.681822e-06
-2.664629e-06
-1.865976e-05
-7.869252e-06
4
18
7.825555e-01
-6.523910e-01
-1.142656e-01
-1.021672e-02
-1.594327e-03
-2.459487e-03
-8.816106e-04
-2.588452e-04
-1.446472e-04
-1.014814e-04
-1.502716e-05
-1.429750e-05
-7.849559e-05
-4.565906e-05
-1.150360e-05
5
19
1.184360e+00
-8.867781e-01
-1.912835e-01
-3.160987e-02
-4.894420e-02
-1.672047e-02
-4.415620e-03
-2.169155e-03
-1.257659e-03
-1.571835e-04
-1.407911e-04
-5.933077e-04
-1.954557e-04
-4.689321e-05
-1.847290e-05
6
19
1.274868e+00
-4.458555e-01
-2.020441e-01
-3.877896e-01
-1.551001e-01
-4.277523e-02
-2.098298e-02
-1.180603e-02
-1.414006e-03
-1.242718e-03
-4.686169e-03
-9.596994e-04
-1.289274e-04
-5.630378e-05
7
19
1.388284e+00
2.014163e-01
-6.884131e-01
-5.479424e-01
-1.754320e-01
-9.011275e-02
-5.180013e-02
-6.230812e-03
-5.470473e-03
-2.027095e-02
-3.575594e-03
-3.081405e-04
-1.111607e-04
8
19
8.401274e-01
6.201013e-01
-8.019415e-01
-3.155324e-01
-1.709698e-01
-1.010338e-01
-1.228915e-02
-1.081152e-02
-4.012501e-02
-6.851778e-03
-4.959837e-04
-1.515565e-04
9
19
1.384897e+00
-2.116692e-01
-4.971303e-01
-3.208202e-01
-2.051720e-01
-2.576802e-02
-2.282083e-02
-8.586266e-02
-1.450860e-02
-8.955352e-04
-2.147855e-04
10
19
1.214166e+00
-3.598002e-01
-6.273861e-01
-4.316220e-01
-4.745644e-02
-3.877236e-02
-9.337592e-02
-9.455925e-04
5.385503e-05
1.634447e-06
10
19
4.207852e-03
1.099232e+00
-4.988708e-01
-8.611005e-01
-1.110946e-01
-9.244297e-02
-2.247346e-01
-1.514270e-03
1.589311e-04
4.703571e-06
11
19
6.511798e-03
9.362170e-01
-1.047544e+00
-2.037229e-01
-1.780157e-01
-4.736487e-01
-5.086988e-03
2.658680e-04
7.937134e-06
11
19
-6.528869e-10
8.366747e-03
3.351544e-01
-3.314970e-01
-3.598446e-01
-9.357948e-01
4.390617e-02
1.705441e-03
4.600513e-05
12
19
-8.592543e-07
-4.595883e-02
5.019105e-01
-3.980602e-01
-1.878608e+00
7.544875e-02
3.799158e-03
1.047280e-04
12
19
-1.846076e-07
-2.866590e-02
-7.120586e-02
3.580859e-01
-2.260704e+00
5.716870e-02
4.319648e-03
1.195900e-04
12
19
-3.208366e-09
-5.226248e-04
-2.582008e-03
-1.103924e-02
-3.085344e+00
-2.353356e-01
1.405849e-02
4.125385e-04
12
19
-1.310949e-12
1.643476e-06
5.852188e-06
1.520039e-05
-1.363522e-01
-4.385005e+00
9.970337e-02
6.428604e-03
13
19
9.942011e-07
4.386703e-06
2.045170e-05
7.168863e-02
1.463910e+00
-4.424121e+00
-3.495712e-02
13
19
8.793265e-07
3.946417e-06
1.846175e-05
6.837407e-02
3.421253e+00
-1.226882e+00
-3.144008e+00
0
9
1.097380e-01
-6.880931e-02
-8.470177e-02
4.877345e-03
2.029635e-03
8.862436e-05
1.345755e-05
1.554049e-06
1.750788e-07
-1.718528e-08
1
10
2.142270e-01
-3.050549e-01
1.376326e-02
6.230296e-03
2.800726e-04
4.421246e-05
6.003405e-06
1.063891e-06
1.452963e-06
-1.804521e-07
2
16
-7.375524e-02
-1.829065e-01
4.758942e-02
5.846102e-03
9.865976e-04
1.487618e-04
2.917502e-05
5.335030e-05
2.385971e-05
7.571403e-06
4.018792e-06
2.227858e-06
2.210268e-07
1.685492e-07
2.398719e-07
3
17
5.511902e-01
-1.079648e+00
7.397901e-02
1.429354e-02
2.218399e-03
4.403691e-04
8.176823e-04
3.842811e-04
1.338901e-04
7.994296e-05
5.549101e-05
7.725352e-06
7.119628e-06
2.880589e-05
8.260037e-07
4
18
-1.301580e-01
-4.979480e-01
9.086369e-02
2.380421e-02
5.055976e-03
9.696628e-03
4.716845e-03
1.681130e-03
1.023800e-03
7.340534e-04
1.055078e-04
9.836029e-05
4.635968e-04
1.353306e-04
6.988081e-06
5
19
2.892333e-01
-9.859134e-01
4.053988e-02
2.380593e-02
5.980491e-02
3.566217e-02
1.373910e-02
8.637771e-03
6.329194e-03
9.205368e-04
8.611572e-04
4.120710e-03
1.316841e-03
1.486707e-04
9.785706e-06
6
19
4.470114e-01
-8.608359e-01
-1.674053e-01
-1.261165e-01
6.292179e-02
4.572656e-02
3.427546e-02
2.770933e-02
4.209398e-03
3.978840e-03
1.959488e-02
6.497740e-03
7.879855e-04
1.159638e-04
7
19
1.026295e+00
-2.170144e-01
-1.242142e+00
-2.995526e-01
2.140837e-02
5.472327e-02
6.061462e-02
1.027162e-02
9.945243e-03
5.213427e-02
1.839651e-02
2.289030e-03
3.886100e-04
8
19
9.106959e-01
-6.364997e-01
-9.146979e-01
-1.026306e-01
2.939669e-02
7.127743e-02
1.399560e-02
1.394147e-02
7.825245e-02
2.932537e-02
3.709499e-03
6.522102e-04
9
19
1.028520e+00
-1.153477e+00
-4.860962e-01
-1.221335e-01
3.385917e-02
1.474445e-02
1.617519e-02
1.105121e-01
4.770992e-02
6.233673e-03
1.125592e-03
10
19
5.777556e-01
-1.068837e+00
-5.704528e-01
-7.654047e-03
3.580178e-02
4.128303e-02
2.558879e-01
6.065153e-02
2.943599e-03
1.963310e-04
10
19
3.967545e-03
5.245959e-01
-1.298017e+00
-5.560573e-01
1.863300e-02
4.293749e-02
4.254731e-01
1.127840e-01
5.445164e-03
3.626976e-04
11
19
4.071737e-03
1.360159e-01
-1.472929e+00
-5.598492e-02
3.667273e-03
5.974379e-01
1.881213e-01
8.962096e-03
5.958727e-04
11
19
-9.648732e-10
-2.695235e-03
-9.116395e-01
-4.408776e-01
-2.819093e-01
7.223964e-01
3.000278e-01
1.363967e-02
9.117454e-04
12
19
-3.579174e-07
-2.062695e-01
-3.228589e-01
-7.936316e-01
1.861947e-01
4.718611e-01
1.984645e-02
1.330259e-03
12
19
-5.457156e-09
-3.975348e-02
-2.236598e-01
-5.889187e-01
-3.738511e-01
5.897402e-01
2.447326e-02
1.631926e-03
12
19
2.032127e-09
-2.206043e-04
-1.922655e-03
-1.425725e-02
-2.139557e+00
1.634392e+00
7.190046e-02
4.703025e-03
12
19
8.802737e-11
7.919952e-06
3.783754e-05
1.955239e-04
5.577759e-01
1.921507e+00
3.320382e-01
1.077252e-02
13
19
5.156123e-06
2.348900e-05
1.177807e-04
3.623770e-01
5.367190e+00
4.375015e+00
4.465074e-01
13
19
1.137335e-05
5.157839e-05
2.570819e-04
7.715343e-01
5.414580e+00
1.490714e+01
2.352138e+00
0
9
3.835806e-02
-1.000118e-01
6.241855e-02
3.359577e-03
7.298362e-04
2.780650e-05
8.227539e-06
2.066959e-06
5.250619e-07
8.738350e-07
1
10
1.481158e-01
-1.623253e-01
1.354216e-02
2.848446e-03
7.573187e-05
1.984682e-05
4.930299e-06
1.183319e-06
2.921115e-06
1.115756e-06
2
16
-1.289373e-01
-1.806723e-03
1.283483e-01
2.543677e-03
2.760688e-04
4.514865e-05
1.022769e-05
2.213124e-05
1.398421e-05
6.121965e-06
4.240055e-06
3.355038e-06
5.073259e-07
4.662184e-07
1.623189e-06
3
17
-1.885138e-02
-5.565281e-02
6.798478e-02
5.747486e-03
6.065734e-04
1.129591e-04
2.124375e-04
1.128412e-04
4.777999e-05
3.464194e-05
3.102539e-05
5.352674e-06
5.255462e-06
3.192144e-05
8.475327e-06
4
18
-3.251710e-01
1.171085e-01
1.783464e-01
1.896889e-02
3.032487e-03
4.727164e-03
1.711856e-03
5.046989e-04
2.824163e-04
1.980839e-04
2.927565e-05
2.784558e-05
1.525335e-04
8.238959e-05
1.522465e-05
5
19
-2.711381e-01
-1.665289e-01
2.540792e-01
5.074222e-02
8.457498e-02
3.093950e-02
8.407159e-03
4.177371e-03
2.439537e-03
3.059529e-04
2.742724e-04
1.157947e-03
3.811152e-04
8.849258e-05
2.414673e-05
6
19
-1.761014e-01
-5.904402e-01
5.069534e-02
3.412671e-01
2.254668e-01
7.280921e-02
3.784781e-02
2.206495e-02
2.688240e-03
2.371921e-03
9.035464e-03
1.872299e-03
2.509338e-04
9.520220e-05
7
19
5.073103e-01
-5.307938e-01
-8.789602e-01
3.711668e-01
2.318578e-01
1.420641e-01
9.001746e-02
1.132024e-02
1.003975e-02
3.816415e-02
6.938200e-03
6.019449e-04
2.046099e-04
8
19
8.872161e-01
-1.586469e+00
-1.297586e-01
3.027779e-01
2.337050e-01
1.635484e-01
2.139177e-02
1.912695e-02
7.390889e-02
1.322667e-02
9.690409e-04
2.855847e-04
9
19
5.149372e-01
-1.375532e+00
4.374423e-02
2.831275e-01
2.763072e-01
4.037196e-02
3.692587e-02
1.502167e-01
2.767690e-02
1.747959e-03
4.112285e-04
10
19
-1.347944e-01
-1.114110e+00
1.086498e-01
5.035849e-01
7.544704e-02
6.492953e-02
1.705462e-01
1.852487e-03
-1.057762e-04
-3.210433e-06
10
19
3.050979e-03
-1.515907e-01
-1.268784e+00
4.498246e-01
1.478860e-01
1.372801e-01
3.899299e-01
2.956074e-03
-3.120970e-04
-9.238565e-06
11
19
4.941090e-04
-6.352435e-01
-6.504208e-01
2.031181e-01
2.212218e-01
7.712646e-01
9.904789e-03
-5.220873e-04
-1.558972e-05
11
19
-4.617973e-10
-1.336101e-02
-1.547160e+00
-1.584086e-01
1.254097e-01
1.235551e+00
-8.480098e-02
-3.320736e-03
-9.022403e-05
12
19
7.393711e-07
-2.492517e-01
-1.074273e+00
-6.128743e-01
1.782872e+00
-1.459624e-01
-7.371957e-03
-2.052187e-04
12
19
2.258294e-07
-1.547768e-02
-2.377779e-01
-1.345662e+00
1.473819e+00
-1.107922e-01
-8.399574e-03
-2.344385e-04
12
19
4.963469e-09
3.811796e-04
8.015542e-04
-6.154273e-03
2.655401e-01
1.565387e-01
-2.728024e-02
-8.079688e-04
12
19
2.571415e-12
-3.174050e-06
-1.134652e-05
-2.945202e-05
1.105597e-01
3.841951e+00
-1.633682e-01
-1.115281e-02
13
19
-1.929543e-06
-8.521599e-06
-3.978771e-05
-1.391239e-01
-2.395560e+00
6.643879e+00
5.610227e-02
13
19
-1.723435e-06
-7.735424e-06
-3.619623e-05
-1.339253e-01
-5.933183e+00
1.991332e+00
4.941541e+00
0