20
5
1.000000e+07
1.737740e+06
1.053990e+06
4.086770e+04
1.170880e+04
5.829470e+02
1.013010e+02
2.260330e+01
1.067700e+01
8.315290e+00
3.927860e+00
1.855400e+00
1.125400e+00
6.825600e-01
3.652800e-01
3.196100e-01
2.769900e-01
7.427600e-02
9.380500e-03
1.466300e-03
1.000000e-05
0.000000e+00
0.000000e+00
0.000000e+00
0.000000e+00
0.000000e+00
0.000000e+00
0.000000e+00
0.000000e+00
0.000000e+00
0.000000e+00
0.000000e+00
0.000000e+00
0.000000e+00
0.000000e+00
0.000000e+00
0.000000e+00
0.000000e+00
0.000000e+00
0.000000e+00
0.000000e+00
7.427999e-04
5.672066e-06
7.899466e-06
2.199522e-05
7.421002e-05
2.332491e-04
5.217375e-04
8.995205e-04
1.148980e-03
1.483292e-03
2.160170e-03
2.942077e-03
3.780264e-03
5.015461e-03
6.029435e-03
6.463576e-03
1.079674e-02
1.966327e-02
4.717461e-02
1.191142e-01
6.542056e-02
1.869159e-02
1.214953e-01
4.672897e-02
1.121495e-01
6.542056e-02
5.607476e-02
2.803738e-02
9.345794e-03
2.803738e-02
2.803738e-02
3.738318e-02
3.738318e-02
5.607476e-02
1.869159e-02
1.869159e-02
1.214953e-01
8.411215e-02
2.803738e-02
1.869159e-02
0.000000e+00
0.000000e+00
0.000000e+00
0.000000e+00
0.000000e+00
0.000000e+00
0.000000e+00
0.000000e+00
0.000000e+00
0.000000e+00
0.000000e+00
0.000000e+00
0.000000e+00
0.000000e+00
0.000000e+00
0.000000e+00
0.000000e+00
0.000000e+00
0.000000e+00
0.000000e+00
1.982378e-01
3.317057e-01
6.912633e-01
1.312480e+00
1.458781e+00
1.488604e+00
1.490918e+00
1.493249e+00
1.494425e+00
1.495448e+00
1.508330e+00
1.545179e+00
1.589386e+00
1.695723e+00
1.826962e+00
1.880636e+00
2.374487e+00
3.413894e+00
5.423407e+00
9.548090e+00
1.965518e-01
3.298719e-01
6.888200e-01
1.313186e+00
1.458913e+00
1.488614e+00
1.490924e+00
1.493261e+00
1.494434e+00
1.495459e+00
1.508330e+00
1.545179e+00
1.589386e+00
1.695723e+00
1.826962e+00
1.880636e+00
2.374487e+00
3.413894e+00
5.423407e+00
9.548090e+00
3.999089e+00
2.142036e+00
1.182353e+00
6.449549e-01
5.894276e-01
5.791300e-01
5.781640e-01
5.771298e-01
5.765747e-01
5.760089e-01
5.739165e-01
5.713145e-01
5.678449e-01
5.616492e-01
5.557644e-01
5.529028e-01
5.176994e-01
4.322074e-01
2.492330e-01
1.121175e-01
0.000000e+00
0.000000e+00
0.000000e+00
0.000000e+00
0.000000e+00
0.000000e+00
0.000000e+00
0.000000e+00
0.000000e+00
0.000000e+00
0.000000e+00
0.000000e+00
0.000000e+00
0.000000e+00
0.000000e+00
0.000000e+00
0.000000e+00
0.000000e+00
0.000000e+00
0.000000e+00
0.000000e+00
0.000000e+00
0.000000e+00
0.000000e+00
0.000000e+00
0.000000e+00
0.000000e+00
0.000000e+00
0.000000e+00
0.000000e+00
0.000000e+00
0.000000e+00
0.000000e+00
0.000000e+00
0.000000e+00
0.000000e+00
0.000000e+00
0.000000e+00
0.000000e+00
0.000000e+00
0
9
9.809948e-02
4.245444e-02
5.473619e-02
1.573305e-03
6.001657e-04
2.597841e-05
4.247000e-06
6.994131e-07
1.672274e-07
3.243603e-07
1
10
1.197619e-01
2.046300e-01
5.214197e-03
1.989661e-03
8.613540e-05
1.407427e-05
2.133189e-06
4.223152e-07
9.706055e-07
4.746931e-07
2
16
5.219186e-01
1.215445e-01
4.541288e-02
1.966047e-03
3.212398e-04
4.868232e-05
9.640323e-06
1.790949e-05
8.600650e-06
3.079911e-06
1.868805e-06
1.333747e-06
1.894296e-07
1.769941e-07
6.880217e-07
3
17
6.224367e-01
6.562504e-01
2.790242e-02
4.559079e-03
6.909101e-04
1.368174e-04
2.541735e-04
1.200641e-04
4.229080e-05
2.565473e-05
1.837960e-05
2.647714e-06
2.468188e-06
1.248886e-05
3.352224e-06
4
18
1.029314e+00
3.556675e-01
5.727567e-02
8.679893e-03
1.718836e-03
3.193148e-03
1.508322e-03
5.312902e-04
3.222968e-04
2.309161e-04
3.323828e-05
3.101962e-05
1.475334e-04
4.796388e-05
5.862837e-06
5
19
8.359717e-01
5.088141e-01
7.576077e-02
1.500255e-02
2.787078e-02
1.316513e-02
4.637262e-03
2.813103e-03
2.015493e-03
2.901142e-04
2.707392e-04
1.287725e-03
4.122448e-04
5.038862e-05
8.964317e-06
6
19
7.735552e-01
3.831273e-01
7.381609e-02
1.371307e-01
6.477546e-02
2.281642e-02
1.384112e-02
9.916701e-03
1.427432e-03
1.332104e-03
6.335897e-03
2.028335e-03
2.473571e-04
4.559335e-05
7
19
5.117783e-01
2.329825e-01
3.944545e-01
1.863247e-01
6.563080e-02
3.981362e-02
2.852512e-02
4.105972e-03
3.831756e-03
1.822504e-02
5.834442e-03
7.115290e-04
1.315929e-04
8
19
2.233486e-01
6.993192e-01
3.010706e-01
1.060486e-01
6.433223e-02
4.609189e-02
6.634573e-03
6.191493e-03
2.944865e-02
9.427486e-03
1.149705e-03
2.127725e-04
9
19
5.120560e-01
5.278540e-01
1.786461e-01
1.083721e-01
7.764498e-02
1.117639e-02
1.043000e-02
4.960831e-02
1.588128e-02
1.936766e-03
3.585965e-04
10
19
5.708065e-01
3.961168e-01
2.255534e-01
1.598479e-01
2.261964e-02
2.088655e-02
9.087516e-02
1.850702e-02
8.970882e-04
5.981313e-05
10
19
1.097125e-03
4.977188e-01
4.545123e-01
3.001545e-01
4.255320e-02
3.932214e-02
1.706342e-01
3.447269e-02
1.661308e-03
1.105783e-04
11
19
2.812497e-03
5.642333e-01
5.393475e-01
6.893707e-02
6.432384e-02
2.860159e-01
5.704854e-02
2.707463e-03
1.798950e-04
11
19
2.566856e-10
6.026088e-03
7.536489e-01
1.638163e-01
1.361029e-01
5.309221e-01
9.563808e-02
4.272293e-03
2.807852e-04
12
19
2.796938e-07
8.317432e-02
4.168368e-01
2.773161e-01
8.875008e-01
1.494010e-01
6.293812e-03
4.090394e-04
12
19
6.486176e-08
1.290680e-02
8.507714e-02
4.575816e-01
1.125761e+00
1.846399e-01
7.705376e-03
5.006096e-04
12
19
7.621801e-10
9.909589e-05
5.177788e-04
3.188079e-03
1.579443e+00
7.540241e-01
2.484332e-02
1.574176e-03
12
19
2.546347e-11
2.453167e-06
1.152009e-05
5.898524e-05
2.440634e-01
2.980924e+00
1.642894e-01
4.881444e-03
13
19
1.633560e-06
7.422881e-06
3.704741e-05
1.149602e-01
2.441415e+00
2.660000e+00
1.598114e-01
13
19
3.485923e-06
1.580591e-05
7.872168e-05
2.369474e-01
2.358510e+00
5.266031e+00
1.567389e+00
0
9
1.766255e-01
7.470941e-02
7.268337e-02
4.934612e-04
1.032193e-04
3.983126e-06
1.233321e-06
4.063832e-07
1.369511e-07
3.471478e-07
1
10
2.078931e-01
2.999891e-01
2.224925e-03
4.332452e-04
1.132577e-05
3.020860e-06
7.883874e-07
2.114853e-07
6.895472e-07
5.398230e-07
2
16
9.118527e-01
1.928937e-01
3.521601e-02
4.122069e-04
4.362313e-05
7.116329e-06
1.619168e-06
3.541404e-06
2.448278e-06
1.212460e-06
9.143651e-07
8.619894e-07
1.716081e-07
1.759144e-07
7.466874e-07
3
17
1.322327e+00
1.052577e+00
1.135043e-02
8.811904e-04
9.180086e-05
1.707073e-05
3.210033e-05
1.708927e-05
7.268836e-06
5.331262e-06
4.729755e-06
7.828823e-07
7.747799e-07
5.812622e-06
3.193806e-06
4
18
2.093126e+00
5.432409e-01
3.859151e-02
3.146793e-03
4.845216e-04
7.429398e-04
2.646025e-04
7.742577e-05
4.318755e-05
3.026217e-05
4.484406e-06
4.269823e-06
2.354737e-05
1.450859e-05
4.492069e-06
5
19
1.781372e+00
8.551071e-01
6.892559e-02
1.039720e-02
1.550774e-02
5.108249e-03
1.328077e-03
6.482465e-04
3.742587e-04
4.667584e-05
4.178825e-05
1.758037e-04
5.784356e-05
1.413144e-05
7.043665e-06
6
19
1.665381e+00
7.239330e-01
1.103289e-01
1.639330e-01
5.338562e-02
1.361302e-02
6.477931e-03
3.575879e-03
4.242991e-04
3.720967e-04
1.395191e-03
2.837221e-04
3.811330e-05
1.829871e-05
7
19
1.125512e+00
4.935462e-01
7.608915e-01
2.473099e-01
6.285141e-02
2.977419e-02
1.629971e-02
1.915309e-03
1.672558e-03
6.113296e-03
1.060364e-03
9.095130e-05
3.395183e-05
8
19
5.263083e-01
1.481494e+00
4.997125e-01
1.269041e-01
6.005796e-02
3.281803e-02
3.847910e-03
3.356997e-03
1.219815e-02
2.030569e-03
1.460238e-04
4.556198e-05
9
19
1.126370e+00
1.089540e+00
2.813458e-01
1.330532e-01
7.260876e-02
8.499963e-03
7.410428e-03
2.681135e-02
4.325457e-03
2.636661e-04
6.394648e-05
10
19
1.242991e+00
7.717242e-01
3.470160e-01
1.633102e-01
1.559867e-02
1.241517e-02
2.857076e-02
2.780847e-04
-1.583446e-05
-4.805029e-07
10
19
2.849188e-03
1.094435e+00
8.515351e-01
4.156336e-01
3.967991e-02
3.142633e-02
7.077836e-02
4.463202e-04
-4.676942e-05
-1.383917e-06
11
19
6.708026e-03
1.228495e+00
8.839324e-01
8.024351e-02
6.457476e-02
1.520527e-01
1.468031e-03
-7.760809e-05
-2.316390e-06
11
19
4.642411e-10
1.304041e-02
1.550390e+00
2.569011e-01
1.829337e-01
3.426253e-01
-1.348267e-02
-5.206714e-04
-1.398809e-05
12
19
3.392163e-07
1.581301e-01
9.625895e-01
4.730866e-01
7.646675e-01
-2.228107e-02
-1.124637e-03
-3.084528e-05
12
19
6.552118e-08
1.907759e-02
1.589146e-01
1.033334e+00
1.137660e+00
-1.675915e-02
-1.276739e-03
-3.518836e-05
12
19
5.061949e-10
1.020005e-04
5.921079e-04
4.601651e-03
2.107716e+00
1.262703e-01
-4.562294e-03
-1.338801e-04
12
19
3.275770e-13
-4.830121e-07
-1.738340e-06
-4.820746e-06
4.610143e-02
1.895409e+00
-3.465533e-02
-2.277733e-03
13
19
-2.935595e-07
-1.294702e-06
-6.031409e-06
-2.121603e-02
-5.083334e-01
1.546051e+00
1.263842e-02
13
19
-2.584127e-07
-1.159705e-06
-5.424445e-06
-2.010541e-02
-1.111748e+00
4.078287e-01
1.077403e+00
0
9
2.161438e-01
6.614202e-02
-4.607854e-02
-3.796821e-03
-1.484690e-03
-6.441657e-05
-1.029689e-05
-1.506622e-06
-2.981791e-07
-4.469688e-07
1
10
2.691320e-01
1.474004e-01
-1.222041e-02
-4.891027e-03
-2.140873e-04
-3.462442e-05
-5.085526e-06
-9.735475e-07
-1.919074e-06
-5.958500e-07
2
16
8.297715e-01
2.704918e-03
-8.651509e-02
-4.837154e-03
-7.981004e-04
-1.207821e-04
-2.385181e-05
-4.410787e-05
-2.068208e-05
-7.112085e-06
-4.141882e-06
-2.750175e-06
-3.583823e-07
-3.189196e-07
-1.036946e-06
3
17
1.541390e+00
2.526239e-02
-6.564262e-02
-1.125043e-02
-1.717049e-03
-3.402700e-04
-6.320348e-04
-2.981007e-04
-1.046603e-04
-6.319270e-05
-4.486845e-05
-6.401197e-06
-5.955023e-06
-2.798863e-05
-5.049739e-06
4
18
1.889577e+00
-6.269833e-02
-1.188075e-01
-2.066644e-02
-4.175436e-03
-7.829290e-03
-3.730569e-03
-1.318683e-03
-8.008856e-04
-5.739442e-04
-8.257917e-05
-7.704054e-05
-3.654622e-04
-1.145941e-04
-1.095280e-05
5
19
1.893586e+00
9.914346e-02
-1.341162e-01
-3.121812e-02
-6.208370e-02
-3.117412e-02
-1.126283e-02
-6.903747e-03
-4.979155e-03
-7.189143e-04
-6.713978e-04
-3.199122e-03
-1.023629e-03
-1.222122e-04
-1.660184e-05
6
19
1.849848e+00
3.284993e-01
-4.180818e-02
-1.715906e-01
-1.235165e-01
-4.999581e-02
-3.197602e-02
-2.367425e-02
-3.460211e-03
-3.241025e-03
-1.557204e-02
-5.037279e-03
-6.133005e-04
-1.051408e-04
7
19
1.457629e+00
5.106893e-01
2.641164e-01
-1.862334e-01
-1.131203e-01
-8.068651e-02
-6.341091e-02
-9.512483e-03
-8.964581e-03
-4.379244e-02
-1.441987e-02
-1.769116e-03
-3.186953e-04
8
19
7.033673e-01
1.532705e+00
-5.299143e-02
-1.377720e-01
-1.138148e-01
-9.558503e-02
-1.472369e-02
-1.395946e-02
-6.928983e-02
-2.319017e-02
-2.858830e-03
-5.208739e-04
9
19
1.458841e+00
7.938775e-01
-7.143764e-02
-1.326198e-01
-1.364755e-01
-2.249398e-02
-2.163860e-02
-1.114680e-01
-3.866710e-02
-4.811753e-03
-8.841521e-04
10
19
1.491249e+00
4.704811e-01
-1.085133e-01
-2.531987e-01
-4.697438e-02
-4.554503e-02
-2.171117e-01
-4.624445e-02
-2.242431e-03
-1.495290e-04
10
19
3.847148e-03
1.315677e+00
4.777935e-01
-2.541606e-01
-7.454073e-02
-7.638300e-02
-3.939137e-01
-8.611145e-02
-4.152127e-03
-2.764300e-04
11
19
8.252377e-03
1.366177e+00
1.334560e-01
-9.333699e-02
-1.056377e-01
-6.290496e-01
-1.424040e-01
-6.766738e-03
-4.497114e-04
11
19
5.926304e-11
1.365181e-02
1.371505e+00
2.546202e-02
-8.218412e-02
-1.039367e+00
-2.365194e-01
-1.061404e-02
-7.012068e-04
12
19
-3.262271e-07
1.040100e-01
9.996335e-01
1.799760e-01
-1.338953e+00
-3.695170e-01
-1.555916e-02
-1.020479e-03
12
19
-1.024329e-07
5.964796e-04
9.192659e-02
9.995726e-01
-1.268277e+00
-4.580220e-01
-1.908107e-02
-1.249306e-03
12
19
-1.587336e-09
-1.234169e-04
-4.500921e-04
-2.606313e-04
-8.190056e-01
-1.639180e+00
-6.137908e-02
-3.925098e-03
12
19
-6.363220e-11
-6.043576e-06
-2.851948e-05
-1.463963e-04
-5.244041e-01
-5.005130e+00
-3.598713e-01
-1.087771e-02
13
19
-4.038318e-06
-1.836353e-05
-9.177719e-05
-2.840042e-01
-5.345852e+00
-5.407652e+00
-3.751855e-01
13
19
-8.697687e-06
-3.943926e-05
-1.964726e-04
-5.908434e-01
-5.248959e+00
-1.236774e+01
-3.132087e+00
0
9
1.733097e-01
-7.910477e-03
-1.412778e-01
-1.693044e-03
-3.592173e-04
-1.387580e-05
-4.237404e-06
-1.248650e-06
-3.729560e-07
-8.107954e-07
1
10
2.586265e-01
-2.325525e-01
-7.500856e-03
-1.500778e-03
-3.951639e-05
-1.047494e-05
-2.695686e-06
-6.852359e-07
-2.026904e-06
-1.203234e-06
2
16
3.224367e-01
-2.149911e-01
-1.015418e-01
-1.427956e-03
-1.521372e-04
-2.478482e-05
-5.629562e-06
-1.225503e-05
-8.141527e-06
-3.811599e-06
-2.778679e-06
-2.434705e-06
-4.212026e-07
-4.001041e-07
-1.641073e-06
3
17
1.210255e+00
-1.167993e+00
-3.825239e-02
-3.060370e-03
-3.202481e-04
-5.957343e-05
-1.120242e-04
-5.958155e-05
-2.531844e-05
-1.845574e-05
-1.649759e-05
-2.761094e-06
-2.743525e-06
-1.919383e-05
-8.130348e-06
4
18
8.124131e-01
-6.764188e-01
-1.193853e-01
-1.067678e-02
-1.665840e-03
-2.569094e-03
-9.201767e-04
-2.698711e-04
-1.506428e-04
-1.055440e-04
-1.561289e-05
-1.485018e-05
-8.143973e-05
-4.726877e-05
-1.201355e-05
5
19
1.218685e+00
-9.108731e-01
-1.978313e-01
-3.270283e-02
-5.064218e-02
-1.730155e-02
-4.568801e-03
-2.244129e-03
-1.300826e-03
-1.625372e-04
-1.455717e-04
-6.131229e-04
-2.016439e-04
-4.831748e-05
-1.906311e-05
6
19
1.310677e+00
-4.561379e-01
-2.081146e-01
-3.997431e-01
-1.599570e-01
-4.412117e-02
-2.164408e-02
-1.217801e-02
-1.458526e-03
-1.281829e-03
-4.833206e-03
-9.892514e-04
-1.327379e-04
-5.795804e-05
7
19
1.421636e+00
2.123084e-01
-7.052910e-01
-5.643874e-01
-1.808298e-01
-9.290532e-02
-5.341139e-02
-6.424898e-03
-5.640910e-03
-2.090235e-02
-3.686095e-03
-3.173304e-04
-1.143844e-04
8
19
8.633540e-01
6.367545e-01
-8.238430e-01
-3.241498e-01
-1.756391e-01
-1.037931e-01
-1.262477e-02
-1.110679e-02
-4.122085e-02
-7.038904e-03
-5.095293e-04
-1.556956e-04
9
19
1.422994e+00
-2.182528e-01
-5.105319e-01
-3.294254e-01
-2.106642e-01
-2.645726e-02
-2.343115e-02
-8.815820e-02
-1.489655e-02
-9.195643e-04
-2.205864e-04
10
19
1.246122e+00
-3.685811e-01
-6.448897e-01
-4.438531e-01
-4.880668e-02
-3.987579e-02
-9.603327e-02
-9.719324e-04
5.541691e-05
1.681733e-06
10
19
4.268444e-03
1.126473e+00
-5.098249e-01
-8.857508e-01
-1.143525e-01
-9.516084e-02
-2.313508e-01
-1.556974e-03
1.636638e-04
4.843530e-06
11
19
7.825422e-03
9.568178e-01
-1.078793e+00
-2.075321e-01
-1.811963e-01
-4.809233e-01
-5.113611e-03
2.715770e-04
8.107068e-06
11
19
-6.352315e-10
8.154400e-03
3.535372e-01
-3.389116e-01
-3.736932e-01
-9.820170e-01
4.674481e-02
1.813227e-03
4.891337e-05
12
19
-8.586910e-07
-4.860983e-02
5.137812e-01
-4.021188e-01
-1.938107e+00
7.732789e-02
3.909674e-03
1.078124e-04
12
19
-1.869133e-07
-2.909163e-02
-7.341020e-02
3.662040e-01
-2.323402e+00
5.821165e-02
4.443536e-03
1.230202e-04
12
19
-1.580859e-09
-2.525194e-04
-1.263330e-03
-5.565360e-03
-3.256410e+00
-3.195414e-01
1.583649e-02
4.676676e-04
12
19
-1.145577e-12
1.673331e-06
6.035735e-06
1.672958e-05
-1.164563e-01
-4.527438e+00
1.040880e-01
7.198813e-03
13
19
1.020664e-06
4.503789e-06
2.099798e-05
7.362905e-02
1.525028e+00
-4.556062e+00
-3.897535e-02
13
19
9.033360e-07
4.054176e-06
1.896585e-05
7.024142e-02
3.515257e+00
-1.259339e+00
-3.233263e+00
0
9
1.027284e-01
-7.064874e-02
-7.793139e-02
4.710668e-03
1.956013e-03
8.531488e-05
1.291985e-05
1.460245e-06
1.618363e-07
-2.290595e-08
1
10
2.188826e-01
-3.138358e-01
1.402945e-02
6.343953e-03
2.850938e-04
4.499483e-05
6.105295e-06
1.081655e-06
1.464328e-06
-1.830403e-07
2
16
-6.716327e-02
-2.012218e-01
4.989821e-02
6.287435e-03
1.061747e-03
1.601581e-04
3.142055e-05
5.748477e-05
2.576465e-05
8.205044e-06
4.376945e-06
2.438137e-06
2.431795e-07
1.857683e-07
2.657583e-07
3
17
5.697187e-01
-1.113006e+00
7.619498e-02
1.472812e-02
2.285996e-03
4.537939e-04
8.426188e-04
3.960096e-04
1.379812e-04
8.238941e-05
5.719497e-05
7.962849e-06
7.338364e-06
2.971721e-05
8.616779e-07
4
18
-1.224416e-01
-5.242198e-01
9.396679e-02
2.475597e-02
5.260987e-03
1.009223e-02
4.910377e-03
1.750289e-03
1.065977e-03
7.643394e-04
1.098667e-04
1.024260e-04
4.828279e-04
1.411469e-04
7.344913e-06
5
19
3.045351e-01
-1.020280e+00
4.109880e-02
2.448672e-02
6.163862e-02
3.680022e-02
1.418330e-02
8.918422e-03
6.535471e-03
9.505821e-04
8.892748e-04
4.255406e-03
1.359996e-03
1.536117e-04
1.017229e-05
6
19
4.638180e-01
-8.866016e-01
-1.731048e-01
-1.310004e-01
6.452397e-02
4.705390e-02
3.529332e-02
2.854135e-02
4.336369e-03
4.098983e-03
2.018823e-02
6.695101e-03
8.119756e-04
1.195643e-04
7
19
1.054662e+00
-2.175320e-01
-1.279314e+00
-3.101429e-01
2.162717e-02
5.618972e-02
6.235517e-02
1.057220e-02
1.023740e-02
5.368066e-02
1.894708e-02
2.357719e-03
4.003636e-04
8
19
9.353210e-01
-6.536362e-01
-9.396787e-01
-1.054335e-01
3.019952e-02
7.322406e-02
1.437783e-02
1.432222e-02
8.038957e-02
3.012626e-02
3.810807e-03
6.700224e-04
9
19
1.055939e+00
-1.184905e+00
-4.989456e-01
-1.252928e-01
3.483266e-02
1.514737e-02
1.661546e-02
1.134991e-01
4.899392e-02
6.401285e-03
1.155838e-03
10
19
5.950562e-01
-1.097834e+00
-5.870401e-01
-8.201456e-03
3.678332e-02
4.242630e-02
2.630593e-01
6.235743e-02
3.026367e-03
2.018512e-04
10
19
4.037865e-03
5.417044e-01
-1.332703e+00
-5.735766e-01
1.900758e-02
4.406049e-02
4.375644e-01
1.160300e-01
5.601791e-03
3.731310e-04
11
19
4.935122e-03
1.205225e-01
-1.493380e+00
-5.605700e-02
4.564651e-03
6.101468e-01
1.915654e-01
9.129052e-03
6.070240e-04
11
19
-9.386188e-10
-2.554745e-03
-9.096052e-01
-4.635631e-01
-3.013453e-01
7.345981e-01
3.112754e-01
1.412019e-02
9.442495e-04
12
19
-3.526522e-07
-2.058629e-01
-3.255041e-01
-8.175069e-01
1.837304e-01
4.864124e-01
2.045662e-02
1.370983e-03
12
19
-4.939153e-09
-4.018131e-02
-2.255217e-01
-6.011444e-01
-3.902496e-01
6.071562e-01
2.518860e-02
1.679587e-03
12
19
1.266553e-09
-6.736042e-05
-7.270410e-04
-5.803828e-03
-2.288483e+00
1.793882e+00
8.062628e-02
5.266635e-03
12
19
8.582000e-11
7.882271e-06
3.763048e-05
1.943257e-04
5.618392e-01
2.130161e+00
3.708653e-01
1.157616e-02
13
19
5.309138e-06
2.418460e-05
1.212640e-04
3.730271e-01
5.503515e+00
4.526785e+00
4.645782e-01
13
19
1.168799e-05
5.300530e-05
2.641940e-04
7.928766e-01
5.567098e+00
1.532441e+01
2.417966e+00
0
9
2.964019e-02
-9.545386e-02
6.516408e-02
3.202313e-03
6.977383e-04
2.701752e-05
8.020795e-06
2.020608e-06
4.955639e-07
8.150806e-07
1
10
1.505604e-01
-1.654060e-01
1.375576e-02
2.893397e-03
7.715512e-05
2.024833e-05
5.030594e-06
1.206675e-06
2.997089e-06
1.110504e-06
2
16
-1.318657e-01
-9.193964e-03
1.384632e-01
2.753261e-03
2.969340e-04
4.825940e-05
1.091190e-05
2.359172e-05
1.488505e-05
6.539464e-06
4.547302e-06
3.629064e-06
5.510548e-07
5.074626e-07
1.778970e-06
3
17
-1.420785e-02
-6.263384e-02
7.012429e-02
5.927964e-03
6.253039e-04
1.164093e-04
2.188625e-04
1.162053e-04
4.919179e-05
3.566168e-05
3.193603e-05
5.509706e-06
5.410100e-06
3.285572e-05
8.760642e-06
4
18
-3.296237e-01
1.124842e-01
1.861019e-01
1.981771e-02
3.168032e-03
4.937341e-03
1.786658e-03
5.261871e-04
2.941216e-04
2.060208e-04
3.042010e-05
2.892513e-05
1.582701e-04
8.542245e-05
1.592140e-05
5
19
-2.709930e-01
-1.811956e-01
2.623289e-01
5.245660e-02
8.746905e-02
3.200834e-02
8.697948e-03
4.321498e-03
2.523182e-03
3.163669e-04
2.835797e-04
1.196609e-03
3.931899e-04
9.120360e-05
2.495531e-05
6
19
-1.759451e-01
-6.124093e-01
5.133788e-02
3.508724e-01
2.323707e-01
7.507882e-02
3.903398e-02
2.275813e-02
2.772721e-03
2.446448e-03
9.318683e-03
1.929942e-03
2.583555e-04
9.802929e-05
7
19
5.265459e-01
-5.428490e-01
-9.113882e-01
3.803896e-01
2.387074e-01
1.463809e-01
9.278931e-02
1.167069e-02
1.035089e-02
3.934911e-02
7.152459e-03
6.198988e-04
2.105752e-04
8
19
9.115933e-01
-1.629943e+00
-1.333024e-01
3.110469e-01
2.400877e-01
1.680150e-01
2.197598e-02
1.964932e-02
7.592738e-02
1.358789e-02
9.955059e-04
2.933841e-04
9
19
5.275532e-01
-1.411716e+00
4.528267e-02
2.908306e-01
2.837399e-01
4.145467e-02
3.791557e-02
1.542376e-01
2.841716e-02
1.794861e-03
4.223305e-04
10
19
-1.373775e-01
-1.146858e+00
1.107057e-01
5.176159e-01
7.758276e-02
6.677050e-02
1.753919e-01
1.904092e-03
-1.088438e-04
-3.303314e-06
10
19
3.117936e-03
-1.516737e-01
-1.307805e+00
4.606143e-01
1.521158e-01
1.412550e-01
4.013492e-01
3.039430e-03
-3.213902e-04
-9.513467e-06
11
19
6.335841e-04
-6.810090e-01
-6.337606e-01
2.077868e-01
2.257040e-01
7.837261e-01
9.957038e-03
-5.332963e-04
-1.592348e-05
11
19
-4.490341e-10
-1.300372e-02
-1.576190e+00
-1.834211e-01
1.179164e-01
1.286333e+00
-9.026882e-02
-3.529692e-03
-9.592269e-05
12
19
7.448296e-07
-2.455107e-01
-1.099191e+00
-6.461527e-01
1.830226e+00
-1.496057e-01
-7.586595e-03
-2.112627e-04
12
19
2.292426e-07
-1.549008e-02
-2.379332e-01
-1.381633e+00
1.501786e+00
-1.128110e-01
-8.640564e-03
-2.411632e-04
12
19
2.489432e-09
2.027109e-04
5.412348e-04
-1.751242e-03
3.321926e-01
2.239333e-01
-3.073151e-02
-9.159072e-04
12
19
2.246925e-12
-3.230290e-06
-1.169774e-05
-3.241510e-05
8.539176e-02
4.055314e+00
-1.705338e-01
-1.247088e-02
13
19
-1.981001e-06
-8.749440e-06
-4.085204e-05
-1.428930e-01
-2.494674e+00
6.839839e+00
6.311153e-02
13
19
-1.770494e-06
-7.946646e-06
-3.718462e-05
-1.375828e-01
-6.094445e+00
2.043740e+00
5.075332e+00
0