7.495585410380808944e-02
7.301561482413632120e-02
2.686553644226218215e-04
2.580411219588412785e-04
3.185306008938179541e-05
2.649520020537320084e-05
2.157956607047618983e-07
0.000000000000000000e+00
0.000000000000000000e+00
0.000000000000000000e+00
0.000000000000000000e+00
0.000000000000000000e+00
0.000000000000000000e+00
0.000000000000000000e+00
0.000000000000000000e+00
0.000000000000000000e+00
0.000000000000000000e+00
3.243226304244671288e-01
2.026388510274310800e-02
2.224572938531659688e-02
3.356948957032738004e-03
2.977856040845535800e-03
2.020426066483325963e-05
4.185229505379146301e-06
2.010401411224663405e-07
6.935653650954052955e-07
9.525856779563490578e-08
3.291286941453103123e-07
1.402645093723630005e-07
1.018151401073720740e-07
0.000000000000000000e+00
0.000000000000000000e+00
0.000000000000000000e+00
0.000000000000000000e+00
3.317531999553990363e-01
3.377828925706218843e-01
4.658186907430115348e-02
4.130594663300858616e-02
2.799163821770434381e-04
5.736332142490636416e-05
2.706701925003949244e-06
9.447561578877370427e-06
1.278286525970009043e-06
4.463297955188792206e-06
1.950118558884216375e-06
3.101550756499243938e-06
0.000000000000000000e+00
0.000000000000000000e+00
0.000000000000000000e+00
0.000000000000000000e+00
0.000000000000000000e+00
5.296615814578975456e-01
1.664730382399532693e-01
1.385888640970936170e-01
9.396307808916396550e-04
1.925575955711809613e-04
9.084699685588891235e-06
3.171299296952902002e-05
4.291635484074459374e-06
1.498004615023986496e-05
6.549796546932496372e-06
8.270681701619580749e-06
9.557408582589127688e-07
1.376285019439097044e-06
0.000000000000000000e+00
0.000000000000000000e+00
0.000000000000000000e+00
0.000000000000000000e+00
4.379706054069490984e-01
4.493542158127997732e-01
2.905746143179063073e-03
5.954673365850586758e-04
2.809415062326213596e-05
9.806926108929414523e-05
1.327158452495706623e-05
4.632416284310736506e-05
2.025432131476231294e-05
2.484873071400978071e-05
2.349736916800156244e-06
5.791816223491627506e-06
0.000000000000000000e+00
0.000000000000000000e+00
0.000000000000000000e+00
0.000000000000000000e+00
0.000000000000000000e+00
7.712994752686940236e-01
9.812104379410899191e-02
1.957211775805541704e-02
9.234240212438204511e-04
3.223423639617078486e-03
4.362110357709961792e-04
1.522588399403211308e-03
6.657107464758251847e-04
8.167335792750050677e-04
7.722851965665914777e-05
1.938298605615295517e-04
0.000000000000000000e+00
0.000000000000000000e+00
0.000000000000000000e+00
0.000000000000000000e+00
0.000000000000000000e+00
0.000000000000000000e+00
5.408617999099143425e-01
2.435852955896364025e-01
1.115029399041528660e-02
3.892102534423329263e-02
5.265662887423941570e-03
1.835627207002818798e-02
7.974541730532500733e-03
9.505478449928144585e-03
8.479535691614349191e-04
1.999256302987094652e-03
0.000000000000000000e+00
0.000000000000000000e+00
0.000000000000000000e+00
0.000000000000000000e+00
0.000000000000000000e+00
0.000000000000000000e+00
3.895377844543891903e-05
4.930956840980140199e-01
5.201008091712217701e-02
1.540551748663196163e-01
2.024963934464425741e-02
7.027038707161058217e-02
2.993424402602224213e-02
3.241122776148857437e-02
2.273569950617304082e-03
3.711261570324408780e-03
0.000000000000000000e+00
0.000000000000000000e+00
0.000000000000000000e+00
0.000000000000000000e+00
0.000000000000000000e+00
0.000000000000000000e+00
0.000000000000000000e+00
9.471473730000004240e-03
2.069259999999999156e-01
3.640485999999997224e-01
3.745790000000000231e-02
1.298606999999999956e-01
5.543863999999996961e-02
5.999659999999999022e-02
4.196019999999999091e-03
6.828466950000001458e-03
0.000000000000000000e+00
0.000000000000000000e+00
0.000000000000000000e+00
0.000000000000000000e+00
0.000000000000000000e+00
0.000000000000000000e+00
0.000000000000000000e+00
5.534037478657795453e-05
2.408563883296084562e-03
4.227527496757989556e-01
7.373437085815259806e-02
2.024044808535639672e-01
8.330423304983079758e-02
9.009952293393377887e-02
6.250001817641498598e-03
1.012831606827792677e-02
0.000000000000000000e+00
0.000000000000000000e+00
0.000000000000000000e+00
0.000000000000000000e+00
0.000000000000000000e+00
0.000000000000000000e+00
0.000000000000000000e+00
7.967989999999996594e-10
1.617689999999999777e-08
3.199960151699999394e-02
2.329370000000000329e-01
3.728566000000003156e-01
1.173250000000000404e-01
1.304044500000001161e-01
9.000159999999994900e-03
1.450691799999999365e-02
0.000000000000000000e+00
0.000000000000000000e+00
0.000000000000000000e+00
0.000000000000000000e+00
0.000000000000000000e+00
0.000000000000000000e+00
0.000000000000000000e+00
0.000000000000000000e+00
9.749354563529552884e-10
1.136686520680639913e-03
8.051549745286592716e-03
4.861882763381495387e-01
2.193939821696649639e-01
1.961531889123491190e-01
1.299925136430210224e-02
2.072827284286440572e-02
0.000000000000000000e+00
0.000000000000000000e+00
0.000000000000000000e+00
0.000000000000000000e+00
0.000000000000000000e+00
0.000000000000000000e+00
0.000000000000000000e+00
0.000000000000000000e+00
0.000000000000000000e+00
1.264093555054721416e-06
1.337336609660689782e-05
3.623680114895538873e-02
4.990785561316971042e-01
4.428198681278229243e-01
2.557087374357186818e-02
3.914261155450905749e-02
0.000000000000000000e+00
0.000000000000000000e+00
0.000000000000000000e+00
0.000000000000000000e+00
0.000000000000000000e+00
0.000000000000000000e+00
0.000000000000000000e+00
0.000000000000000000e+00
0.000000000000000000e+00
2.629506456859920961e-09
2.263283499496580121e-07
1.198137596488185177e-03
3.592423999075324004e-02
9.930167140234571477e-01
1.122270800023632553e-01
1.374337178729685971e-01
0.000000000000000000e+00
0.000000000000000000e+00
0.000000000000000000e+00
0.000000000000000000e+00
0.000000000000000000e+00
0.000000000000000000e+00
0.000000000000000000e+00
0.000000000000000000e+00
0.000000000000000000e+00
0.000000000000000000e+00
0.000000000000000000e+00
2.459265621919136716e-04
7.053239995216886542e-03
5.690251421776910679e-01
5.860384764112603895e-01
4.608685400873809290e-01
0.000000000000000000e+00
0.000000000000000000e+00
0.000000000000000000e+00
0.000000000000000000e+00
0.000000000000000000e+00
0.000000000000000000e+00
0.000000000000000000e+00
0.000000000000000000e+00
0.000000000000000000e+00
0.000000000000000000e+00
0.000000000000000000e+00
2.189211654211205814e-04
6.293113559803748848e-03
4.049904254795906322e-01
2.715782495839778599e-01
1.533879582553021592e+00
4.380382885589902131e-02
8.762376853696338119e-02
3.470909593896472469e-04
4.137763605601660647e-04
6.248832220484155844e-05
5.538231143228509768e-05
4.659882445051368217e-07
0.000000000000000000e+00
0.000000000000000000e+00
0.000000000000000000e+00
0.000000000000000000e+00
0.000000000000000000e+00
0.000000000000000000e+00
0.000000000000000000e+00
0.000000000000000000e+00
0.000000000000000000e+00
0.000000000000000000e+00
3.748730836712101389e-01
3.759729918375073754e-02
4.327507134387337945e-02
6.558834449335367890e-03
5.821207902230850044e-03
3.952531594031717384e-05
8.179709257801667371e-06
3.907195376468927818e-07
1.346024265759453067e-06
1.838868355914414646e-07
6.382164216227178117e-07
2.747787252762420180e-07
2.016438870264523519e-07
0.000000000000000000e+00
0.000000000000000000e+00
0.000000000000000000e+00
0.000000000000000000e+00
3.247586309929095805e-01
6.925242677221150611e-01
1.003950234387331192e-01
8.910472743848439625e-02
6.041312016226586118e-04
1.238053187563254776e-04
5.841799047939160648e-06
2.039037869716274950e-05
2.758894088134482266e-06
9.632982223097388805e-06
4.208892880622432059e-06
6.693867291424856922e-06
0.000000000000000000e+00
0.000000000000000000e+00
0.000000000000000000e+00
0.000000000000000000e+00
0.000000000000000000e+00
7.098797445322753141e-01
3.481199633773793822e-01
3.001625183032308741e-01
2.035100107030724751e-03
4.170512463931243708e-04
1.967612518776511846e-05
6.868564718905179110e-05
9.295046349622160356e-06
3.244455717937403278e-05
1.418587579489450921e-05
1.790060544831917011e-05
2.067253062385951703e-06
2.997293129264214182e-06
0.000000000000000000e+00
0.000000000000000000e+00
0.000000000000000000e+00
0.000000000000000000e+00
4.984276739681625101e-01
9.428880715659578859e-01
6.253306462223863493e-03
1.281473259891875585e-03
6.045989885862470306e-05
2.110498123179706113e-04
2.856106333876285038e-05
9.969178090823775076e-05
4.358823467275238473e-05
5.347564840170621352e-05
5.056740436300553491e-06
1.246458062128615733e-05
0.000000000000000000e+00
0.000000000000000000e+00
0.000000000000000000e+00
0.000000000000000000e+00
0.000000000000000000e+00
1.197627552256835148e+00
2.251608853385408671e-01
4.547059556171807737e-02
2.145329751251025870e-03
7.488766074556615221e-03
1.013419418669982142e-03
3.537327665318305055e-03
1.546601556574553034e-03
1.897463116264494617e-03
1.794198412970278629e-04
4.503331606993470852e-04
0.000000000000000000e+00
0.000000000000000000e+00
0.000000000000000000e+00
0.000000000000000000e+00
0.000000000000000000e+00
0.000000000000000000e+00
7.767147318253436739e-01
5.149280432031905219e-01
2.380947555845701682e-02
8.311255901284579639e-02
1.124724083963709979e-02
3.925831174689280167e-02
1.716466469632433461e-02
2.105861034984744806e-02
1.991259879628834179e-03
5.000296271402284755e-03
0.000000000000000000e+00
0.000000000000000000e+00
0.000000000000000000e+00
0.000000000000000000e+00
0.000000000000000000e+00
0.000000000000000000e+00
0.000000000000000000e+00
7.326071297349260325e-01
1.016800527727892561e-01
3.231325871309932429e-01
4.306437200529231180e-02
1.496046099340936908e-01
6.427714903107369093e-02
7.246616137127255552e-02
5.614665416605770301e-03
1.086879283039405598e-02
0.000000000000000000e+00
0.000000000000000000e+00
0.000000000000000000e+00
0.000000000000000000e+00
0.000000000000000000e+00
0.000000000000000000e+00
0.000000000000000000e+00
4.452910263124000914e-03
2.057229999999999615e-01
6.900902000000000980e-01
8.019990000000004615e-02
2.778074000000000376e-01
1.189102000000000214e-01
1.298888699999998508e-01
9.172210000000003555e-03
1.498847950000000220e-02
0.000000000000000000e+00
0.000000000000000000e+00
0.000000000000000000e+00
0.000000000000000000e+00
0.000000000000000000e+00
0.000000000000000000e+00
0.000000000000000000e+00
2.235940389438742663e-07
1.100164642180433659e-03
5.859413779507526288e-01
1.419751606947925460e-01
4.201834221871073582e-01
1.787601945204362608e-01
1.953367555554626211e-01
1.364882153141014874e-02
2.215922144329846022e-02
0.000000000000000000e+00
0.000000000000000000e+00
0.000000000000000000e+00
0.000000000000000000e+00
0.000000000000000000e+00
0.000000000000000000e+00
0.000000000000000000e+00
0.000000000000000000e+00
0.000000000000000000e+00
1.860686500251079387e-02
2.757220000000000781e-01
7.168829999999997149e-01
2.478296999999998473e-01
2.824649999999997441e-01
1.966401000000000607e-02
3.169173510000002081e-02
0.000000000000000000e+00
0.000000000000000000e+00
0.000000000000000000e+00
0.000000000000000000e+00
0.000000000000000000e+00
0.000000000000000000e+00
0.000000000000000000e+00
0.000000000000000000e+00
0.000000000000000000e+00
6.691653391575386092e-05
4.621306277199289936e-03
7.224040976773447031e-01
4.411431299461036626e-01
4.195683404831389018e-01
2.764913292541205936e-02
4.362553725413697431e-02
0.000000000000000000e+00
0.000000000000000000e+00
0.000000000000000000e+00
0.000000000000000000e+00
0.000000000000000000e+00
0.000000000000000000e+00
0.000000000000000000e+00
0.000000000000000000e+00
0.000000000000000000e+00
4.600058798192725614e-10
1.648211924455015767e-08
2.024423860686105914e-02
7.744161473699343601e-01
9.116205687399671076e-01
5.573106686006549376e-02
8.315968635431304767e-02
0.000000000000000000e+00
0.000000000000000000e+00
0.000000000000000000e+00
0.000000000000000000e+00
0.000000000000000000e+00
0.000000000000000000e+00
0.000000000000000000e+00
0.000000000000000000e+00
0.000000000000000000e+00
7.526253391582147078e-14
1.309843030823958539e-11
8.146575067716131140e-06
4.435597071425054563e-03
1.715966606559188090e+00
3.660836990246734146e-01
3.510064030083956954e-01
0.000000000000000000e+00
0.000000000000000000e+00
0.000000000000000000e+00
0.000000000000000000e+00
0.000000000000000000e+00
0.000000000000000000e+00
0.000000000000000000e+00
0.000000000000000000e+00
0.000000000000000000e+00
0.000000000000000000e+00
0.000000000000000000e+00
5.265020039911800840e-07
2.145085469873535234e-04
6.360607628601605557e-01
1.277777516198659757e+00
9.762220934589684873e-01
0.000000000000000000e+00
0.000000000000000000e+00
0.000000000000000000e+00
0.000000000000000000e+00
0.000000000000000000e+00
0.000000000000000000e+00
0.000000000000000000e+00
0.000000000000000000e+00
0.000000000000000000e+00
0.000000000000000000e+00
0.000000000000000000e+00
2.968776781753173341e-07
1.117189484683853097e-04
2.038874211858967833e-01
3.360777744366072461e-01
3.344847052366445084e+00
