1.546391392903669892e-01
1.771942660751869500e-02
7.708060520349089423e-03
4.193702659639075847e+00
1.630520579027231213e-03
6.610399999999999610e-02
3.757847195266396101e-01
4.544040502620565886e-03
2.608605304180242144e-03
1.804192558376214839e+00
0.000000000000000000e+00
9.293000000000001259e-01
7.613727375426757593e-01
1.397136959537872113e-03
3.577823051729727213e-03
7.978280556396445400e-01
0.000000000000000000e+00
2.417100000000000151e-03
8.412388726863615496e-01
1.919258839010254359e-03
5.293148879761651673e-03
7.383556695452730967e-01
0.000000000000000000e+00
1.944099999999999821e-03
8.989477483889397602e-01
3.012304467697805768e-03
7.903856480941535631e-03
6.914085923098507447e-01
0.000000000000000000e+00
1.553799999999999929e-04
9.213960375229353073e-01
1.333432687806399529e-02
2.451484935329738615e-02
5.261232352242748433e-01
0.000000000000000000e+00
7.460056000000000933e-05
9.450604287236793466e-01
3.333762274849481899e-02
6.649017548012277345e-02
5.842905844848288455e-01
0.000000000000000000e+00
5.375600000000000172e-08
8.841711113627369611e-01
1.313628111522390125e-02
2.611935706159991544e-02
6.848315429483941008e-01
0.000000000000000000e+00
5.367900000000000044e-09
8.854999999999996207e-01
1.073999999999999781e-02
1.129999999999999581e-02
6.816999999999993065e-01
0.000000000000000000e+00
1.658999999999999906e-10
9.164673884707990048e-01
3.666616635554959674e-02
2.532370085546526914e-02
6.334347039282518521e-01
0.000000000000000000e+00
4.893699999999999345e-10
9.356999999999995321e-01
4.106999999999998152e-02
2.661999999999999089e-02
5.982999999999998320e-01
0.000000000000000000e+00
5.397999999999999738e-11
9.795310970565116460e-01
5.556606309415445394e-02
3.496614163061799452e-02
5.484390022211059756e-01
0.000000000000000000e+00
1.592400000000000105e-10
1.113995351394109878e+00
1.193529976596511832e-01
7.122531946199046893e-02
4.515685277028956834e-01
0.000000000000000000e+00
5.238299999999999763e-11
1.376384089905855923e+00
1.602091114493365553e-01
9.649601186267570130e-02
3.370617805022821933e-01
0.000000000000000000e+00
4.377300000000000099e-11
1.770827889563047597e+00
2.502886116604932099e-01
1.472764049746074499e-01
2.371035233310428425e-01
0.000000000000000000e+00
2.461000000000000116e-12
2.436449223763551331e+00
3.685307477112770291e-01
2.192517645212729849e-01
1.693228832928655170e-01
0.000000000000000000e+00
3.633468600000000268e-12
1.347796574601375919e-01
0.000000000000000000e+00
2.445247175041575204e-03
5.787425741561239789e+00
0.000000000000000000e+00
2.803800000000000042e-02
4.682414977865043682e-01
0.000000000000000000e+00
9.410227469078283010e-05
2.116416544317935688e+00
0.000000000000000000e+00
1.682279999999999331e-01
1.207411368986443634e+00
0.000000000000000000e+00
1.486676751249794992e-05
6.904812348175876080e-01
0.000000000000000000e+00
1.869200000000000028e-02
1.360791507944181911e+00
0.000000000000000000e+00
2.735987141480943511e-05
6.254516051051591807e-01
0.000000000000000000e+00
5.607600000000000084e-02
1.449299805783161643e+00
0.000000000000000000e+00
4.936367665176578197e-05
5.924446339981804810e-01
0.000000000000000000e+00
2.803800000000000042e-02
1.486813046304033881e+00
0.000000000000000000e+00
2.502851301884620005e-04
5.796286157336649758e-01
0.000000000000000000e+00
1.775739999999999263e-01
1.495332483274216306e+00
0.000000000000000000e+00
9.752647168999861987e-04
5.763173093564816218e-01
0.000000000000000000e+00
5.607600000000000084e-02
1.505215327085187349e+00
0.000000000000000000e+00
1.935478875136174490e-03
5.739912404550520098e-01
0.000000000000000000e+00
4.673000000000000070e-02
1.534000000000000474e+00
0.000000000000000000e+00
2.674000000000001029e-03
5.718000000000000860e-01
0.000000000000000000e+00
9.346000000000000141e-03
1.562231000081605536e+00
0.000000000000000000e+00
3.241427482954533420e-03
5.694427833267319272e-01
0.000000000000000000e+00
4.673000000000000070e-02
1.597000000000000419e+00
0.000000000000000000e+00
3.888999999999999662e-03
5.667000000000000925e-01
0.000000000000000000e+00
9.346000000000000141e-03
1.663859133015737957e+00
0.000000000000000000e+00
4.719861254520191923e-03
5.625669019556803763e-01
0.000000000000000000e+00
4.673000000000000070e-02
1.851557404406874774e+00
0.000000000000000000e+00
6.226349234428147847e-03
5.538016202780662312e-01
0.000000000000000000e+00
6.542200000000000792e-02
2.448880592842832993e+00
0.000000000000000000e+00
1.142437767424514181e-02
5.112867165658860902e-01
0.000000000000000000e+00
1.214979999999999671e-01
2.905687943412102570e+00
0.000000000000000000e+00
1.517799282348946018e-02
4.746634068071314272e-01
0.000000000000000000e+00
1.869200000000000028e-02
3.909941201967562119e+00
0.000000000000000000e+00
2.502813497242076246e-02
3.898303759174912564e-01
0.000000000000000000e+00
1.028059999999999807e-01
