1.891889098103363975e-01
1.342068438279984087e-02
5.466036486801179733e-03
3.265304414410733269e+00
3.050719222037037216e-04
3.526139999999999830e-01
3.445877426781006059e-01
3.472439449101320710e-03
2.180697977244861092e-03
1.751197174505918053e+00
0.000000000000000000e+00
5.869800000000000573e-01
4.829000000000001069e-01
9.913999999999999202e-04
1.423999999999999702e-03
1.116000000000000103e+00
0.000000000000000000e+00
1.830000000000000029e-02
5.550455123110691336e-01
1.093737302043203173e-03
1.645404629738557575e-03
1.025348442070661781e+00
0.000000000000000000e+00
2.809100000000000139e-02
7.849769297475001073e-01
1.754232086453864567e-03
4.456663970621089176e-03
7.877579390612398091e-01
0.000000000000000000e+00
1.390158999999999839e-02
9.146355179248728540e-01
3.975370038540375524e-03
9.851416096482825194e-03
6.777861625793309974e-01
0.000000000000000000e+00
8.441999999999999472e-05
8.944000000000000838e-01
5.231000000000001274e-03
1.064000000000000536e-02
7.099000000000003086e-01
0.000000000000000000e+00
7.568999999999999868e-06
9.025578942158638540e-01
7.811429985464796513e-03
1.635320702712799237e-02
5.729584454434810681e-01
0.000000000000000000e+00
1.294200000000000077e-05
8.934999999999998499e-01
8.919000000000001580e-03
1.554000000000000520e-02
6.633999999999999897e-01
0.000000000000000000e+00
1.163999999999999994e-06
9.267732042952344651e-01
1.442182942448895500e-02
2.435039194366349358e-02
4.096987346274080788e-01
0.000000000000000000e+00
1.985600000000000098e-06
9.359955067161459530e-01
3.097857000187486526e-02
4.210240831606663903e-02
5.590625039697956211e-01
0.000000000000000000e+00
5.699699310000002405e-07
1.342845657464531772e+00
1.558204725319443651e-01
9.374767900099363616e-02
3.512826449825195985e-01
0.000000000000000000e+00
7.861499999999999167e-11
2.001360963434458462e+00
2.938741038172898445e-01
1.731484376061726838e-01
2.077535913862948169e-01
0.000000000000000000e+00
5.244800000000000432e-12
3.371073101885868617e+00
5.168992266092504728e-01
3.139847617845857308e-01
1.135480667290647422e-01
0.000000000000000000e+00
8.496686000000000536e-13
1.856959682028254122e-01
0.000000000000000000e+00
8.652131652769974764e-04
4.254408323326168251e+00
0.000000000000000000e+00
5.607600000000000084e-02
4.230605460066016454e-01
0.000000000000000000e+00
6.863837698483361461e-06
1.866602995203764381e+00
0.000000000000000000e+00
7.476800000000000113e-02
6.835999999999999854e-01
0.000000000000000000e+00
5.531000000000000915e-06
1.048000000000000265e+00
0.000000000000000000e+00
9.346000000000000141e-03
8.224868724110321327e-01
0.000000000000000000e+00
6.398789434275315398e-06
9.368159470477013251e-01
0.000000000000000000e+00
2.803800000000000042e-02
1.259927132478812384e+00
0.000000000000000000e+00
2.301303326768413773e-05
6.740195521769717368e-01
0.000000000000000000e+00
1.214979999999999671e-01
1.469243992654009512e+00
0.000000000000000000e+00
6.865424557153784659e-05
5.857020988604053624e-01
0.000000000000000000e+00
3.738400000000000056e-02
1.481000000000000094e+00
0.000000000000000000e+00
9.360999999999999313e-05
5.818000000000003169e-01
0.000000000000000000e+00
9.346000000000000141e-03
1.485751031812420742e+00
0.000000000000000000e+00
1.297369376514551564e-04
5.799746484848565808e-01
0.000000000000000000e+00
3.738400000000000056e-02
1.488999999999999657e+00
0.000000000000000000e+00
1.760000000000000225e-04
5.788999999999998591e-01
0.000000000000000000e+00
9.346000000000000141e-03
1.491001497611848414e+00
0.000000000000000000e+00
2.432351068774828682e-04
5.782746189850010987e-01
0.000000000000000000e+00
3.738400000000000056e-02
1.535662486529885795e+00
0.000000000000000000e+00
1.994008563774680824e-03
5.728563493401475082e-01
0.000000000000000000e+00
2.897259999999999835e-01
2.432422830844295003e+00
0.000000000000000000e+00
1.128073153704562369e-02
5.124708006167062457e-01
0.000000000000000000e+00
1.682279999999999331e-01
3.323438003444424638e+00
0.000000000000000000e+00
1.856031420674430013e-02
4.409054363755428030e-01
0.000000000000000000e+00
5.607600000000000084e-02
4.791851573030214695e+00
0.000000000000000000e+00
3.618991845004628644e-02
3.099553777932838594e-01
0.000000000000000000e+00
6.542200000000000792e-02
