1.083158462984429304e-01
6.518156750088333062e-02
2.748557805636514962e-03
4.662631427446130988e-03
3.025336037966371797e-03
5.770180374955429360e-05
7.339087654212557057e-06
1.626022542611879160e-05
2.085417486607432401e-06
4.635127075105641054e-06
2.682152260132358598e-06
0.000000000000000000e+00
0.000000000000000000e+00
0.000000000000000000e+00
0.000000000000000000e+00
2.640845271806206429e-01
2.377919850220557366e-02
2.912253651552671255e-02
2.448421265377102168e-02
6.094119410423192882e-04
7.836039536891130450e-05
1.743214353098424397e-04
2.243247162280402710e-05
4.991800071229572004e-05
2.902112155089239017e-05
1.936335715083762638e-15
0.000000000000000000e+00
0.000000000000000000e+00
0.000000000000000000e+00
0.000000000000000000e+00
1.815899999999999737e-01
1.917861999999999623e-01
1.039175200000002353e-01
2.647743000000000579e-03
3.408420000000000004e-04
7.585820000000002665e-04
9.765310000000000190e-05
2.173355999999999932e-04
1.264431789999998900e-04
0.000000000000000000e+00
0.000000000000000000e+00
0.000000000000000000e+00
0.000000000000000000e+00
0.000000000000000000e+00
0.000000000000000000e+00
3.064654919534978705e-01
2.381569799108724794e-01
5.557764971906750152e-03
7.154472462102386349e-04
1.592305452650024039e-03
2.049792409155969510e-04
4.561984514563050637e-04
2.651965208811517282e-04
2.487526814072420971e-07
0.000000000000000000e+00
0.000000000000000000e+00
0.000000000000000000e+00
0.000000000000000000e+00
0.000000000000000000e+00
0.000000000000000000e+00
6.231501573212134826e-01
1.009857703232175108e-01
1.247177642804557333e-02
2.775729933710666814e-02
3.573236767454345333e-03
7.952523708858436763e-03
4.615184450469132088e-03
1.101628424050146584e-05
1.646584471721977993e-06
2.417104360307228430e-07
0.000000000000000000e+00
0.000000000000000000e+00
0.000000000000000000e+00
0.000000000000000000e+00
0.000000000000000000e+00
4.944647858545870300e-01
1.030265963163649601e-01
1.942375759319233952e-01
2.500453393425903365e-02
5.564970385564910887e-02
3.229597258222985379e-02
7.501160348057982978e-05
1.134143026885589255e-05
4.489549231545824994e-06
0.000000000000000000e+00
0.000000000000000000e+00
0.000000000000000000e+00
0.000000000000000000e+00
0.000000000000000000e+00
0.000000000000000000e+00
2.620379999999999376e-01
4.164643000000001760e-01
4.539159999999999723e-02
1.010228000000001070e-01
5.862804279999982160e-02
1.361711799999998308e-04
2.058882999999999715e-05
8.238296500000002516e-06
0.000000000000000000e+00
0.000000000000000000e+00
0.000000000000000000e+00
0.000000000000000000e+00
0.000000000000000000e+00
0.000000000000000000e+00
0.000000000000000000e+00
4.708600437722750276e-01
1.037988984006591037e-01
1.969243200106979286e-01
1.142828840101748761e-01
2.654379185210009443e-04
4.013358514886926977e-05
1.616092684246081673e-05
0.000000000000000000e+00
0.000000000000000000e+00
0.000000000000000000e+00
0.000000000000000000e+00
0.000000000000000000e+00
0.000000000000000000e+00
0.000000000000000000e+00
0.000000000000000000e+00
2.517039999999999833e-01
4.191269999999999163e-01
2.065288379000000119e-01
4.796926999999994671e-04
7.252608000000002237e-05
2.929583000000002746e-05
0.000000000000000000e+00
0.000000000000000000e+00
0.000000000000000000e+00
0.000000000000000000e+00
0.000000000000000000e+00
0.000000000000000000e+00
0.000000000000000000e+00
0.000000000000000000e+00
0.000000000000000000e+00
4.840516277202768780e-01
4.172222427601731676e-01
9.330916933726098039e-04
1.410797718809806095e-04
5.708691569106368670e-05
0.000000000000000000e+00
0.000000000000000000e+00
0.000000000000000000e+00
0.000000000000000000e+00
0.000000000000000000e+00
0.000000000000000000e+00
0.000000000000000000e+00
0.000000000000000000e+00
0.000000000000000000e+00
0.000000000000000000e+00
7.940401573340292174e-01
9.025476893113323906e-02
7.920580907931492123e-03
1.645915580948006897e-03
0.000000000000000000e+00
0.000000000000000000e+00
0.000000000000000000e+00
0.000000000000000000e+00
0.000000000000000000e+00
0.000000000000000000e+00
0.000000000000000000e+00
0.000000000000000000e+00
0.000000000000000000e+00
0.000000000000000000e+00
1.097019100793192661e-02
1.013067152415497718e+00
1.953611227304708764e-01
2.964047017674616494e-02
0.000000000000000000e+00
0.000000000000000000e+00
0.000000000000000000e+00
0.000000000000000000e+00
0.000000000000000000e+00
0.000000000000000000e+00
0.000000000000000000e+00
0.000000000000000000e+00
0.000000000000000000e+00
0.000000000000000000e+00
6.480324687455665507e-04
4.793877314391201128e-01
1.178595551770468486e+00
1.693321948057817938e-01
0.000000000000000000e+00
0.000000000000000000e+00
0.000000000000000000e+00
0.000000000000000000e+00
0.000000000000000000e+00
0.000000000000000000e+00
0.000000000000000000e+00
0.000000000000000000e+00
0.000000000000000000e+00
0.000000000000000000e+00
7.262708559172363892e-04
4.422665818920051839e-01
1.077318121187562650e+00
1.536372371710082563e+00
8.363440638313431041e-02
8.802105383336697453e-02
2.918044109547822916e-03
5.417290066987687051e-03
4.653045150350470539e-03
1.185424655122826429e-04
1.525885546658809641e-05
3.396033013264001594e-05
4.371537920114581436e-06
9.729536978223487809e-06
5.638059221835716219e-06
0.000000000000000000e+00
0.000000000000000000e+00
0.000000000000000000e+00
0.000000000000000000e+00
2.777913947383996440e-01
3.733976832973587984e-02
5.692593211124045288e-02
4.901569318412570680e-02
1.250184555502016452e-03
1.609381426556159270e-04
3.581881639347336875e-04
4.611025238370389224e-05
1.026226219805531832e-04
5.967193442831734800e-05
0.000000000000000000e+00
0.000000000000000000e+00
0.000000000000000000e+00
0.000000000000000000e+00
0.000000000000000000e+00
1.162699999999999984e-01
3.301085999999999188e-01
2.280478100000002672e-01
5.817068000000000759e-03
7.488410000000000899e-04
1.666640000000003518e-03
2.145489999999999409e-04
4.774997000000003370e-04
2.778039829999995650e-04
0.000000000000000000e+00
0.000000000000000000e+00
0.000000000000000000e+00
0.000000000000000000e+00
0.000000000000000000e+00
0.000000000000000000e+00
3.080082197737348815e-01
4.952712533991152077e-01
1.216631669801116443e-02
1.566195258819409308e-03
3.485766486793130496e-03
4.487300131467648130e-04
9.986878785478634207e-04
5.805514081455879702e-04
5.508603305439002669e-07
0.000000000000000000e+00
0.000000000000000000e+00
0.000000000000000000e+00
0.000000000000000000e+00
0.000000000000000000e+00
0.000000000000000000e+00
9.162268479156572276e-01
2.188844600163085130e-01
2.763862309348456836e-02
6.151334720549090501e-02
7.918768793267111361e-03
1.762390564573457566e-02
1.022792436528696496e-02
2.438598927331446894e-05
3.671327250396027571e-06
5.459750545006493859e-07
0.000000000000000000e+00
0.000000000000000000e+00
0.000000000000000000e+00
0.000000000000000000e+00
0.000000000000000000e+00
6.048680691652856822e-01
2.032072179559690217e-01
4.177948099090001977e-01
5.378362553603916602e-02
1.197001465960021854e-01
6.946726522476125154e-02
1.613466943828833155e-04
2.439490929940360946e-05
9.657349881848195766e-06
0.000000000000000000e+00
0.000000000000000000e+00
0.000000000000000000e+00
0.000000000000000000e+00
0.000000000000000000e+00
0.000000000000000000e+00
2.218239999999998824e-01
8.183979999999998478e-01
9.737230000000002272e-02
2.167100000000000415e-01
1.257664715000000044e-01
2.921091700000000573e-04
4.416639000000001066e-05
1.767248200000000479e-05
0.000000000000000000e+00
0.000000000000000000e+00
0.000000000000000000e+00
0.000000000000000000e+00
0.000000000000000000e+00
0.000000000000000000e+00
0.000000000000000000e+00
6.115637898134888006e-01
2.054703012960479025e-01
4.227383154749698724e-01
2.453325447186628927e-01
5.698184812069906346e-04
8.615523950776239571e-05
3.469359911668614744e-05
0.000000000000000000e+00
0.000000000000000000e+00
0.000000000000000000e+00
0.000000000000000000e+00
0.000000000000000000e+00
0.000000000000000000e+00
0.000000000000000000e+00
0.000000000000000000e+00
2.229029999999999345e-01
8.231789999999993279e-01
4.417351871000002594e-01
1.025992099999999910e-03
1.551226000000001197e-04
6.265949999999996479e-05
0.000000000000000000e+00
0.000000000000000000e+00
0.000000000000000000e+00
0.000000000000000000e+00
0.000000000000000000e+00
0.000000000000000000e+00
0.000000000000000000e+00
0.000000000000000000e+00
0.000000000000000000e+00
6.132712303960549116e-01
8.749143129917759110e-01
1.995931210498601890e-03
3.017770686259825356e-04
1.221126769872599377e-04
0.000000000000000000e+00
0.000000000000000000e+00
0.000000000000000000e+00
0.000000000000000000e+00
0.000000000000000000e+00
0.000000000000000000e+00
0.000000000000000000e+00
0.000000000000000000e+00
0.000000000000000000e+00
0.000000000000000000e+00
1.306699484633258024e+00
2.041776344773056084e-01
1.866632899385125763e-02
4.087151496370574656e-03
0.000000000000000000e+00
0.000000000000000000e+00
0.000000000000000000e+00
0.000000000000000000e+00
0.000000000000000000e+00
0.000000000000000000e+00
0.000000000000000000e+00
0.000000000000000000e+00
0.000000000000000000e+00
0.000000000000000000e+00
1.061686430791753668e-03
1.719264861650338538e+00
6.207585473416578070e-01
8.009752235251328678e-02
0.000000000000000000e+00
0.000000000000000000e+00
0.000000000000000000e+00
0.000000000000000000e+00
0.000000000000000000e+00
0.000000000000000000e+00
0.000000000000000000e+00
0.000000000000000000e+00
0.000000000000000000e+00
0.000000000000000000e+00
2.324159380107792727e-06
3.619837347349205148e-01
2.558936322841805389e+00
3.839177832869450357e-01
0.000000000000000000e+00
0.000000000000000000e+00
0.000000000000000000e+00
0.000000000000000000e+00
0.000000000000000000e+00
0.000000000000000000e+00
0.000000000000000000e+00
0.000000000000000000e+00
0.000000000000000000e+00
0.000000000000000000e+00
1.501573014958159745e-06
1.561700225067226833e-01
1.329005195994445776e+00
3.270379007205553634e+00
