1.360000000000001208e-01
2.878999999999999615e-02
1.238000000000000211e-02
4.527000000000001023e+00
9.432000000000001147e-03
7.084000000000000019e-03
1.778601370850150520e-01
1.473080669813081091e-02
6.532449862604741177e-03
3.631258047536153555e+00
3.580146267405617702e-04
1.290899999999999825e-01
2.052163479632892751e-01
1.195902944496344232e-02
4.719499835843824972e-03
2.860933294100774127e+00
0.000000000000000000e+00
3.387400000000000411e-01
2.451000000000000123e-01
7.542000000000000960e-03
3.563000000000001496e-03
2.298999999999999932e+00
0.000000000000000000e+00
1.136000000000000065e-01
3.075000000000001621e-01
1.892999999999999934e-03
1.572000000000000697e-03
1.739000000000000323e+00
0.000000000000000000e+00
9.750000000000000333e-02
3.610999999999998100e-01
1.208999999999999788e-03
1.507999999999999358e-03
1.393999999999999684e+00
0.000000000000000000e+00
8.040999999999999537e-02
3.293999999999999706e-01
9.475999999999997229e-04
1.379999999999999500e-03
1.783999999999999364e+00
0.000000000000000000e+00
6.339000000000000190e-02
4.605961592996610232e-01
9.276834673269178334e-04
1.305848009141940104e-03
1.380915069419912378e+00
0.000000000000000000e+00
8.401999999999999746e-02
4.611000000000001764e-01
9.776000000000003437e-04
1.351000000000000855e-03
1.091000000000000414e+00
0.000000000000000000e+00
2.576000000000000165e-02
4.829000000000001069e-01
9.913999999999999202e-04
1.423999999999999702e-03
1.116000000000000103e+00
0.000000000000000000e+00
1.830000000000000029e-02
5.193000000000000949e-01
1.064000000000000492e-03
1.528000000000000929e-03
1.072000000000000508e+00
0.000000000000000000e+00
1.286999999999999950e-02
5.601999999999999202e-01
1.090000000000000257e-03
1.645999999999999894e-03
1.014000000000000234e+00
0.000000000000000000e+00
8.987000000000000197e-03
6.135236934818202315e-01
1.160761749641507894e-03
1.905951685893678138e-03
9.559715690747109251e-01
0.000000000000000000e+00
1.057299999999999907e-02
6.734999999999999876e-01
1.227999999999999925e-03
2.323999999999999677e-03
8.860000000000001208e-01
0.000000000000000000e+00
3.004999999999999859e-03
7.086999999999995525e-01
1.353999999999999518e-03
2.795999999999999441e-03
8.517999999999994465e-01
0.000000000000000000e+00
2.075000000000000022e-03
7.572999999999999732e-01
1.377999999999999234e-03
3.384000000000000289e-03
7.913999999999997703e-01
0.000000000000000000e+00
1.430999999999999980e-03
7.656000000000000583e-01
1.416999999999999857e-03
3.778999999999999374e-03
8.044999999999998819e-01
0.000000000000000000e+00
9.860999999999999540e-04
8.239007194961388558e-01
1.689843850029762841e-03
4.585220064295402430e-03
7.474607308447381859e-01
0.000000000000000000e+00
1.467099999999999828e-03
8.609999999999995435e-01
1.978000000000000591e-03
5.690999999999999011e-03
7.173999999999999266e-01
0.000000000000000000e+00
2.204999999999999929e-04
8.474999999999995870e-01
2.176999999999999248e-03
6.012999999999997514e-03
7.491000000000000991e-01
0.000000000000000000e+00
1.519000000000000059e-04
8.716999999999996973e-01
2.356000000000000021e-03
6.490999999999997640e-03
7.191000000000000725e-01
0.000000000000000000e+00
1.045999999999999946e-04
8.989477483889397602e-01
3.012304467697805768e-03
7.903856480941535631e-03
6.914085923098507447e-01
0.000000000000000000e+00
1.553799999999999929e-04
9.274000000000000021e-01
3.754000000000001259e-03
9.809999999999999276e-03
6.602999999999998870e-01
0.000000000000000000e+00
2.335999999999999996e-05
9.025299273965855518e-01
5.262253595277095568e-03
1.232736465281024200e-02
6.661392270855019948e-01
0.000000000000000000e+00
4.342399999999999624e-05
9.025832825618194111e-01
9.434645117768605815e-03
1.764551350238236990e-02
5.265345759927662073e-01
0.000000000000000000e+00
4.157000000000000179e-06
9.117961096029645329e-01
9.935946363026592482e-03
1.885709954590341492e-02
5.103870074939019785e-01
0.000000000000000000e+00
1.963600000000000139e-06
9.238000000000002876e-01
1.724000000000000532e-02
2.559000000000000510e-02
4.451000000000001067e-01
0.000000000000000000e+00
5.493999999999999830e-07
9.618000000000003213e-01
1.415000000000000459e-02
2.813000000000000569e-02
1.628000000000000280e-01
0.000000000000000000e+00
3.773999999999999781e-07
8.909000000000002473e-01
1.540000000000000917e-02
2.148999999999999869e-02
6.782000000000001361e-01
0.000000000000000000e+00
2.591999999999999917e-07
9.376288287568437241e-01
1.614844636548045179e-02
3.833883689042432569e-02
3.826371821477329016e-01
0.000000000000000000e+00
3.005000000000000240e-07
9.493000000000000327e-01
1.674999999999999406e-02
4.315999999999999698e-02
2.776000000000001244e-01
0.000000000000000000e+00
8.432000000000000330e-08
8.931999999999997719e-01
3.957999999999998325e-02
2.495999999999999608e-02
7.248999999999996557e-01
0.000000000000000000e+00
5.794999999999999944e-08
9.657999999999997698e-01
2.440000000000000502e-02
3.008999999999998481e-02
5.123999999999999666e-01
0.000000000000000000e+00
3.982000000000000187e-08
1.010999999999999677e+00
3.800999999999998824e-02
9.606000000000000649e-02
2.048999999999999433e-01
0.000000000000000000e+00
2.736999999999999958e-08
8.949000000000004729e-01
3.212000000000001659e-02
2.535999999999999713e-02
7.172000000000001707e-01
0.000000000000000000e+00
1.879999999999999960e-08
1.057000000000000828e+00
3.707000000000001266e-02
1.379000000000000503e-01
2.680000000000002380e-01
0.000000000000000000e+00
1.291999999999999922e-08
8.893276822096425338e-01
3.921130645631275974e-02
3.199909128173468453e-02
7.343770339304473982e-01
0.000000000000000000e+00
1.915100000000000056e-08
9.563283401270188389e-01
9.375418936872765077e-03
8.262058476021798270e-02
5.114967426892086388e-01
0.000000000000000000e+00
6.230999999999999679e-09
8.766999999999998128e-01
2.370999999999999497e-02
2.089999999999999497e-02
7.131999999999996120e-01
0.000000000000000000e+00
9.363999999999999924e-10
8.729000000000001203e-01
1.064999999999999801e-02
1.106000000000000039e-02
7.124999999999999112e-01
0.000000000000000000e+00
6.435000000000000009e-10
8.838999999999994639e-01
1.128000000000000010e-02
1.443999999999999277e-02
6.906000000000001027e-01
0.000000000000000000e+00
4.420000000000000246e-10
8.878581014640977154e-01
1.128186161302665788e-02
1.169134449829702972e-02
6.764319009844629305e-01
0.000000000000000000e+00
3.035999999999999649e-10
8.983999999999999764e-01
1.578999999999999501e-02
1.509999999999999711e-02
6.569000000000002615e-01
0.000000000000000000e+00
1.139000000000000022e-10
9.261000000000004784e-01
4.876000000000001861e-02
3.355999999999999955e-02
6.229000000000000092e-01
0.000000000000000000e+00
9.426000000000000589e-11
9.374999999999998890e-01
6.350000000000000089e-02
3.836000000000000520e-02
6.069999999999999840e-01
0.000000000000000000e+00
7.839000000000000020e-11
9.307999999999994056e-01
4.433999999999997665e-02
2.799999999999999364e-02
6.083999999999999408e-01
0.000000000000000000e+00
6.512000000000000363e-11
9.356999999999995321e-01
4.106999999999998152e-02
2.661999999999999089e-02
5.982999999999998320e-01
0.000000000000000000e+00
5.397999999999999738e-11
9.444000000000003503e-01
4.271000000000001184e-02
2.776000000000000342e-02
5.846000000000000085e-01
0.000000000000000000e+00
4.475000000000000056e-11
9.567999999999997618e-01
4.667999999999996458e-02
3.007999999999998522e-02
5.688999999999996282e-01
0.000000000000000000e+00
3.709999999999999984e-11
9.736000000000002430e-01
5.266000000000000542e-02
3.342999999999999444e-02
5.512000000000001343e-01
0.000000000000000000e+00
3.075999999999999899e-11
9.955000000000000515e-01
6.105000000000000010e-02
3.803999999999999049e-02
5.316999999999997284e-01
0.000000000000000000e+00
2.549000000000000064e-11
1.061634431161160741e+00
9.399562955979523515e-02
5.625620702851261146e-02
4.840496543413543851e-01
0.000000000000000000e+00
5.409499999999999518e-11
1.131000000000000005e+00
1.315999999999999115e-01
7.804999999999998050e-02
4.410999999999998811e-01
0.000000000000000000e+00
6.952000000000000266e-12
1.148999999999999577e+00
1.373000000000000054e-01
8.198999999999999344e-02
4.306000000000003158e-01
0.000000000000000000e+00
6.471000000000000195e-12
1.170886268580331846e+00
1.344752055355855624e-01
8.156829943617122103e-02
4.182330953356608871e-01
0.000000000000000000e+00
1.157100000000000068e-11
1.189999999999999947e+00
1.281999999999999806e-01
7.869999999999999218e-02
4.073999999999998733e-01
0.000000000000000000e+00
5.130000000000000153e-12
1.217099452812468785e+00
1.261114181488089125e-01
7.769685088928535155e-02
3.938559826681700682e-01
0.000000000000000000e+00
9.050000000000000414e-12
1.265682089479386319e+00
1.318742377266026167e-01
8.084247813778221159e-02
3.720125480051152400e-01
0.000000000000000000e+00
7.534999999999999700e-12
1.312000000000000721e+00
1.412999999999999534e-01
8.595999999999999475e-02
3.535000000000000364e-01
0.000000000000000000e+00
3.247000000000000200e-12
1.348999999999999533e+00
1.498999999999999222e-01
9.071999999999992570e-02
3.398999999999998689e-01
0.000000000000000000e+00
2.913999999999999902e-12
1.414933934824050388e+00
1.663107918699703591e-01
9.981676646750849147e-02
3.184652032248695974e-01
0.000000000000000000e+00
4.929000000000000505e-12
1.491999999999999993e+00
1.859000000000000652e-01
1.106999999999999929e-01
2.960999999999999743e-01
0.000000000000000000e+00
2.034000000000000017e-12
1.554999999999999938e+00
2.015000000000000124e-01
1.194000000000000339e-01
2.802000000000000046e-01
0.000000000000000000e+00
1.811999999999999953e-12
1.628999999999999559e+00
2.192999999999999394e-01
1.294999999999999485e-01
2.634999999999999010e-01
0.000000000000000000e+00
1.556000000000000034e-12
1.719000000000000750e+00
2.393999999999999739e-01
1.410000000000000142e-01
2.459000000000000075e-01
0.000000000000000000e+00
1.333000000000000076e-12
1.827999999999999403e+00
2.622999999999999221e-01
1.541999999999999760e-01
2.273999999999998245e-01
0.000000000000000000e+00
1.128000000000000040e-12
1.960999999999999410e+00
2.882999999999999452e-01
1.694999999999999563e-01
2.081999999999998852e-01
0.000000000000000000e+00
9.379000000000000728e-13
2.123000000000000664e+00
3.183000000000000829e-01
1.873000000000000220e-01
1.886000000000000176e-01
0.000000000000000000e+00
7.665999999999999849e-13
2.318999999999999062e+00
3.530000000000000360e-01
2.083000000000000684e-01
1.691000000000000281e-01
0.000000000000000000e+00
6.074000000000000170e-13
2.558000000000000718e+00
3.938999999999998614e-01
2.337000000000000466e-01
1.499000000000000887e-01
0.000000000000000000e+00
4.719000000000000390e-13
2.852000000000000313e+00
4.433999999999997943e-01
2.648999999999999133e-01
1.314999999999999780e-01
0.000000000000000000e+00
3.505000000000000211e-13
3.228000000000000647e+00
5.046000000000000485e-01
3.044000000000000594e-01
1.134999999999999898e-01
0.000000000000000000e+00
2.499999999999999950e-13
3.740000000000001545e+00
5.824000000000003618e-01
3.557000000000001827e-01
9.576000000000001178e-02
0.000000000000000000e+00
1.479000000000000059e-13
4.901055538308711768e+00
7.192176008384753017e-01
4.518416476848348129e-01
7.220730340598013886e-02
0.000000000000000000e+00
9.517999999999999177e-14
9.170999999999997598e+00
9.896999999999996911e-01
6.816000000000000947e-01
3.695999999999998592e-02
0.000000000000000000e+00
5.736999999999999940e-15
1.976000000000000512e+01
1.266000000000001124e+00
1.037000000000000144e+00
1.703000000000000694e-02
0.000000000000000000e+00
3.515999999999999842e-16
1.111999999999999794e-01
0.000000000000000000e+00
4.648999999999998620e-03
6.296000000000000263e+00
0.000000000000000000e+00
9.346000000000000141e-03
1.602222532882291717e-01
0.000000000000000000e+00
1.873447494222851969e-03
4.942068369223303392e+00
0.000000000000000000e+00
2.803800000000000042e-02
2.213424735674017207e-01
0.000000000000000000e+00
1.231615314483663752e-05
3.426981983121674791e+00
0.000000000000000000e+00
2.803800000000000042e-02
2.953000000000000624e-01
0.000000000000000000e+00
5.715000000000002881e-06
2.444000000000000394e+00
0.000000000000000000e+00
9.346000000000000141e-03
3.770000000000002238e-01
0.000000000000000000e+00
5.635000000000002800e-06
1.768000000000001792e+00
0.000000000000000000e+00
9.346000000000000141e-03
4.462000000000000965e-01
0.000000000000000000e+00
5.839000000000002032e-06
1.419999999999999263e+00
0.000000000000000000e+00
9.346000000000000141e-03
4.284000000000000030e-01
0.000000000000000000e+00
6.463000000000002326e-06
1.750999999999999890e+00
0.000000000000000000e+00
9.346000000000000141e-03
5.905987433193764513e-01
0.000000000000000000e+00
1.062596109101299686e-05
1.363124577198149945e+00
0.000000000000000000e+00
1.869200000000000028e-02
6.324999999999999512e-01
0.000000000000000000e+00
6.563999999999999326e-06
1.034000000000000030e+00
0.000000000000000000e+00
9.346000000000000141e-03
6.835999999999999854e-01
0.000000000000000000e+00
5.531000000000000915e-06
1.048000000000000265e+00
0.000000000000000000e+00
9.346000000000000141e-03
7.518999999999996797e-01
0.000000000000000000e+00
5.745000000000000052e-06
9.951999999999997515e-01
0.000000000000000000e+00
9.346000000000000141e-03
8.261000000000000565e-01
0.000000000000000000e+00
6.327000000000000579e-06
9.321000000000001506e-01
0.000000000000000000e+00
9.346000000000000141e-03
9.404476246786651616e-01
0.000000000000000000e+00
7.784927962627456803e-06
8.459361209112656876e-01
0.000000000000000000e+00
1.869200000000000028e-02
1.050000000000000266e+00
0.000000000000000000e+00
9.748000000000002214e-06
7.733000000000005425e-01
0.000000000000000000e+00
9.346000000000000141e-03
1.117999999999999661e+00
0.000000000000000000e+00
1.148999999999999672e-05
7.350000000000000977e-01
0.000000000000000000e+00
9.346000000000000141e-03
1.180999999999999828e+00
0.000000000000000000e+00
1.359999999999999854e-05
7.030999999999999472e-01
0.000000000000000000e+00
9.346000000000000141e-03
1.235000000000000098e+00
0.000000000000000000e+00
1.618999999999999915e-05
6.773000000000001242e-01
0.000000000000000000e+00
9.346000000000000141e-03
1.320049752837210599e+00
0.000000000000000000e+00
2.191880895909765198e-05
6.412503002895074689e-01
0.000000000000000000e+00
2.803800000000000042e-02
1.382999999999999785e+00
0.000000000000000000e+00
2.887000000000000311e-05
6.162999999999999590e-01
0.000000000000000000e+00
9.346000000000000141e-03
1.406000000000000361e+00
0.000000000000000000e+00
3.296000000000000969e-05
6.081000000000001959e-01
0.000000000000000000e+00
9.346000000000000141e-03
1.422999999999999821e+00
0.000000000000000000e+00
3.760000000000000592e-05
6.017000000000001236e-01
0.000000000000000000e+00
9.346000000000000141e-03
1.449299805783161643e+00
0.000000000000000000e+00
4.936367665176578197e-05
5.924446339981804810e-01
0.000000000000000000e+00
2.803800000000000042e-02
1.466999999999999860e+00
0.000000000000000000e+00
6.371999999999999301e-05
5.863999999999998103e-01
0.000000000000000000e+00
9.346000000000000141e-03
1.479801787173406824e+00
0.000000000000000000e+00
9.509302464638800438e-05
5.820793705391336115e-01
0.000000000000000000e+00
4.673000000000000070e-02
1.487500441772794391e+00
0.000000000000000000e+00
1.460081286194169718e-04
5.793998232908821322e-01
0.000000000000000000e+00
1.869200000000000028e-02
1.489499451410698949e+00
0.000000000000000000e+00
1.877371081514389172e-04
5.787501645767900715e-01
0.000000000000000000e+00
1.869200000000000028e-02
1.491000000000000547e+00
0.000000000000000000e+00
2.261999999999999146e-04
5.783000000000000362e-01
0.000000000000000000e+00
9.346000000000000141e-03
1.491000000000000325e+00
0.000000000000000000e+00
2.563999999999998897e-04
5.781999999999999362e-01
0.000000000000000000e+00
9.346000000000000141e-03
1.492000000000000215e+00
0.000000000000000000e+00
2.906000000000001247e-04
5.780000000000000693e-01
0.000000000000000000e+00
9.346000000000000141e-03
1.491999999999999993e+00
0.000000000000000000e+00
3.514107110198082143e-04
5.778498617061054166e-01
0.000000000000000000e+00
1.869200000000000028e-02
1.492000000000001325e+00
0.000000000000000000e+00
4.230000000000001988e-04
5.776000000000003354e-01
0.000000000000000000e+00
9.346000000000000141e-03
1.492999999999999883e+00
0.000000000000000000e+00
4.793999999999997807e-04
5.774999999999997913e-01
0.000000000000000000e+00
9.346000000000000141e-03
1.492999999999999883e+00
0.000000000000000000e+00
5.432999999999999245e-04
5.774000000000000243e-01
0.000000000000000000e+00
9.346000000000000141e-03
1.493000000000000105e+00
0.000000000000000000e+00
6.156999999999999496e-04
5.772999999999999243e-01
0.000000000000000000e+00
9.346000000000000141e-03
1.493999999999999106e+00
0.000000000000000000e+00
6.975999999999999346e-04
5.770999999999998353e-01
0.000000000000000000e+00
9.346000000000000141e-03
1.494000000000000217e+00
0.000000000000000000e+00
7.906000000000000267e-04
5.767000000000001014e-01
0.000000000000000000e+00
9.346000000000000141e-03
1.495666633139858703e+00
0.000000000000000000e+00
1.020312833533079146e-03
5.761667100611618242e-01
0.000000000000000000e+00
2.803800000000000042e-02
1.497334663320468717e+00
0.000000000000000000e+00
1.485432231836687073e-03
5.753326045472991757e-01
0.000000000000000000e+00
2.803800000000000042e-02
1.497000000000000552e+00
0.000000000000000000e+00
1.897000000000000899e-03
5.741000000000001657e-01
0.000000000000000000e+00
9.346000000000000141e-03
1.509999999999999787e+00
0.000000000000000000e+00
2.149999999999999568e-03
5.732000000000000428e-01
0.000000000000000000e+00
9.346000000000000141e-03
1.522999999999999687e+00
0.000000000000000000e+00
2.435999999999999364e-03
5.724000000000001309e-01
0.000000000000000000e+00
9.346000000000000141e-03
1.538017424430370816e+00
0.000000000000000000e+00
2.760374625252967791e-03
5.714484753623427782e-01
0.000000000000000000e+00
1.869200000000000028e-02
1.550999999999999934e+00
0.000000000000000000e+00
3.028999999999999141e-03
5.702000000000001512e-01
0.000000000000000000e+00
9.346000000000000141e-03
1.560999999999999943e+00
0.000000000000000000e+00
3.224999999999998701e-03
5.694000000000000172e-01
0.000000000000000000e+00
9.346000000000000141e-03
1.572000000000001174e+00
0.000000000000000000e+00
3.432000000000001889e-03
5.687000000000002053e-01
0.000000000000000000e+00
9.346000000000000141e-03
1.583999999999999408e+00
0.000000000000000000e+00
3.652999999999999130e-03
5.678999999999999604e-01
0.000000000000000000e+00
9.346000000000000141e-03
1.597000000000000419e+00
0.000000000000000000e+00
3.888999999999999662e-03
5.667000000000000925e-01
0.000000000000000000e+00
9.346000000000000141e-03
1.610000000000000098e+00
0.000000000000000000e+00
4.140999999999998848e-03
5.654999999999998916e-01
0.000000000000000000e+00
9.346000000000000141e-03
1.628999999999999115e+00
0.000000000000000000e+00
4.406999999999999459e-03
5.641999999999999238e-01
0.000000000000000000e+00
9.346000000000000141e-03
1.653999999999999027e+00
0.000000000000000000e+00
4.692999999999998388e-03
5.627999999999997449e-01
0.000000000000000000e+00
9.346000000000000141e-03
1.687999999999999945e+00
0.000000000000000000e+00
4.992999999999999175e-03
5.611999999999996991e-01
0.000000000000000000e+00
9.346000000000000141e-03
1.783073831870576775e+00
0.000000000000000000e+00
5.684913001166041861e-03
5.572311045748773450e-01
0.000000000000000000e+00
4.673000000000000070e-02
1.868999999999999995e+00
0.000000000000000000e+00
6.350999999999999875e-03
5.530000000000000471e-01
0.000000000000000000e+00
9.346000000000000141e-03
1.896000000000000130e+00
0.000000000000000000e+00
6.581999999999999310e-03
5.514999999999997682e-01
0.000000000000000000e+00
9.346000000000000141e-03
1.938141416372440640e+00
0.000000000000000000e+00
6.975465750149530304e-03
5.487725467461556095e-01
0.000000000000000000e+00
1.869200000000000028e-02
1.980000000000000204e+00
0.000000000000000000e+00
7.388999999999999735e-03
5.459000000000001629e-01
0.000000000000000000e+00
9.346000000000000141e-03
2.034432450888542743e+00
0.000000000000000000e+00
7.900603978186803225e-03
5.420140396997511489e-01
0.000000000000000000e+00
1.869200000000000028e-02
2.125519392543348207e+00
0.000000000000000000e+00
8.662377737151073440e-03
5.360793062164685985e-01
0.000000000000000000e+00
1.869200000000000028e-02
2.201000000000000512e+00
0.000000000000000000e+00
9.288999999999998647e-03
5.310000000000001386e-01
0.000000000000000000e+00
9.346000000000000141e-03
2.261000000000000121e+00
0.000000000000000000e+00
9.792999999999997887e-03
5.266999999999996129e-01
0.000000000000000000e+00
9.346000000000000141e-03
2.368087922558574920e+00
0.000000000000000000e+00
1.070951932238753575e-02
5.184472061307791035e-01
0.000000000000000000e+00
1.869200000000000028e-02
2.479999999999999982e+00
0.000000000000000000e+00
1.169000000000000074e-02
5.092999999999999750e-01
0.000000000000000000e+00
9.346000000000000141e-03
2.572000000000000064e+00
0.000000000000000000e+00
1.250000000000000243e-02
5.014999999999997238e-01
0.000000000000000000e+00
9.346000000000000141e-03
2.683000000000001162e+00
0.000000000000000000e+00
1.344000000000000056e-02
4.923000000000002929e-01
0.000000000000000000e+00
9.346000000000000141e-03
2.819000000000000838e+00
0.000000000000000000e+00
1.452000000000000339e-02
4.814000000000001056e-01
0.000000000000000000e+00
9.346000000000000141e-03
2.985000000000001208e+00
0.000000000000000000e+00
1.578000000000000236e-02
4.685000000000001386e-01
0.000000000000000000e+00
9.346000000000000141e-03
3.182999999999999829e+00
0.000000000000000000e+00
1.728999999999999981e-02
4.530999999999999472e-01
0.000000000000000000e+00
9.346000000000000141e-03
3.413999999999999257e+00
0.000000000000000000e+00
1.910999999999999505e-02
4.345999999999999308e-01
0.000000000000000000e+00
9.346000000000000141e-03
3.673999999999999488e+00
0.000000000000000000e+00
2.136000000000001092e-02
4.125000000000002554e-01
0.000000000000000000e+00
9.346000000000000141e-03
3.964999999999998082e+00
0.000000000000000000e+00
2.419999999999998888e-02
3.868000000000000882e-01
0.000000000000000000e+00
9.346000000000000141e-03
4.284000000000000696e+00
0.000000000000000000e+00
2.788000000000000200e-02
3.559999999999998166e-01
0.000000000000000000e+00
9.346000000000000141e-03
4.642000000000001236e+00
0.000000000000000000e+00
3.291000000000000869e-02
3.191999999999999837e-01
0.000000000000000000e+00
9.346000000000000141e-03
5.064000000000002721e+00
0.000000000000000000e+00
4.012999999999999901e-02
2.763999999999998680e-01
0.000000000000000000e+00
9.346000000000000141e-03
5.926610126223036623e+00
0.000000000000000000e+00
5.687260396405106888e-02
2.117162423379378988e-01
0.000000000000000000e+00
1.869200000000000028e-02
9.059000000000001052e+00
0.000000000000000000e+00
1.119999999999999746e-01
1.152000000000000662e-01
0.000000000000000000e+00
9.346000000000000141e-03
1.752999999999999403e+01
0.000000000000000000e+00
2.351999999999999091e-01
6.053999999999998272e-02
0.000000000000000000e+00
9.346000000000000141e-03
