3.999619234280497038e-01
4.796014463141184611e-03
2.907994214921223296e-03
1.812388409662631261e+00
6.117448225502094530e-05
9.989671000000001078e-01
1.098325535558152932e+00
6.906947731861870499e-02
5.278234372356750692e-02
5.133225861232435516e-01
0.000000000000000000e+00
1.028140654640467572e-03
5.039265072937906265e-01
0.000000000000000000e+00
2.429734677736523115e-04
2.251542059550720065e+00
0.000000000000000000e+00
2.336499999999998856e-01
2.948990765463037622e+00
0.000000000000000000e+00
1.576227117791241875e-02
4.681627638013388104e-01
0.000000000000000000e+00
7.663719999999994981e-01
